"","node","neighbors","n_neighbors"
"1",1,"201, 1014, 3, 8644, 101",5
"2",2,"202, 103, 4, 101, 102, 4305",6
"3",3,"1, 7996, 203, 104, 5, 102, 859, 4, 7238",9
"4",4,"3, 2, 204, 105, 6, 103, 104, 5",8
"5",5,"4, 3, 8999, 205, 106, 7, 104, 6762, 105, 6",10
"6",6,"5, 4, 9479, 8121, 4551, 206, 105, 106, 7",9
"7",7,"6, 5, 9834, 7405, 2475, 43, 108, 9, 106, 107, 8",11
"8",8,"7, 208, 109, 10, 6450, 4273, 9780, 108, 9",9
"9",9,"8, 7, 6260, 209, 110, 11, 108, 8632, 109, 10",10
"10",10,"9, 8, 8813, 210, 12, 109, 110, 11",8
"11",11,"10, 9, 4484, 211, 112, 13, 1894, 111, 12",9
"12",12,"11, 10, 212, 113, 1095, 111, 13",7
"13",13,"11, 12, 5637, 1516, 232, 213, 15, 112, 8953, 113, 14",11
"14",14,"13, 7786, 6098, 3592, 214, 115, 16, 2217, 3893, 15",10
"15",15,"14, 13, 116, 6992, 9760, 6423, 115, 16",8
"16",16,"15, 14, 216, 117, 18, 115, 17",7
"17",17,"16, 217, 118, 19, 116, 117, 18",7
"18",18,"17, 16, 6899, 6344, 119, 20, 118, 19",8
"19",19,"18, 17, 219, 120, 21, 118, 119, 20",8
"20",20,"19, 18, 5182, 220, 121, 22, 119, 4527, 120, 21",10
"21",21,"20, 19, 221, 23, 120, 121, 22",7
"22",22,"21, 20, 982, 222, 121, 2941, 4752, 23",8
"23",23,"22, 21, 223, 25, 122, 123",6
"24",24,"568, 224, 125, 26, 123, 1114, 3755, 815, 124, 25, 6752",11
"25",25,"24, 23, 225, 126, 27, 124, 125, 26",8
"26",26,"25, 24, 226, 127, 28, 7683, 126, 27",8
"27",27,"26, 25, 4736, 1503, 29, 4325, 127, 28",8
"28",28,"27, 26, 5704, 228, 129, 30, 8607, 128, 29",9
"29",29,"28, 27, 229, 130, 31, 128, 30",7
"30",30,"28, 29, 8811, 2713, 131, 32, 129, 4632, 130, 31",10
"31",31,"30, 29, 7685, 132, 350, 130, 32",7
"32",32,"30, 31, 1529, 133, 131, 6816, 132, 4613",8
"33",33,"7635, 1038, 7631, 134, 35, 132, 133, 34",8
"34",34,"33, 4611, 234, 135, 36, 133, 6722, 35",8
"35",35,"34, 33, 6902, 235, 136, 37, 135, 36",8
"36",36,"35, 34, 236, 137, 38, 136, 37",7
"37",37,"36, 35, 237, 138, 39, 136, 137, 38",8
"38",38,"37, 36, 238, 40, 138, 39",6
"39",39,"38, 37, 8973, 5189, 239, 7360, 138, 3767, 139, 40",10
"40",40,"39, 38, 9512, 7818, 5068, 240, 141, 42, 139, 3482, 2453, 41",12
"41",41,"40, 9130, 142, 140, 4767, 80, 42",7
"42",42,"41, 40, 242, 9652, 44, 141, 142",7
"43",43,"7, 3629, 243, 144, 45, 1759, 9048, 5846, 4608, 143, 44, 6285",12
"44",44,"43, 42, 244, 145, 46, 143, 144, 45",8
"45",45,"44, 43, 6585, 3632, 2068, 1621, 146, 47, 144, 4516, 145, 46",12
"46",46,"45, 44, 246, 147, 48, 145, 9512, 146, 5034",9
"47",47,"45, 3103, 247, 148, 49, 146, 6790, 147, 48",9
"48",48,"47, 46, 5657, 1998, 248, 149, 50, 147, 148, 49",10
"49",49,"48, 47, 249, 150, 51, 148",6
"50",50,"48, 250, 149, 2466, 150, 51, 666",7
"51",51,"50, 49, 7922, 2090, 251, 150, 151, 52",8
"52",52,"51, 252, 153, 54, 151, 4740, 152, 53",8
"53",53,"52, 9730, 7082, 253, 154, 55, 152, 1003, 54",9
"54",54,"52, 53, 7560, 254, 155, 56, 153, 3777, 2221, 154, 55",11
"55",55,"54, 53, 7505, 396, 7728, 7708, 154, 1799, 155",9
"56",56,"54, 476, 256, 157, 58, 155, 6099, 156, 57, 4994",10
"57",57,"56, 1123, 5707, 156, 713, 157, 58",7
"58",58,"57, 56, 8370, 7574, 5783, 258, 8135, 60, 157, 7519, 158, 59",12
"59",59,"58, 259, 160, 61, 4891, 60",6
"60",60,"59, 58, 8452, 2488, 2366, 260, 161, 159, 4998, 61",10
"61",61,"60, 59, 4108, 261, 162, 63, 160, 62",8
"62",62,"61, 262, 163, 64, 161, 5307, 162, 63",8
"63",63,"62, 61, 6943, 2796, 263, 164, 65, 6917, 163, 64",10
"64",64,"63, 62, 264, 165, 163, 164, 65",7
"65",65,"64, 63, 265, 7525, 67, 66",6
"66",66,"65, 5906, 5117, 266, 6624, 165, 9971, 296, 67",9
"67",67,"65, 66, 5498, 4870, 5149, 168, 69, 166, 6542, 68",10
"68",68,"67, 268, 169, 70, 167, 3773, 4396, 6530",8
"69",69,"67, 8099, 269, 170, 4995, 168, 169, 7723",8
"70",70,"68, 8173, 171, 72, 169, 8798, 170, 71",8
"71",71,"70, 2624, 271, 172, 73, 170, 3595, 171, 72",9
"72",72,"71, 70, 4002, 2154, 272, 173, 171, 172",8
"73",73,"71, 273, 174, 172, 173, 74, 9220",7
"74",74,"73, 8430, 9385, 76, 8026, 4950, 5100, 174, 7303",9
"75",75,"275, 176, 174, 3302, 175, 76",6
"76",76,"75, 74, 276, 177, 78, 175, 176",7
"77",77,"4374, 277, 178, 79, 2024, 4582, 92, 177, 5407",9
"78",78,"76, 3702, 4528, 80, 177, 178, 79, 7923",8
"79",79,"78, 77, 9182, 8877, 4826, 4711, 1169, 279, 1024, 81, 178, 2166, 424, 179, 80",15
"80",80,"41, 79, 78, 280, 5887, 82, 179, 180, 81",9
"81",81,"80, 79, 3548, 281, 182, 83, 180, 181, 82",9
"82",82,"81, 80, 2828, 183, 84, 181, 182, 83",8
"83",83,"82, 81, 2670, 184, 85, 182, 84",7
"84",84,"82, 83, 4022, 284, 185, 6161, 322, 85",8
"85",85,"84, 83, 285, 186, 87, 184, 185",7
"86",86,"286, 187, 185, 2843, 541, 186, 87, 9525",8
"87",87,"86, 85, 287, 188, 89, 186, 9698, 187",8
"88",88,"288, 189, 90, 5158, 188, 89",6
"89",89,"88, 87, 6117, 289, 190, 91, 188, 189, 90",9
"90",90,"89, 88, 290, 191, 8537, 189, 91",7
"91",91,"89, 90, 291, 2026, 93, 190, 191",7
"92",92,"77, 292, 94, 191, 8733, 1108, 192",7
"93",93,"91, 293, 95, 4303, 1198, 3412, 1680",7
"94",94,"92, 294, 195, 96, 1972, 194, 95, 2580",8
"95",95,"94, 93, 7164, 196, 97, 194, 195, 96",8
"96",96,"95, 94, 296, 197, 98, 195, 196, 1765",8
"97",97,"95, 297, 198, 99, 196, 197, 98",7
"98",98,"97, 96, 298, 199, 100, 197, 5886, 99",8
"99",99,"97, 98, 8085, 299, 200, 198, 203, 199, 1953",9
"100",100,"98, 8566, 300, 199, 200",5
"101",101,"1, 2, 7390, 301, 7736, 103, 2635, 201, 102",9
"102",102,"2, 101, 3, 9633, 5305, 302, 203, 2210, 201, 202, 103",11
"103",103,"102, 2, 4, 101, 204, 105, 202, 5982, 104",9
"104",104,"4, 103, 3, 5, 304, 205, 106, 203, 204, 105",10
"105",105,"5, 104, 4, 6, 103, 5613, 4022, 2907, 305, 206, 107, 204, 106",13
"106",106,"6, 5, 7, 104, 105, 7045, 306, 207, 3415, 205, 463, 206",12
"107",107,"7, 105, 1721, 307, 812, 9550, 207, 108, 8380",9
"108",108,"8, 107, 9, 7, 7248, 308, 209, 110, 6829, 7182, 208, 109",12
"109",109,"9, 108, 8, 10, 309, 5199, 209, 110",8
"110",110,"10, 109, 9, 108, 310, 211, 112, 706, 210, 111",10
"111",111,"11, 110, 12, 3730, 212, 7942, 210, 5883, 1215, 6755, 211, 112",12
"112",112,"111, 11, 13, 110, 1223, 2753, 312, 213, 114, 211, 212, 113",12
"113",113,"13, 112, 12, 3903, 313, 214, 115, 212, 6365",9
"114",114,"112, 314, 6084, 214, 115, 6985",6
"115",115,"15, 114, 14, 16, 113, 7973, 5022, 4708, 315, 117, 214, 9697, 116",13
"116",116,"17, 15, 115, 1181, 9649, 316, 217, 118, 215, 6458, 1854, 117",12
"117",117,"17, 116, 16, 115, 2477, 9619, 8277, 6188, 4889, 317, 218, 119, 216, 217, 118",15
"118",118,"18, 117, 17, 19, 116, 318, 219, 120, 217, 119",10
"119",119,"19, 20, 117, 18, 118, 3795, 319, 7824, 121, 218, 8598, 7024, 120",13
"120",120,"20, 19, 21, 118, 119, 320, 122, 220, 121",9
"121",121,"21, 120, 20, 22, 119, 8628, 321, 222, 220, 122",10
"122",122,"23, 120, 121, 322, 223, 124, 5323, 136, 2405, 222, 123",11
"123",123,"23, 122, 24, 323, 224, 125, 222, 1158, 9812, 124",10
"124",124,"24, 25, 122, 123, 324, 225, 126, 1570, 4127, 224, 125",11
"125",125,"25, 124, 24, 123, 3520, 1674, 325, 226, 127, 224, 225, 126",12
"126",126,"26, 125, 25, 124, 7427, 5750, 326, 227, 128, 225, 226, 127",12
"127",127,"27, 126, 26, 125, 228, 226, 227, 128",8
"128",128,"28, 127, 29, 126, 328, 229, 130, 227, 4421, 9375, 129",11
"129",129,"128, 28, 30, 8585, 8354, 1696, 230, 131, 5967, 4476, 229",11
"130",130,"30, 29, 31, 128, 9234, 330, 231, 8415, 229, 230, 131, 6602",12
"131",131,"130, 30, 129, 32, 9940, 331, 1007, 133, 3923, 231, 132",11
"132",132,"32, 131, 33, 31, 5994, 332, 233, 1552, 232, 133",10
"133",133,"33, 132, 32, 34, 131, 8311, 8194, 7869, 333, 234, 9770, 232, 8414, 233, 134",15
"134",134,"133, 33, 5779, 334, 235, 136, 233, 3776, 234, 135",10
"135",135,"35, 134, 34, 691, 335, 7300, 234, 6444, 9006, 136",10
"136",136,"36, 135, 122, 35, 37, 134, 9642, 8626, 7465, 1969, 1620, 336, 237, 138, 235, 6365, 5785, 236, 137",19
"137",137,"37, 136, 36, 2912, 337, 238, 139, 236, 237, 7662",10
"138",138,"38, 37, 39, 136, 1878, 338, 239, 140, 237, 238",10
"139",139,"39, 40, 137, 339, 1569, 238, 6920, 239, 140, 7348",10
"140",140,"139, 41, 138, 340, 241, 142, 239, 6537, 5944, 4294",10
"141",141,"40, 42, 2705, 5457, 242, 143, 8166, 241, 142",9
"142",142,"42, 141, 140, 41, 342, 243, 144, 241, 242, 143",10
"143",143,"43, 142, 44, 141, 5807, 4440, 2094, 1313, 343, 244, 9348, 242, 243, 144",14
"144",144,"44, 143, 43, 45, 142, 9074, 5068, 245, 146, 243, 244, 145",12
"145",145,"45, 144, 44, 46, 345, 246, 147, 244, 9697, 2861, 245",11
"146",146,"46, 47, 144, 45, 346, 247, 9720, 245, 246, 147, 6738",11
"147",147,"47, 146, 46, 48, 145, 347, 248, 149, 246, 247",10
"148",148,"48, 47, 49, 4740, 249, 150, 247, 8744, 248, 149, 2981",11
"149",149,"148, 48, 50, 147, 8525, 349, 250, 151, 248, 150",10
"150",150,"50, 49, 51, 148, 149, 6788, 350, 251, 152, 249, 250, 151",12
"151",151,"51, 150, 52, 149, 351, 252, 153, 6880, 889, 4390",10
"152",152,"52, 53, 150, 9254, 2617, 352, 253, 154, 251, 4154, 252, 153",12
"153",153,"152, 52, 54, 151, 1633, 4829, 214, 8879, 155, 252, 1272, 154",12
"154",154,"54, 153, 53, 55, 152, 354, 255, 156, 253, 533, 155",11
"155",155,"55, 154, 54, 56, 153, 5398, 5016, 256, 157, 254, 255, 156",12
"156",156,"56, 155, 57, 154, 9643, 356, 158, 255, 6850, 256",10
"157",157,"57, 56, 58, 155, 7166, 258, 159, 6963, 158, 7318",10
"158",158,"58, 157, 156, 7730, 4980, 358, 9757, 160, 6329, 258, 8552",11
"159",159,"60, 157, 2297, 3687, 260, 161, 258, 259, 160",9
"160",160,"159, 59, 61, 158, 360, 261, 162, 259, 6231, 260, 161",11
"161",161,"160, 60, 62, 159, 9867, 211, 262, 163, 261, 162",10
"162",162,"62, 161, 61, 160, 6170, 362, 263, 164, 261, 262, 163",11
"163",163,"63, 162, 62, 64, 161, 8990, 8697, 4573, 8790, 264, 262, 263, 7664",13
"164",164,"64, 63, 162, 3628, 3162, 2593, 364, 265, 166, 263, 264, 165",12
"165",165,"164, 64, 66, 8338, 9747, 365, 266, 5707, 264, 2620, 265, 166",12
"166",166,"165, 67, 164, 2107, 8396, 4408, 366, 267, 168, 265, 1202, 266, 167",13
"167",167,"166, 68, 8333, 2249, 169, 266, 267, 168, 7040",9
"168",168,"167, 67, 69, 166, 6698, 368, 269, 170, 267, 169",10
"169",169,"69, 68, 70, 167, 168, 4652, 846, 369, 4490, 171, 268, 269, 170",13
"170",170,"70, 169, 69, 71, 168, 271, 172, 269, 270",9
"171",171,"71, 70, 72, 169, 371, 272, 173, 270, 271, 4959",10
"172",172,"72, 71, 73, 170, 9507, 3919, 2945, 2469, 372, 273, 174, 272, 173, 1614",14
"173",173,"73, 172, 72, 171, 4864, 373, 274, 175, 650, 273, 174",11
"174",174,"74, 173, 73, 75, 172, 9414, 4730, 374, 8265, 176, 273, 175",12
"175",175,"75, 76, 173, 174, 1996, 375, 276, 177, 274, 2004",10
"176",176,"76, 75, 174, 5573, 376, 277, 275, 276, 177, 8703",10
"177",177,"77, 176, 76, 78, 175, 179, 276, 9717, 277, 178",10
"178",178,"78, 177, 77, 79, 6266, 378, 2591, 180, 277, 7421, 179",11
"179",179,"79, 80, 177, 178, 379, 280, 181, 278, 3905, 279, 6822",11
"180",180,"80, 81, 178, 380, 281, 182, 280, 181",8
"181",181,"81, 180, 82, 179, 9374, 3188, 381, 183, 281, 182",10
"182",182,"82, 181, 81, 83, 180, 9760, 8149, 3617, 382, 283, 281, 5448, 945, 183",14
"183",183,"182, 82, 181, 383, 284, 185, 282, 2338, 283, 184",10
"184",184,"183, 83, 85, 9189, 7312, 384, 285, 186, 283, 4082, 2306, 284, 185",13
"185",185,"85, 184, 84, 86, 183, 385, 286, 187, 284, 285, 186",11
"186",186,"185, 85, 87, 184, 86, 7282, 386, 287, 188, 285, 286, 2513",12
"187",187,"87, 86, 185, 8217, 387, 288, 189, 286, 287, 188",10
"188",188,"88, 187, 87, 89, 186, 4632, 388, 289, 190, 287, 1207, 2496",12
"189",189,"89, 88, 90, 187, 5943, 389, 290, 191, 6364, 289, 190",11
"190",190,"189, 89, 91, 188, 6759, 390, 291, 192, 289, 290, 191",11
"191",191,"91, 190, 90, 92, 189, 391, 292, 193, 290, 298, 2030, 192",12
"192",192,"92, 191, 190, 392, 293, 194, 291, 292, 193",9
"193",193,"192, 191, 393, 294, 195, 292, 6795, 194",8
"194",194,"94, 95, 192, 193, 4750, 394, 295, 196, 293, 1937, 294, 195",12
"195",195,"95, 194, 94, 96, 193, 6976, 395, 296, 294, 9627, 295",11
"196",196,"96, 97, 194, 95, 297, 198, 295, 2323",8
"197",197,"97, 96, 98, 298, 1808, 296, 6795, 297, 198, 3645",10
"198",198,"197, 97, 99, 196, 398, 299, 200, 297, 6687",9
"199",199,"99, 98, 100, 399, 300, 298, 4934, 1784, 299, 200, 5973",11
"200",200,"100, 199, 99, 198, 400, 2816, 6867",7
"201",201,"101, 1, 102, 401, 302, 203, 2420, 301, 202",9
"202",202,"102, 201, 2, 103, 402, 303, 204, 301, 7430, 302, 203",11
"203",203,"202, 3, 102, 104, 201, 99, 403, 304, 205, 302, 204",11
"204",204,"104, 203, 4, 105, 202, 103, 404, 4893, 8111, 2174, 1991, 304, 205",13
"205",205,"204, 5, 104, 106, 203, 405, 306, 207, 304, 305, 206, 6058",12
"206",206,"106, 205, 6, 105, 4540, 406, 307, 208, 305, 3847, 306, 5117",12
"207",207,"107, 106, 205, 8473, 407, 209, 306, 7630, 307, 208",10
"208",208,"108, 207, 8, 206, 408, 309, 210, 307, 7181, 2860, 3888, 209",12
"209",209,"109, 208, 9, 108, 207, 409, 310, 211, 308, 309, 210",11
"210",210,"110, 209, 10, 111, 208, 2648, 1215, 410, 311, 212, 309, 8377, 9832",13
"211",211,"111, 11, 110, 112, 161, 209, 411, 312, 213, 310, 311, 6189",12
"212",212,"112, 12, 111, 113, 210, 412, 313, 5066, 312, 213",10
"213",213,"212, 13, 112, 211, 1513, 314, 312, 5608, 313, 214",10
"214",214,"114, 213, 113, 115, 153, 14, 414, 315, 216, 8935, 2659, 1284, 314, 215",14
"215",215,"214, 116, 2430, 9488, 415, 316, 7269, 5025, 8482, 315",10
"216",216,"16, 117, 214, 434, 416, 9040, 218, 315, 7191, 316, 217, 1523",12
"217",217,"117, 216, 17, 116, 118, 5902, 2185, 318, 219, 316, 317, 5405",12
"218",218,"117, 119, 216, 1631, 8035, 3539, 2183, 612, 319, 220, 317, 6465, 318",13
"219",219,"19, 118, 217, 8272, 419, 320, 1958, 318, 319, 220, 1185",11
"220",220,"120, 219, 20, 218, 121, 1761, 420, 321, 222, 320, 221",11
"221",221,"220, 21, 617, 1912, 421, 322, 223, 320, 321",9
"222",222,"122, 22, 121, 123, 220, 422, 323, 224, 321, 322, 223, 4052",12
"223",223,"222, 23, 122, 221, 7359, 7194, 423, 324, 225, 8244, 323, 224",12
"224",224,"124, 223, 24, 123, 125, 222, 1343, 424, 325, 226, 323, 1719, 1606, 225",14
"225",225,"125, 224, 25, 124, 126, 223, 3582, 425, 326, 227, 324, 7344",12
"226",226,"126, 26, 125, 127, 224, 426, 327, 228, 326, 227",10
"227",227,"127, 226, 126, 128, 225, 1371, 427, 1292, 229, 1650, 6758, 327, 228",13
"228",228,"227, 28, 226, 127, 6499, 738, 329, 230, 327, 328, 229",11
"229",229,"129, 228, 29, 128, 130, 227, 7692, 6498, 429, 6120, 231, 328, 329, 230",14
"230",230,"130, 229, 129, 228, 5984, 5072, 3497, 4018, 6310, 329, 3182, 330",12
"231",231,"131, 130, 229, 8874, 431, 332, 233, 330, 232, 4053",10
"232",232,"132, 133, 13, 231, 9373, 333, 7539, 331, 9733, 4670, 332, 233",12
"233",233,"133, 232, 132, 134, 231, 3752, 334, 235, 332, 333, 234",11
"234",234,"134, 233, 34, 133, 135, 434, 335, 236, 8416, 2435, 235",11
"235",235,"234, 35, 134, 136, 233, 325, 336, 237, 334, 335",10
"236",236,"136, 36, 137, 234, 436, 337, 238, 335, 1696, 336, 237, 5223",12
"237",237,"137, 236, 37, 136, 138, 235, 3960, 2165, 1627, 437, 239, 336, 337, 238",14
"238",238,"138, 237, 38, 137, 139, 236, 438, 339, 240, 337, 3760, 239",12
"239",239,"139, 39, 138, 140, 237, 238, 4757, 439, 340, 241, 338, 5399, 9528, 240",14
"240",240,"239, 40, 238, 1001, 8545, 440, 341, 242, 339, 1984, 340, 9210",12
"241",241,"141, 140, 142, 239, 8447, 441, 342, 243, 340, 341, 242",11
"242",242,"142, 241, 42, 141, 143, 240, 442, 343, 244, 341, 9051, 7965, 342, 243",14
"243",243,"143, 242, 43, 142, 144, 241, 7316, 443, 344, 245, 342, 3862, 343, 244",14
"244",244,"144, 243, 44, 143, 145, 242, 3733, 444, 246, 343, 344, 245",12
"245",245,"145, 244, 146, 243, 144, 3606, 445, 346, 247, 344, 345, 246",12
"246",246,"146, 245, 46, 145, 147, 244, 3485, 5692, 446, 347, 248, 345, 247",13
"247",247,"147, 47, 146, 148, 245, 246, 4964, 447, 348, 249, 3018, 347, 248",13
"248",248,"148, 247, 48, 147, 149, 246, 5196, 448, 349, 250, 347, 348, 249",13
"249",249,"248, 49, 150, 247, 148, 7052, 449, 251, 348, 8154, 250",11
"250",250,"150, 249, 50, 149, 248, 3279, 450, 252, 349, 3183, 350, 251",12
"251",251,"250, 51, 150, 152, 249, 8904, 7057, 352, 253, 350, 2826, 351",12
"252",252,"152, 52, 151, 153, 250, 9013, 452, 254, 351, 9194, 5702, 5207, 352, 253, 7843",15
"253",253,"252, 53, 152, 154, 251, 2534, 1972, 453, 255, 352, 353, 254",12
"254",254,"253, 54, 155, 252, 9455, 454, 355, 256, 8728, 354, 255",11
"255",255,"155, 254, 154, 156, 253, 455, 257, 354, 355, 2317",10
"256",256,"156, 56, 155, 254, 732, 7260, 357, 258, 355, 257",10
"257",257,"255, 256, 4307, 8847, 457, 358, 356, 304, 7005, 4102, 357, 258",12
"258",258,"158, 257, 159, 256, 157, 58, 2291, 458, 359, 260, 357, 9729, 358",13
"259",259,"159, 59, 160, 6051, 261, 358, 8920, 260",8
"260",260,"160, 60, 159, 258, 259, 9362, 9580, 460, 361, 262, 5354, 261",12
"261",261,"161, 61, 160, 162, 259, 260, 5067, 2348, 461, 362, 263, 361, 262",13
"262",262,"162, 261, 62, 161, 163, 260, 462, 363, 264, 361, 362, 263",12
"263",263,"163, 262, 63, 162, 164, 261, 463, 364, 265, 362, 363, 264",12
"264",264,"164, 263, 64, 163, 165, 262, 464, 365, 266, 3053, 3509, 364",12
"265",265,"165, 65, 164, 166, 263, 3628, 465, 366, 267, 6546, 266",11
"266",266,"166, 66, 165, 167, 264, 265, 466, 367, 268, 365, 366, 267",12
"267",267,"167, 266, 166, 168, 265, 4946, 467, 8661, 366, 7603, 3860, 748, 367, 268",14
"268",268,"267, 68, 169, 266, 3439, 7176, 468, 369, 270, 367, 8946, 368, 269",13
"269",269,"169, 268, 69, 168, 170, 2043, 469, 370, 3776, 368, 369",11
"270",270,"170, 171, 268, 470, 371, 272, 2913, 3221, 370, 271, 6160",11
"271",271,"171, 270, 71, 170, 1863, 372, 3941, 370, 4906, 371, 272",11
"272",272,"172, 271, 72, 171, 270, 2908, 9859, 274, 371, 273",10
"273",273,"173, 73, 172, 174, 272, 4788, 473, 275, 372, 7819, 6905, 373, 274",13
"274",274,"273, 173, 175, 272, 7084, 474, 375, 3925, 374, 275, 6918",11
"275",275,"274, 75, 176, 273, 5271, 1082, 3286, 475, 376, 277, 374, 9774, 276",13
"276",276,"176, 275, 76, 175, 177, 4175, 377, 6252, 375, 3745, 376, 277",12
"277",277,"177, 276, 77, 176, 178, 275, 477, 378, 279, 5087, 377, 278",12
"278",278,"277, 179, 8094, 478, 379, 280, 377, 378, 279, 690",10
"279",279,"179, 278, 79, 277, 4543, 479, 380, 281, 378, 6476, 379, 280",12
"280",280,"180, 279, 80, 179, 278, 480, 381, 282, 379, 380, 281",11
"281",281,"181, 280, 81, 180, 182, 279, 481, 382, 283, 380, 381, 1269",12
"282",282,"183, 280, 6901, 482, 284, 4016, 382, 283",8
"283",283,"183, 282, 182, 184, 281, 5712, 483, 384, 285, 382, 2586, 3818, 383, 284",14
"284",284,"184, 283, 84, 183, 185, 282, 435, 2011, 2649, 286, 383, 384, 285",13
"285",285,"185, 284, 85, 184, 186, 283, 6496, 485, 386, 384, 6393, 286",12
"286",286,"186, 86, 185, 187, 284, 285, 8879, 486, 387, 385, 386, 287",12
"287",287,"187, 286, 87, 186, 188, 487, 388, 289, 386, 8095, 387, 2396",12
"288",288,"88, 187, 7708, 7391, 4961, 488, 389, 290, 387, 4692, 4957, 289",12
"289",289,"189, 288, 89, 188, 190, 287, 489, 4060, 291, 388, 290",11
"290",290,"190, 90, 189, 191, 288, 289, 1046, 6218, 4761, 490, 391, 292, 389, 923, 6809, 291",16
"291",291,"290, 91, 190, 192, 289, 557, 392, 293, 390, 391, 292",11
"292",292,"192, 291, 92, 191, 193, 290, 2081, 393, 294, 391, 293",11
"293",293,"93, 192, 194, 291, 292, 6277, 493, 394, 295, 392, 9919, 393, 294",13
"294",294,"194, 293, 94, 193, 195, 292, 494, 395, 296, 393, 7481, 394, 295",13
"295",295,"195, 294, 194, 196, 293, 7640, 9394, 6834, 6314, 495, 396, 297, 394, 5672, 5977",15
"296",296,"66, 96, 195, 197, 294, 3450, 496, 298, 6428, 396, 297",11
"297",297,"197, 296, 97, 198, 295, 196, 497, 398, 397, 298",10
"298",298,"297, 98, 199, 296, 197, 191, 6606, 498, 399, 300, 397, 6170, 398",13
"299",299,"199, 99, 198, 499, 400, 398, 6607, 399",8
"300",300,"100, 199, 298, 500, 399, 9985, 7956, 400, 7556",9
"301",301,"201, 101, 202, 488, 501, 402, 303, 401, 302",9
"302",302,"202, 301, 102, 201, 203, 9707, 502, 403, 304, 401, 402, 303",12
"303",303,"302, 202, 301, 8309, 2632, 404, 305, 402, 403, 304",10
"304",304,"204, 303, 104, 257, 203, 205, 302, 504, 405, 5565, 403, 9639, 404, 305",14
"305",305,"205, 304, 105, 206, 303, 6574, 505, 406, 307, 404, 3935, 306",12
"306",306,"206, 106, 205, 207, 305, 9030, 728, 506, 407, 308, 405, 406",12
"307",307,"207, 107, 206, 208, 305, 507, 408, 309, 8064, 407, 6635",11
"308",308,"108, 209, 306, 3298, 508, 409, 407, 5776, 408, 309, 6135",11
"309",309,"209, 308, 109, 208, 210, 307, 7093, 5498, 360, 509, 311, 408, 409, 2338",14
"310",310,"110, 209, 211, 4553, 510, 411, 312, 1927, 410, 311",10
"311",311,"211, 310, 210, 309, 1919, 511, 412, 313, 410, 7692, 411, 312",12
"312",312,"212, 311, 112, 211, 213, 310, 512, 413, 6165, 411, 412",11
"313",313,"213, 113, 212, 311, 513, 414, 315, 412, 413, 314, 4105",11
"314",314,"214, 313, 114, 213, 415, 316, 6163, 414, 315",9
"315",315,"215, 314, 115, 214, 216, 313, 731, 416, 317, 414, 8793, 415, 316",13
"316",316,"216, 315, 116, 215, 217, 314, 8385, 7605, 417, 318, 415, 416, 5797",13
"317",317,"217, 117, 218, 315, 4565, 1278, 418, 319, 416, 417, 318",11
"318",318,"218, 317, 118, 217, 219, 316, 7107, 518, 419, 320, 417, 418, 319",13
"319",319,"219, 318, 119, 317, 218, 3850, 519, 420, 321, 418, 419, 320",12
"320",320,"220, 319, 120, 219, 221, 318, 2580, 520, 421, 322, 419, 420, 321",13
"321",321,"221, 320, 121, 220, 222, 319, 8239, 6113, 521, 422, 323, 420, 5825, 421, 322",15
"322",322,"84, 222, 321, 122, 221, 320, 3622, 8526, 324, 421, 7817",11
"323",323,"223, 123, 222, 224, 321, 421, 523, 424, 5702, 422, 9853, 423, 324, 1409",14
"324",324,"323, 124, 223, 225, 322, 524, 9648, 423, 8237, 9432, 1651",11
"325",325,"125, 224, 235, 6209, 2652, 525, 426, 327, 424, 425, 326",11
"326",326,"226, 325, 126, 225, 427, 328, 425, 426, 327",9
"327",327,"227, 326, 226, 228, 325, 7007, 4931, 1152, 527, 428, 426, 427, 328",13
"328",328,"228, 327, 128, 229, 326, 528, 429, 330, 6735, 428, 329",11
"329",329,"229, 328, 228, 230, 529, 430, 331, 428, 7447, 9110, 429, 330",12
"330",330,"230, 329, 130, 231, 328, 9288, 6222, 2003, 530, 431, 429, 5199, 430, 331",14
"331",331,"330, 131, 232, 329, 2215, 9132, 9118, 531, 432, 333, 430, 431, 332",13
"332",332,"232, 331, 132, 231, 233, 532, 433, 334, 431, 3030, 3429, 333",12
"333",333,"233, 133, 232, 331, 332, 1965, 434, 335, 2858, 433",10
"334",334,"134, 233, 235, 332, 534, 435, 336, 433, 7838, 434, 335",11
"335",335,"235, 334, 135, 234, 236, 333, 9544, 535, 436, 337, 2916, 435, 336",13
"336",336,"236, 335, 136, 235, 237, 334, 3843, 536, 437, 338, 435, 436, 337",13
"337",337,"237, 336, 137, 236, 238, 335, 537, 438, 339, 436, 5557, 338",12
"338",338,"337, 138, 239, 336, 7613, 538, 439, 340, 437, 438, 339",11
"339",339,"338, 139, 238, 240, 337, 4672, 6587, 539, 440, 341, 438, 5616, 340",13
"340",340,"240, 140, 239, 241, 338, 339, 540, 441, 342, 439, 440, 9768",12
"341",341,"241, 240, 242, 339, 8919, 7264, 1102, 440, 441, 342",10
"342",342,"242, 341, 142, 241, 243, 340, 542, 443, 441, 442, 343",11
"343",343,"243, 342, 143, 242, 244, 7659, 5530, 442, 6991, 2026, 443, 344",12
"344",344,"244, 343, 243, 245, 7394, 544, 445, 346, 443, 8235, 444, 345",12
"345",345,"245, 344, 145, 246, 545, 446, 347, 444, 7270, 5054, 445, 346",12
"346",346,"345, 146, 245, 344, 7732, 8443, 7269, 546, 447, 348, 445, 347",12
"347",347,"247, 147, 246, 248, 345, 346, 4132, 547, 448, 349, 446, 447, 529",13
"348",348,"248, 247, 249, 346, 912, 4950, 449, 350, 447, 448, 349",11
"349",349,"348, 149, 248, 250, 347, 5635, 1689, 450, 351, 448, 449, 350",12
"350",350,"250, 349, 31, 150, 251, 348, 4286, 2332, 550, 352, 449, 8271, 450, 351",14
"351",351,"251, 350, 151, 252, 349, 551, 452, 353, 450, 9902, 451, 352",12
"352",352,"252, 351, 152, 251, 253, 350, 552, 453, 354, 451, 5058, 8956",12
"353",353,"253, 351, 1677, 4177, 454, 355, 452, 5226, 453, 354",10
"354",354,"254, 353, 154, 255, 352, 554, 455, 356, 453, 6099, 454, 355",12
"355",355,"255, 354, 254, 256, 353, 555, 357, 454, 5488, 455",10
"356",356,"156, 257, 354, 9656, 1912, 556, 457, 358, 455, 5825, 456, 357, 4869",13
"357",357,"356, 258, 355, 256, 257, 3620, 359, 2859, 7257, 5837, 3484, 457, 358",13
"358",358,"258, 357, 158, 257, 259, 356, 558, 459, 457, 5404, 1062, 5948, 359",13
"359",359,"358, 258, 357, 1757, 8807, 559, 7491, 361, 458, 459, 360",11
"360",360,"359, 160, 309, 3946, 461, 362, 8983, 9529, 460, 361",10
"361",361,"261, 360, 260, 262, 359, 1022, 561, 462, 363, 460, 461, 362",12
"362",362,"262, 361, 162, 261, 263, 360, 3866, 7220, 562, 5099, 364, 461, 462",13
"363",363,"263, 262, 361, 563, 464, 365, 462, 4445, 364, 5264",10
"364",364,"264, 164, 263, 362, 363, 6436, 465, 1470, 463, 464, 365",11
"365",365,"364, 165, 264, 266, 363, 3215, 6714, 5192, 565, 466, 367, 464, 465, 366",14
"366",366,"266, 365, 166, 265, 267, 566, 467, 368, 465, 9294, 8192, 466, 367",13
"367",367,"267, 366, 266, 268, 365, 2424, 8339, 567, 468, 369, 466, 467, 368",13
"368",368,"268, 367, 168, 269, 366, 9368, 568, 469, 370, 467, 3350, 2575, 2764, 7034",14
"369",369,"269, 169, 268, 367, 5017, 4931, 470, 7557, 468, 7304, 469, 4193",12
"370",370,"270, 269, 271, 368, 570, 471, 372, 469, 470, 1096",10
"371",371,"271, 171, 270, 272, 4271, 472, 373, 470, 471, 1731",10
"372",372,"172, 273, 370, 271, 1506, 4662, 4394, 572, 473, 374, 472, 373",12
"373",373,"273, 372, 173, 371, 573, 474, 375, 472, 6625, 374",10
"374",374,"274, 373, 174, 275, 372, 574, 4829, 376, 473, 7621, 3967, 474, 375",13
"375",375,"374, 175, 274, 276, 373, 9311, 9043, 616, 575, 476, 377, 474, 1550, 475, 376",15
"376",376,"276, 375, 176, 275, 374, 7650, 5646, 576, 477, 378, 5819, 377",12
"377",377,"277, 376, 276, 278, 375, 8077, 1307, 2627, 379, 477, 378",11
"378",378,"278, 377, 178, 277, 279, 376, 479, 380, 477, 2061, 478",11
"379",379,"279, 179, 278, 280, 377, 6948, 4305, 480, 381, 478, 479, 380, 4395",13
"380",380,"280, 379, 279, 281, 378, 180, 2470, 580, 4197, 382, 479, 480",12
"381",381,"281, 181, 280, 379, 3019, 581, 383, 480, 9561, 9305, 6144, 5109, 7792",13
"382",382,"282, 182, 281, 283, 380, 1476, 582, 384, 482, 383, 6325",11
"383",383,"283, 382, 183, 284, 381, 583, 484, 385, 482, 2047, 483",11
"384",384,"284, 184, 283, 285, 382, 9111, 2272, 584, 485, 386, 483, 484, 385, 9356",14
"385",385,"384, 185, 286, 383, 4761, 1002, 585, 486, 387, 484, 485, 386",12
"386",386,"286, 385, 186, 285, 287, 384, 586, 487, 388, 485, 486, 387",12
"387",387,"287, 386, 187, 286, 288, 385, 587, 6765, 486, 487",10
"388",388,"188, 287, 289, 386, 588, 489, 390, 487, 488, 389, 2960",11
"389",389,"388, 189, 288, 290, 5208, 589, 490, 488, 489, 390",10
"390",390,"389, 190, 291, 388, 590, 491, 489, 490, 391",9
"391",391,"291, 390, 191, 290, 292, 7241, 591, 492, 6545, 490, 6857, 2182, 491, 392",14
"392",392,"391, 192, 293, 291, 592, 4595, 8384, 491, 5913",9
"393",393,"293, 193, 292, 294, 6034, 494, 395, 492, 493, 1315, 5851",11
"394",394,"294, 194, 293, 295, 594, 495, 396, 494, 395",9
"395",395,"394, 195, 294, 393, 7849, 595, 496, 397, 494, 495, 396",11
"396",396,"296, 395, 295, 55, 394, 4495, 7001, 497, 398, 495, 496, 397",12
"397",397,"297, 396, 298, 395, 7523, 8566, 8383, 599, 597, 498, 399, 8471, 4406, 9735, 398",15
"398",398,"298, 397, 198, 297, 299, 396, 6453, 598, 499, 8040, 497, 505, 498, 4904",14
"399",399,"299, 199, 298, 300, 397, 6662, 6072, 500, 498, 499, 400",11
"400",400,"300, 399, 200, 299, 4630, 600, 499, 500",8
"401",401,"301, 201, 302, 3090, 601, 502, 403, 501, 402",9
"402",402,"302, 401, 202, 301, 303, 2257, 602, 1351, 404, 501, 5507, 502",12
"403",403,"303, 203, 302, 304, 401, 8818, 603, 8676, 502, 503, 404, 8401",12
"404",404,"304, 403, 204, 305, 402, 303, 7855, 7232, 5536, 604, 406, 504",12
"405",405,"205, 304, 306, 2042, 605, 506, 407, 504, 505, 406, 3975, 8200",12
"406",406,"306, 405, 206, 305, 404, 444, 2013, 507, 408, 5725, 6649, 506, 407",13
"407",407,"307, 406, 207, 306, 308, 405, 607, 508, 409, 506, 507, 408",12
"408",408,"308, 407, 208, 307, 309, 406, 1916, 608, 509, 6466, 507, 508, 409",13
"409",409,"309, 408, 209, 308, 407, 510, 8286, 508, 509, 410",10
"410",410,"310, 409, 210, 311, 9637, 610, 511, 412, 509, 5593, 4385, 2361, 510, 411",14
"411",411,"311, 410, 211, 310, 312, 795, 611, 512, 510, 511, 412",11
"412",412,"312, 411, 212, 311, 313, 410, 2577, 612, 4172, 511, 413",11
"413",413,"313, 312, 412, 613, 514, 415, 512, 3780, 513, 414",10
"414",414,"314, 413, 214, 313, 315, 2860, 614, 7403, 513, 514, 3320",11
"415",415,"315, 215, 316, 413, 314, 817, 615, 516, 417, 514, 3277, 515, 1309",13
"416",416,"316, 216, 315, 317, 9845, 616, 517, 418, 1820, 2524, 516, 417",12
"417",417,"317, 416, 316, 318, 415, 4551, 419, 516, 3994, 418",10
"418",418,"318, 417, 319, 416, 317, 1872, 618, 519, 420, 517, 518, 419",12
"419",419,"319, 418, 219, 318, 320, 417, 2854, 619, 520, 421, 4319, 519, 420",13
"420",420,"320, 419, 220, 319, 321, 418, 4210, 620, 521, 422, 5597, 2477, 421",13
"421",421,"321, 221, 320, 322, 419, 323, 420, 423, 520, 3844, 8959",11
"422",422,"222, 321, 323, 420, 4436, 1847, 622, 523, 5299, 2596, 522, 423",12
"423",423,"323, 422, 223, 324, 421, 623, 524, 425, 522, 2207, 523",11
"424",424,"79, 224, 323, 325, 624, 525, 426, 523, 4509, 524",10
"425",425,"325, 225, 326, 423, 8161, 625, 526, 427, 3347, 3404, 525, 426, 9343",13
"426",426,"326, 425, 226, 325, 327, 424, 7386, 527, 428, 525, 427",11
"427",427,"327, 227, 425, 326, 426, 857, 3470, 528, 429, 526, 7202, 428",12
"428",428,"328, 427, 327, 329, 426, 628, 529, 430, 527, 528, 6404",11
"429",429,"329, 229, 328, 330, 427, 7640, 629, 431, 6251, 529, 430",11
"430",430,"330, 429, 329, 331, 428, 3726, 630, 531, 432, 529, 530, 431",12
"431",431,"331, 430, 231, 330, 332, 429, 5282, 631, 532, 6894, 530, 531",12
"432",432,"331, 430, 632, 533, 434, 531, 532, 433, 478, 1989",10
"433",433,"333, 432, 332, 334, 633, 534, 474, 533, 434",9
"434",434,"334, 433, 234, 432, 216, 333, 7863, 5642, 3717, 634, 535, 533, 534, 435",14
"435",435,"335, 434, 334, 336, 284, 559, 635, 536, 437, 534, 5336, 535",12
"436",436,"336, 236, 335, 337, 4311, 636, 537, 438, 535, 536, 437, 765",12
"437",437,"436, 237, 336, 338, 435, 538, 439, 536, 7167, 438",10
"438",438,"338, 437, 238, 337, 339, 436, 5149, 638, 539, 2493, 538, 439",12
"439",439,"438, 239, 338, 340, 437, 639, 540, 441, 4485, 6765, 440, 1456",12
"440",440,"340, 439, 240, 339, 341, 442, 539, 441",8
"441",441,"341, 241, 340, 342, 439, 440, 541, 442",8
"442",442,"342, 441, 242, 343, 440, 4667, 642, 543, 541, 542, 443",11
"443",443,"343, 442, 243, 342, 344, 643, 544, 542, 745, 543, 444",11
"444",444,"344, 443, 244, 406, 345, 9309, 2619, 644, 545, 446, 543, 5125, 544, 445",14
"445",445,"345, 444, 245, 344, 346, 7200, 546, 447, 544, 1664, 545, 446",12
"446",446,"445, 246, 345, 347, 444, 646, 546, 447, 1604",9
"447",447,"347, 446, 247, 346, 348, 445, 647, 548, 449, 546, 7755, 547, 448",13
"448",448,"348, 447, 248, 347, 349, 648, 549, 450, 547, 7406, 548, 449",12
"449",449,"349, 448, 249, 350, 447, 348, 649, 451, 548, 8694, 4919, 4618, 549",13
"450",450,"350, 250, 349, 351, 448, 9115, 5279, 4859, 650, 551, 452, 549, 550, 451, 9486",15
"451",451,"351, 450, 352, 449, 651, 453, 550, 8381, 551, 452",10
"452",452,"451, 252, 351, 353, 450, 5376, 652, 553, 454, 551, 2703, 552, 1722",13
"453",453,"353, 253, 352, 354, 451, 653, 554, 455, 552, 7784, 454",11
"454",454,"354, 453, 254, 353, 355, 452, 6614, 654, 555, 456, 553, 4170, 554, 455",14
"455",455,"355, 454, 255, 354, 356, 453, 7409, 556, 457, 554, 555, 456",12
"456",456,"356, 455, 454, 7434, 3868, 656, 557, 458, 555, 9345, 556, 457",12
"457",457,"357, 456, 257, 356, 358, 455, 826, 657, 558, 459, 556, 7653, 557, 458",14
"458",458,"457, 258, 359, 456, 658, 6966, 3144, 557, 2434, 558, 459",11
"459",459,"359, 458, 358, 457, 2715, 4814, 659, 560, 461, 558, 559, 460",12
"460",460,"360, 459, 361, 260, 7915, 561, 559, 560, 461",9
"461",461,"361, 460, 261, 362, 459, 360, 661, 562, 560, 561, 462",11
"462",462,"362, 461, 262, 361, 363, 662, 563, 464, 561, 1070, 6071, 2667, 1160",13
"463",463,"263, 364, 106, 9192, 663, 4851, 465, 562, 563",9
"464",464,"364, 264, 363, 365, 462, 565, 466, 563, 7938, 1746, 564, 465",12
"465",465,"365, 464, 265, 364, 366, 463, 665, 566, 467, 564, 565, 466",12
"466",466,"366, 465, 266, 365, 367, 464, 2793, 666, 567, 468, 9754, 5986, 566",13
"467",467,"367, 267, 366, 368, 465, 1150, 568, 469, 567, 468, 7530",11
"468",468,"467, 268, 367, 369, 466, 8542, 8724, 569, 567, 568, 469",11
"469",469,"369, 468, 269, 368, 370, 467, 570, 471, 8836, 569, 470",11
"470",470,"370, 469, 270, 371, 369, 670, 571, 472, 569, 8543, 2931, 549, 918, 570, 471",15
"471",471,"371, 470, 370, 469, 4769, 2594, 671, 473, 3658, 571",10
"472",472,"372, 371, 373, 470, 8696, 672, 573, 474, 571, 5036, 473",11
"473",473,"472, 372, 374, 471, 273, 673, 475, 572, 8720, 880, 573, 474",12
"474",474,"374, 473, 274, 373, 375, 433, 472, 6670, 674, 476, 3995, 574, 475",13
"475",475,"375, 474, 275, 473, 6962, 675, 576, 477, 3127, 575, 476",11
"476",476,"475, 375, 56, 474, 7312, 676, 478, 576",8
"477",477,"377, 277, 376, 378, 475, 4279, 677, 479, 2546, 1736, 577, 478, 7188",13
"478",478,"378, 432, 477, 278, 379, 476, 9684, 2507, 678, 579, 480, 577, 5258, 578, 479",15
"479",479,"379, 478, 279, 380, 477, 378, 679, 9528, 481, 578, 3361, 579, 3108",13
"480",480,"380, 280, 381, 478, 379, 3960, 2538, 680, 581, 482, 579, 6259, 580, 481",14
"481",481,"480, 281, 479, 8248, 681, 582, 483, 580, 581, 482",10
"482",482,"382, 481, 282, 383, 480, 8844, 682, 583, 484, 581, 6541, 6848, 483",13
"483",483,"383, 482, 283, 384, 481, 712, 584, 485, 582, 3530, 8915, 583",12
"484",484,"384, 383, 385, 482, 2587, 684, 585, 486, 583, 485, 746",11
"485",485,"385, 285, 384, 386, 483, 484, 7856, 1057, 487, 584, 585, 486",12
"486",486,"386, 485, 286, 385, 387, 484, 686, 587, 585, 586, 487",11
"487",487,"387, 486, 287, 386, 388, 485, 8500, 687, 588, 489, 586, 587, 488",13
"488",488,"388, 487, 288, 301, 389, 688, 589, 8492, 587, 8979, 3326, 588, 489",13
"489",489,"389, 488, 289, 388, 390, 487, 689, 590, 8424, 588, 2323, 589, 490",13
"490",490,"390, 489, 290, 389, 391, 690, 591, 492, 589, 2524, 491",11
"491",491,"391, 390, 392, 490, 5303, 8540, 6876, 691, 592, 493, 5260, 492",12
"492",492,"391, 393, 490, 491, 3880, 692, 593, 591, 592, 493, 2497",11
"493",493,"393, 492, 293, 491, 9843, 2284, 693, 594, 495, 592, 593, 494",12
"494",494,"394, 493, 294, 393, 395, 6328, 4207, 2548, 2289, 595, 496, 593, 4905, 9258, 495",15
"495",495,"395, 494, 295, 394, 396, 493, 3100, 9975, 695, 4938, 497, 594, 595, 496",14
"496",496,"396, 495, 296, 395, 494, 3386, 696, 597, 498, 595, 596, 5979",12
"497",497,"297, 396, 398, 495, 697, 598, 499, 596, 597, 498",10
"498",498,"398, 497, 298, 397, 399, 496, 698, 599, 500, 597, 598, 499",12
"499",499,"399, 498, 299, 398, 400, 497, 600, 598, 599, 5359",10
"500",500,"400, 300, 399, 498, 2331, 700, 600",7
"501",501,"401, 301, 402, 7633, 602, 503, 601, 502",8
"502",502,"402, 501, 302, 401, 403, 3668, 702, 603, 504, 601, 602, 503",12
"503",503,"403, 502, 501, 4968, 1601, 8316, 724, 604, 505, 602, 5771, 504",12
"504",504,"404, 503, 304, 405, 502, 745, 4564, 506, 603, 5864, 604, 505",12
"505",505,"405, 504, 305, 503, 398, 705, 507, 604, 8087, 6665, 1120, 506",12
"506",506,"406, 505, 306, 405, 407, 504, 706, 607, 508, 605, 606, 507",12
"507",507,"407, 506, 307, 406, 408, 505, 707, 5695, 509, 606, 5409, 607, 508",13
"508",508,"408, 507, 308, 407, 409, 506, 708, 609, 607, 8033, 608, 509",12
"509",509,"409, 508, 408, 410, 507, 309, 709, 610, 511, 608, 609, 510",12
"510",510,"410, 509, 310, 411, 409, 710, 611, 512, 609, 610, 511",11
"511",511,"411, 510, 311, 410, 412, 509, 7585, 7239, 612, 513, 610, 611, 512",13
"512",512,"511, 312, 411, 413, 510, 2581, 8258, 712, 613, 514, 611, 5686, 612, 513",14
"513",513,"413, 512, 313, 414, 511, 713, 6045, 515, 3226, 613, 514",11
"514",514,"414, 513, 413, 415, 512, 2453, 2771, 615, 516, 613, 4469, 3735, 515",13
"515",515,"415, 514, 513, 9749, 1244, 517, 614, 2597, 516",9
"516",516,"416, 415, 417, 514, 515, 716, 518, 9814, 3715, 3524, 517",11
"517",517,"516, 416, 418, 515, 1354, 2933, 717, 618, 519, 616, 617, 6792",12
"518",518,"418, 318, 516, 2200, 6144, 718, 619, 520, 617, 618, 519",11
"519",519,"419, 518, 319, 418, 517, 4119, 719, 620, 521, 618, 520",11
"520",520,"320, 419, 421, 518, 519, 720, 621, 522, 619, 620, 521, 2431",12
"521",521,"520, 321, 420, 519, 5105, 1479, 721, 622, 523, 620, 681, 621, 522",13
"522",522,"422, 521, 423, 520, 722, 623, 524, 621, 622, 523",10
"523",523,"423, 522, 323, 422, 424, 521, 723, 624, 525, 622, 2026, 623, 524",13
"524",524,"424, 523, 324, 423, 522, 9850, 724, 625, 526, 5783, 2405, 6813",12
"525",525,"425, 325, 424, 426, 523, 7893, 2616, 1996, 725, 527, 625, 526",12
"526",526,"525, 425, 427, 524, 7579, 9120, 726, 627, 528, 625, 5200, 3337, 527",13
"527",527,"327, 428, 525, 426, 526, 1193, 727, 529, 5375, 5015, 528",11
"528",528,"428, 527, 328, 526, 427, 728, 629, 530, 627, 4248, 628, 529",12
"529",529,"347, 429, 528, 329, 428, 430, 527, 3127, 729, 630, 531, 628, 629, 530",14
"530",530,"430, 529, 330, 431, 528, 730, 631, 532, 629, 7797, 630, 531",12
"531",531,"431, 530, 331, 430, 432, 529, 3254, 731, 1751, 533, 631, 532",12
"532",532,"432, 531, 332, 431, 530, 633, 534, 631, 685, 5014",10
"533",533,"154, 433, 432, 434, 531, 3177, 733, 632, 1300, 633, 534",11
"534",534,"434, 533, 334, 433, 435, 532, 9729, 753, 734, 635, 536, 633, 1749, 634, 535",15
"535",535,"435, 534, 335, 434, 436, 735, 636, 537, 634, 5978, 635, 536",12
"536",536,"436, 535, 336, 435, 437, 534, 5595, 2584, 637, 538, 635, 636, 537",13
"537",537,"536, 337, 436, 535, 737, 7946, 539, 636, 3956, 538",10
"538",538,"438, 338, 536, 437, 537, 738, 1037, 540, 637, 7596, 638, 1880",12
"539",539,"339, 438, 440, 537, 739, 640, 541, 638, 2489, 639",10
"540",540,"340, 439, 538, 8021, 9213, 740, 641, 542, 639, 7734, 640, 541, 4688",13
"541",541,"441, 540, 442, 539, 86, 741, 642, 543, 640, 1733, 542",11
"542",542,"442, 541, 342, 443, 540, 742, 643, 544, 1338, 642, 543",11
"543",543,"443, 542, 442, 444, 541, 3742, 743, 644, 545, 7196, 2546, 643, 544",13
"544",544,"444, 543, 344, 443, 445, 542, 4760, 645, 546, 643, 915, 644, 545",13
"545",545,"445, 544, 345, 444, 543, 3175, 745, 547, 644, 8424, 8428, 645",12
"546",546,"446, 346, 447, 544, 445, 746, 647, 548, 645, 3036, 2033, 646, 547, 2873",14
"547",547,"447, 546, 347, 448, 545, 7446, 747, 648, 549, 646, 3739, 647, 548",13
"548",548,"448, 547, 447, 449, 546, 5971, 6579, 3188, 748, 649, 550, 647",12
"549",549,"449, 448, 450, 547, 470, 749, 650, 551, 648, 649, 550, 3049",12
"550",550,"450, 549, 350, 451, 548, 1392, 750, 651, 552, 649, 9472, 9087, 551",13
"551",551,"451, 550, 351, 450, 452, 549, 3980, 3690, 751, 652, 553, 650, 651, 552",14
"552",552,"452, 551, 352, 453, 550, 3987, 752, 653, 554, 651, 8983, 652, 553",13
"553",553,"552, 452, 454, 551, 753, 654, 555, 652, 653, 554",10
"554",554,"454, 553, 354, 453, 455, 552, 8619, 9794, 754, 655, 556, 653, 654, 5891",14
"555",555,"455, 355, 454, 456, 553, 5321, 4042, 755, 656, 557, 654, 8938, 655, 556",14
"556",556,"456, 555, 356, 455, 457, 554, 756, 657, 558, 655, 656, 557",12
"557",557,"457, 556, 291, 456, 458, 555, 5462, 658, 5990, 656, 657, 558",12
"558",558,"458, 557, 358, 457, 459, 556, 8330, 758, 659, 560, 657, 658, 559",13
"559",559,"459, 558, 359, 460, 435, 5827, 2947, 759, 660, 561, 658, 659, 560",13
"560",560,"460, 559, 459, 558, 461, 9984, 6201, 5103, 760, 1402, 562, 659, 660, 561",14
"561",561,"461, 560, 361, 460, 462, 559, 761, 662, 660, 661, 9269",11
"562",562,"362, 461, 463, 560, 2633, 762, 663, 9500, 661, 662, 563",11
"563",563,"463, 562, 363, 462, 464, 763, 697, 3627, 663, 564",10
"564",564,"464, 563, 465, 764, 1775, 566, 663, 1289, 565",9
"565",565,"465, 564, 365, 464, 8767, 765, 666, 567, 664, 7538, 665, 566",12
"566",566,"466, 565, 366, 465, 564, 8420, 5628, 766, 667, 568, 665, 666, 567",13
"567",567,"467, 566, 367, 466, 468, 565, 4711, 767, 569, 666, 7856, 9317, 568",13
"568",568,"468, 567, 368, 467, 24, 566, 8949, 768, 669, 570, 667, 668, 569",13
"569",569,"469, 568, 468, 470, 567, 5545, 7297, 769, 670, 668, 669, 4636",12
"570",570,"470, 370, 568, 469, 1754, 770, 671, 572, 669, 670, 571",11
"571",571,"471, 570, 470, 472, 771, 672, 573, 670, 9195, 671, 572",11
"572",572,"571, 372, 473, 570, 9322, 772, 673, 574, 671, 8249, 672, 573",12
"573",573,"473, 572, 373, 472, 571, 4070, 575, 672, 673, 574",10
"574",574,"474, 573, 374, 572, 9104, 774, 675, 576, 1882, 674, 575",11
"575",575,"475, 574, 375, 573, 775, 676, 577, 674, 7060, 9120, 576",11
"576",576,"476, 575, 376, 475, 574, 2735, 4160, 578, 675, 9373, 9174, 6666, 676, 577",14
"577",577,"477, 576, 478, 575, 910, 8967, 1945, 777, 579, 676, 8990, 677, 6545",13
"578",578,"478, 479, 576, 9619, 4051, 2663, 679, 677, 2269, 1948, 579",11
"579",579,"479, 578, 478, 480, 577, 798, 779, 680, 581, 678, 679, 580",12
"580",580,"480, 579, 380, 481, 1944, 6277, 681, 679, 7615, 680, 581",11
"581",581,"481, 580, 480, 482, 579, 381, 781, 682, 583, 680, 681, 582",12
"582",582,"581, 382, 481, 483, 8340, 6451, 8762, 683, 584, 681, 682, 583",12
"583",583,"483, 582, 383, 482, 484, 581, 4656, 783, 684, 585, 683, 584",12
"584",584,"583, 384, 483, 485, 582, 6008, 784, 685, 586, 683, 684, 585",12
"585",585,"485, 584, 385, 484, 486, 583, 2107, 785, 686, 684, 685",11
"586",586,"486, 386, 487, 584, 786, 687, 588, 685, 6927, 587, 6863",11
"587",587,"487, 387, 486, 488, 586, 6242, 787, 688, 589, 686, 7799, 687, 588",13
"588",588,"488, 587, 388, 487, 489, 586, 689, 590, 688, 589",10
"589",589,"489, 588, 389, 488, 490, 587, 789, 690, 591, 8036, 689, 590",12
"590",590,"589, 390, 489, 588, 7571, 3289, 691, 592, 689",9
"591",591,"391, 490, 492, 589, 9952, 1810, 692, 9397, 691, 5369",10
"592",592,"492, 392, 491, 493, 590, 8002, 792, 693, 691, 692, 593, 9800",12
"593",593,"493, 592, 492, 494, 3078, 595, 692, 7812, 693, 594",10
"594",594,"593, 394, 493, 495, 794, 695, 596, 693, 9429, 5664, 694, 595",12
"595",595,"495, 594, 395, 494, 496, 593, 795, 696, 597, 694, 1031, 695, 5435",13
"596",596,"496, 497, 594, 9262, 9246, 4355, 796, 697, 598, 695, 696, 597",12
"597",597,"497, 596, 397, 496, 498, 595, 797, 698, 696, 1583, 697, 598",12
"598",598,"498, 597, 398, 497, 499, 596, 798, 699, 600, 697, 698, 599",12
"599",599,"499, 598, 498, 397, 799, 700, 698, 8357, 699, 600",10
"600",600,"500, 599, 400, 598, 499, 7583, 7126, 930, 5250, 699, 700",11
"601",601,"501, 401, 502, 801, 702, 603, 701, 602",8
"602",602,"502, 601, 402, 501, 503, 9660, 802, 703, 701, 702, 7289",11
"603",603,"403, 502, 504, 601, 803, 1859, 702, 703",8
"604",604,"504, 404, 503, 505, 804, 703, 5930, 2076, 605",9
"605",605,"405, 506, 604, 706, 607, 704, 7519, 606",8
"606",606,"506, 507, 605, 806, 707, 608, 705, 4725, 706, 607",10
"607",607,"507, 606, 407, 506, 605, 508, 807, 708, 639, 706, 2338, 4800, 1348, 707, 608",15
"608",608,"508, 607, 408, 509, 606, 9071, 808, 709, 707, 5265, 609",11
"609",609,"509, 608, 508, 510, 1762, 809, 710, 611, 708, 709, 3496",11
"610",610,"510, 410, 509, 511, 810, 711, 612, 709, 4687, 710, 611",11
"611",611,"511, 610, 411, 510, 512, 609, 811, 712, 613, 710, 9627, 711, 612",13
"612",612,"512, 611, 412, 610, 218, 511, 4530, 812, 713, 711, 712, 613",12
"613",613,"513, 612, 413, 512, 514, 611, 2937, 813, 714, 615, 712, 7993, 713, 614",14
"614",614,"613, 414, 515, 814, 715, 713, 714, 615",8
"615",615,"614, 415, 613, 514, 8901, 1691, 4784, 716, 714, 715, 616",11
"616",616,"615, 416, 375, 517, 7864, 6134, 816, 717, 618, 715, 5249, 716, 617",13
"617",617,"221, 517, 616, 518, 2346, 817, 2631, 6238, 716, 2087, 1989, 717, 618",13
"618",618,"518, 617, 418, 517, 519, 616, 2160, 818, 9925, 8439, 717, 8810, 619",13
"619",619,"419, 518, 520, 618, 8373, 5931, 819, 9572, 621, 718, 719",11
"620",620,"520, 420, 519, 521, 820, 8823, 622, 719, 720, 621, 4248",11
"621",621,"521, 620, 520, 522, 619, 821, 722, 623, 720, 9429, 6053, 721, 622",13
"622",622,"522, 621, 422, 521, 523, 620, 822, 723, 721, 722, 623",11
"623",623,"523, 622, 423, 522, 621, 823, 625, 6237, 624",9
"624",624,"623, 424, 523, 9375, 3055, 9751, 5834, 725, 723, 688, 1716, 625",12
"625",625,"525, 425, 524, 526, 623, 624, 825, 726, 5222, 724, 725, 626",12
"626",626,"625, 3385, 5970, 7414, 826, 727, 2459, 725, 1835, 9564, 4525, 726, 627",13
"627",627,"626, 526, 528, 1445, 9635, 6526, 1786, 827, 629, 9140, 3370, 628",12
"628",628,"528, 428, 529, 627, 5604, 729, 630, 727, 5985, 728",10
"629",629,"529, 429, 528, 530, 627, 829, 730, 631, 4355, 729, 630, 3711",12
"630",630,"530, 629, 430, 529, 628, 9345, 2177, 830, 731, 632, 729, 8218, 6649, 631",14
"631",631,"531, 630, 431, 530, 532, 629, 7823, 732, 5824, 730, 731, 632",12
"632",632,"631, 432, 533, 630, 5518, 7550, 5639, 832, 733, 634, 731, 9349, 732, 633",14
"633",633,"533, 632, 433, 534, 532, 9371, 833, 734, 635, 732, 8076, 733, 2434",13
"634",634,"534, 434, 535, 632, 834, 2022, 636, 733, 7468, 734, 635",11
"635",635,"535, 634, 435, 534, 536, 633, 6317, 835, 736, 637, 734",11
"636",636,"536, 436, 535, 537, 634, 3127, 836, 737, 638, 8181, 736, 637, 916",13
"637",637,"636, 538, 635, 536, 2883, 639, 4951, 737, 638, 7524",10
"638",638,"538, 637, 438, 539, 636, 838, 739, 7378, 737, 4909, 738, 639",12
"639",639,"539, 638, 439, 540, 607, 637, 839, 740, 3533, 738, 739, 640",12
"640",640,"540, 639, 539, 541, 840, 741, 642, 9982, 740, 641, 3142",11
"641",641,"640, 540, 6700, 2573, 6587, 841, 742, 643, 3494, 7517, 741, 642",12
"642",642,"542, 641, 442, 541, 640, 7716, 842, 741, 7279, 742, 643",11
"643",643,"543, 642, 443, 542, 544, 641, 843, 744, 645, 742, 743",11
"644",644,"544, 444, 543, 545, 4795, 745, 646, 743, 6529, 744, 645, 8724",12
"645",645,"545, 644, 546, 643, 544, 8297, 7449, 4416, 845, 647, 744, 6069, 4989, 646",14
"646",646,"546, 645, 446, 547, 644, 9559, 846, 747, 648, 745, 1342, 7667, 746, 647",14
"647",647,"547, 646, 447, 546, 548, 645, 7563, 4263, 748, 746, 4719, 747, 648",13
"648",648,"647, 448, 547, 549, 646, 7719, 848, 749, 650, 747, 748",11
"649",649,"549, 449, 548, 550, 849, 750, 651, 748, 6385, 749, 650",11
"650",650,"649, 450, 549, 551, 648, 173, 850, 652, 8632, 750, 651",11
"651",651,"551, 650, 451, 550, 552, 649, 8305, 851, 752, 653, 750, 751, 652",13
"652",652,"552, 651, 452, 551, 553, 650, 852, 8962, 654, 751, 9109, 653",12
"653",653,"553, 652, 453, 552, 554, 651, 853, 754, 8480, 752, 3529, 753, 654",13
"654",654,"554, 653, 454, 553, 555, 652, 5924, 5978, 854, 755, 2305, 753, 5791, 754, 655",15
"655",655,"555, 654, 554, 556, 855, 6079, 657, 754, 4098, 755, 656",11
"656",656,"556, 655, 456, 555, 557, 757, 658, 755, 756, 657",10
"657",657,"557, 656, 457, 556, 558, 655, 1994, 857, 659, 756, 757, 658",12
"658",658,"558, 657, 458, 557, 559, 656, 3831, 858, 759, 1204, 757, 758, 659",13
"659",659,"559, 658, 459, 558, 560, 657, 859, 760, 661, 758, 4726, 759, 7113",13
"660",660,"560, 559, 561, 860, 761, 662, 2609, 8806, 760, 661",10
"661",661,"561, 660, 461, 562, 659, 861, 762, 760, 761, 662",10
"662",662,"562, 661, 462, 561, 660, 862, 763, 664, 761, 663",10
"663",663,"563, 463, 562, 564, 662, 5712, 863, 3692, 665, 762, 3640, 4539, 664",13
"664",664,"663, 565, 662, 3513, 765, 666, 763, 4096, 764, 665",10
"665",665,"565, 664, 465, 566, 663, 923, 2759, 865, 766, 667, 764, 765, 666",13
"666",666,"50, 566, 665, 466, 565, 567, 664, 866, 767, 668, 7024, 766, 667",13
"667",667,"666, 566, 568, 665, 867, 768, 669, 766, 4487, 767, 668",11
"668",668,"568, 667, 569, 666, 868, 670, 1867, 1267, 768, 669",10
"669",669,"569, 668, 568, 570, 667, 9919, 869, 770, 671, 768, 1107, 769, 670",13
"670",670,"570, 669, 470, 569, 571, 668, 2554, 870, 771, 672, 769, 678, 770, 671",14
"671",671,"571, 670, 471, 570, 572, 669, 7592, 871, 772, 673, 770, 8856, 771, 672",14
"672",672,"572, 671, 472, 571, 573, 670, 1449, 872, 773, 674, 771, 772, 673",13
"673",673,"573, 672, 473, 572, 671, 983, 6391, 6186, 873, 6688, 772, 773, 674",13
"674",674,"574, 673, 575, 672, 474, 6612, 1559, 5235, 775, 676, 773, 7605, 774, 675",14
"675",675,"674, 475, 574, 576, 875, 776, 677, 774, 676",9
"676",676,"576, 476, 575, 577, 674, 675, 8605, 876, 9495, 775, 776, 2693",12
"677",677,"577, 477, 578, 675, 877, 778, 679, 776, 777, 678",10
"678",678,"677, 478, 579, 670, 8045, 6624, 878, 779, 7564, 777, 5619, 679",12
"679",679,"579, 678, 479, 677, 580, 578, 2391, 879, 780, 681, 778, 1785, 779, 680",14
"680",680,"580, 679, 480, 579, 581, 5257, 781, 682, 779, 780, 681",11
"681",681,"581, 680, 481, 580, 582, 679, 521, 4326, 1016, 881, 683, 780, 682",13
"682",682,"582, 681, 482, 581, 680, 4702, 882, 783, 684, 782, 683",11
"683",683,"583, 682, 582, 584, 681, 9875, 883, 3582, 685, 1971, 783, 684",12
"684",684,"584, 683, 484, 583, 585, 682, 4590, 884, 785, 4604, 783, 9634, 6509, 784, 685",15
"685",685,"585, 684, 532, 584, 586, 683, 786, 687, 784, 1825, 686",11
"686",686,"486, 585, 587, 685, 939, 886, 2632, 1805, 785, 786, 687",11
"687",687,"587, 686, 487, 586, 685, 6688, 1848, 1567, 887, 4451, 689, 786, 1203, 787, 688",15
"688",688,"588, 687, 488, 587, 624, 8843, 789, 787, 788, 689",10
"689",689,"589, 688, 489, 590, 687, 588, 889, 790, 691, 788, 690",11
"690",690,"278, 490, 589, 689, 1658, 890, 791, 692, 789, 790, 691, 1253",12
"691",691,"591, 690, 135, 491, 590, 592, 689, 891, 792, 693, 692",11
"692",692,"592, 492, 591, 593, 690, 691, 6681, 793, 694, 791, 693",11
"693",693,"593, 493, 592, 594, 691, 692, 893, 5439, 695, 792, 6661, 793, 9959",13
"694",694,"594, 595, 692, 9035, 894, 795, 696, 793, 1214, 794, 695",11
"695",695,"595, 694, 495, 594, 596, 693, 7257, 4437, 895, 794, 795, 696",12
"696",696,"596, 695, 496, 595, 597, 694, 8502, 896, 797, 698, 795, 796, 697",13
"697",697,"597, 696, 497, 563, 596, 598, 5088, 5064, 798, 699, 796, 4570, 797, 698",14
"698",698,"598, 697, 498, 597, 599, 696, 898, 799, 1449, 797, 798, 3656",12
"699",699,"599, 598, 600, 697, 2371, 899, 800, 798, 799, 700",10
"700",700,"600, 699, 500, 599, 7312, 900, 799, 800",8
"701",701,"601, 602, 901, 802, 703, 702",6
"702",702,"502, 601, 603, 701, 602, 8301, 2309, 803, 704, 801, 9189, 802, 703",13
"703",703,"603, 702, 602, 604, 701, 903, 804, 705, 2882, 1537, 704",11
"704",704,"703, 605, 702, 6441, 904, 805, 4328, 5169, 804, 705",10
"705",705,"704, 505, 606, 703, 8209, 6336, 2998, 806, 707, 804, 6292, 7153",12
"706",706,"606, 110, 506, 607, 605, 8306, 906, 807, 9365, 806, 3710, 5088",12
"707",707,"607, 507, 606, 608, 705, 2928, 907, 808, 5573, 806, 708",11
"708",708,"707, 508, 607, 609, 809, 710, 807, 2004, 8758, 808, 709",11
"709",709,"609, 708, 509, 608, 610, 909, 810, 711, 808, 809, 710",11
"710",710,"610, 709, 510, 609, 611, 708, 910, 811, 712, 809, 5839, 810, 711",13
"711",711,"611, 710, 610, 612, 709, 5004, 3014, 812, 713, 810, 811, 712",12
"712",712,"612, 711, 483, 512, 611, 613, 710, 912, 813, 714, 811, 3400, 812, 713",14
"713",713,"613, 712, 57, 513, 612, 614, 711, 913, 814, 715, 812, 813, 714",13
"714",714,"614, 713, 613, 615, 712, 8756, 1342, 914, 815, 716, 813, 814, 715",13
"715",715,"615, 714, 614, 616, 713, 8999, 7195, 915, 816, 2850, 814, 815, 6435",13
"716",716,"616, 516, 615, 617, 714, 9691, 916, 817, 1248, 815, 816, 717",12
"717",717,"617, 716, 517, 616, 618, 4137, 3059, 917, 818, 719, 7648, 1840",12
"718",718,"518, 619, 864, 918, 1628, 720, 817, 8460, 719",9
"719",719,"619, 718, 519, 620, 717, 2480, 919, 820, 721, 3833, 2235, 720",12
"720",720,"620, 520, 621, 718, 719, 4238, 821, 722, 819, 4380, 820, 721",12
"721",721,"621, 720, 521, 622, 719, 3576, 745, 822, 723, 5170, 4527, 821, 722",13
"722",722,"622, 721, 522, 621, 720, 2654, 922, 823, 724, 821, 3104, 822, 723",13
"723",723,"722, 523, 622, 624, 721, 2982, 923, 824, 5374, 4876, 823, 724",12
"724",724,"723, 503, 524, 625, 722, 5220, 9665, 924, 825, 726, 9875, 7728, 824, 725",14
"725",725,"625, 724, 525, 624, 626, 925, 826, 5792, 8058, 5520",10
"726",726,"626, 526, 625, 724, 1265, 926, 827, 728, 825, 826, 727, 7705",12
"727",727,"726, 527, 626, 628, 8663, 927, 828, 729, 827, 4671",10
"728",728,"628, 528, 726, 306, 7632, 829, 730, 827, 5013, 828, 729, 5520",12
"729",729,"629, 728, 529, 630, 727, 628, 929, 830, 731, 828, 829, 730",12
"730",730,"729, 530, 629, 631, 728, 5449, 1951, 831, 732, 829, 830, 731",12
"731",731,"631, 730, 315, 531, 630, 632, 729, 931, 832, 830, 831, 732",12
"732",732,"632, 731, 256, 633, 730, 631, 4493, 5999, 932, 833, 734, 831, 7537, 733",14
"733",733,"633, 732, 533, 632, 634, 9318, 3336, 1699, 834, 1304, 832, 5091, 833",13
"734",734,"634, 534, 633, 635, 732, 6398, 835, 736, 833, 2907, 834, 735, 8765",13
"735",735,"734, 535, 1044, 935, 836, 834, 835",7
"736",736,"636, 635, 734, 7198, 9812, 936, 837, 836, 737",9
"737",737,"637, 736, 537, 636, 638, 937, 838, 739, 836, 6811, 837, 738",12
"738",738,"638, 737, 228, 538, 639, 868, 938, 839, 740, 837, 9993, 1781, 739",13
"739",739,"639, 539, 638, 737, 738, 7557, 6022, 939, 840, 741, 838, 1652, 5458, 9231",14
"740",740,"640, 540, 639, 738, 5579, 5217, 940, 841, 839, 840, 741",11
"741",741,"641, 740, 541, 640, 642, 739, 2812, 941, 842, 743, 840, 841, 742",13
"742",742,"642, 741, 542, 641, 643, 9280, 942, 843, 841, 1304, 743",11
"743",743,"643, 543, 644, 741, 742, 8850, 943, 844, 745, 842, 8183, 843, 744",13
"744",744,"644, 743, 643, 645, 8712, 8825, 7044, 944, 845, 746, 3669, 844, 7198",13
"745",745,"443, 504, 545, 646, 743, 721, 644, 9451, 5963, 3059, 747, 844, 9995, 3185, 845, 746",16
"746",746,"484, 646, 745, 546, 647, 744, 5872, 946, 847, 748, 845, 7208, 846, 747",14
"747",747,"746, 547, 646, 648, 745, 647, 3300, 2101, 749, 846, 847, 748",12
"748",748,"648, 747, 548, 649, 746, 647, 267, 7864, 948, 849, 847, 848, 749",13
"749",749,"649, 748, 549, 648, 747, 5526, 1937, 949, 850, 751, 848, 3098, 849, 750",14
"750",750,"650, 749, 550, 649, 651, 3150, 950, 851, 752, 849, 6575, 850, 751",13
"751",751,"651, 750, 551, 652, 749, 951, 852, 753, 5236, 4270, 1582, 851, 752",13
"752",752,"751, 552, 651, 653, 750, 952, 853, 754, 851, 852, 753",11
"753",753,"653, 752, 553, 654, 751, 534, 1189, 953, 854, 1192, 853, 754",12
"754",754,"654, 753, 554, 653, 655, 752, 954, 855, 756, 853, 854, 755",12
"755",755,"655, 754, 555, 654, 656, 757, 854, 855, 756",9
"756",756,"656, 755, 556, 657, 754, 1589, 3302, 857, 758, 855, 856, 757",12
"757",757,"657, 756, 658, 755, 656, 957, 858, 759, 856, 7538, 758",11
"758",758,"658, 558, 659, 756, 757, 2348, 958, 859, 760, 857, 3299, 858",12
"759",759,"659, 559, 658, 757, 959, 860, 761, 858, 859, 760, 6918",11
"760",760,"660, 759, 560, 659, 661, 758, 960, 861, 762, 859, 860, 761",12
"761",761,"661, 760, 561, 660, 662, 759, 6731, 961, 862, 763, 860, 861, 762",13
"762",762,"761, 562, 661, 663, 760, 2853, 962, 863, 764, 861, 3933, 862, 2087",13
"763",763,"563, 662, 664, 761, 9208, 963, 864, 765, 862, 764",10
"764",764,"664, 564, 665, 762, 763, 6461, 964, 865, 766, 863, 9803, 8391, 864, 765",14
"765",765,"436, 665, 764, 565, 763, 664, 2824, 866, 767, 6394, 766",11
"766",766,"666, 765, 566, 665, 667, 764, 966, 9746, 768, 6533, 9402, 866, 767",13
"767",767,"667, 766, 567, 666, 765, 967, 769, 867, 768",9
"768",768,"668, 767, 568, 667, 669, 766, 6406, 968, 869, 770, 867, 769",12
"769",769,"669, 569, 670, 767, 768, 6748, 870, 771, 868, 4398, 869, 770",12
"770",770,"670, 769, 570, 669, 671, 768, 8526, 7239, 2358, 8614, 772, 869, 5555, 870, 3514",15
"771",771,"671, 571, 670, 672, 769, 1315, 971, 872, 773, 870, 5400",11
"772",772,"672, 572, 671, 673, 770, 5041, 873, 774, 871, 872, 773, 8661",12
"773",773,"673, 772, 672, 674, 771, 973, 874, 775, 872, 4574, 873, 774",12
"774",774,"674, 773, 574, 675, 772, 974, 875, 776, 873, 3322, 874, 775",12
"775",775,"774, 575, 674, 676, 773, 876, 777, 5082, 875, 7663",10
"776",776,"676, 675, 677, 774, 976, 877, 778, 777, 3926",9
"777",777,"677, 577, 678, 775, 776, 977, 878, 1436, 876, 9912, 877, 778",12
"778",778,"777, 677, 679, 776, 6567, 4660, 5571, 879, 780, 877, 8241, 878",12
"779",779,"679, 579, 678, 680, 3580, 979, 781, 878, 879, 6705",10
"780",780,"680, 679, 681, 778, 980, 881, 782, 879, 4977, 880, 781",11
"781",781,"780, 581, 779, 680, 9066, 981, 882, 783, 2527, 5476, 9332",11
"782",782,"682, 780, 8190, 1942, 881, 3130, 882",7
"783",783,"683, 583, 682, 684, 781, 983, 884, 785, 882, 883, 784, 2713",12
"784",784,"684, 783, 584, 685, 993, 885, 786, 883, 6233, 785",10
"785",785,"784, 585, 684, 686, 783, 1313, 9731, 7818, 985, 886, 787, 884, 885, 786",14
"786",786,"686, 785, 586, 687, 784, 685, 4428, 986, 887, 788, 4234, 9357, 9214, 7872, 787",15
"787",787,"687, 786, 785, 688, 587, 3230, 987, 888, 9582, 886, 788",11
"788",788,"688, 689, 786, 787, 988, 887, 2033, 6117, 888, 789",10
"789",789,"788, 589, 688, 690, 6536, 989, 8455, 888, 889",9
"790",790,"690, 689, 5213, 6524, 891, 792, 889, 3587, 890, 791",10
"791",791,"790, 690, 692, 9004, 892, 7726, 890, 4902, 3081",9
"792",792,"592, 691, 693, 790, 2669, 992, 893, 794, 891, 892, 793, 7419",12
"793",793,"693, 792, 692, 694, 2375, 1944, 795, 4907, 893, 2665",10
"794",794,"694, 594, 792, 695, 4246, 6673, 895, 893, 6451, 894, 795",11
"795",795,"695, 794, 595, 694, 696, 793, 411, 3847, 995, 896, 797, 894, 895, 796",14
"796",796,"696, 795, 596, 697, 996, 897, 798, 2818, 2945, 896",10
"797",797,"697, 597, 696, 698, 795, 1874, 997, 9579, 799, 897, 798, 9703",12
"798",798,"698, 797, 579, 598, 699, 796, 697, 998, 899, 800, 897, 8714, 7352, 3757, 898, 799",16
"799",799,"699, 798, 599, 698, 700, 797, 9011, 999, 900, 898, 899, 800",12
"800",800,"700, 799, 699, 798, 1000, 899, 900",7
"801",801,"601, 702, 2383, 1001, 902, 4903, 901, 802",8
"802",802,"702, 801, 602, 701, 1002, 903, 804, 901, 902, 803",10
"803",803,"802, 603, 702, 904, 805, 902, 5778, 804",8
"804",804,"704, 604, 703, 705, 802, 803, 3970, 1004, 905, 806, 903, 904, 2626",13
"805",805,"704, 803, 9315, 3844, 1490, 3073, 807, 904, 6049, 905, 806, 7458",12
"806",806,"706, 805, 606, 707, 804, 705, 4015, 1006, 907, 808, 906, 807",12
"807",807,"806, 607, 706, 708, 805, 1007, 908, 6218, 906, 907, 808",11
"808",808,"708, 807, 608, 707, 709, 806, 3401, 1008, 909, 810, 907, 908, 809",13
"809",809,"709, 808, 609, 710, 708, 5001, 2368, 1009, 2790, 811, 908, 810",12
"810",810,"710, 610, 709, 711, 808, 809, 8730, 4747, 1010, 911, 812, 909, 2700, 910, 811",15
"811",811,"711, 810, 611, 710, 712, 809, 1011, 912, 813, 8502, 911, 812",12
"812",812,"712, 811, 107, 612, 711, 713, 810, 1674, 1012, 913, 814, 911, 912, 813",14
"813",813,"713, 812, 613, 712, 714, 811, 1493, 1013, 914, 815, 4525, 3121, 8243, 9309",14
"814",814,"714, 614, 713, 715, 812, 5560, 1014, 915, 913, 914, 815",11
"815",815,"715, 814, 714, 716, 813, 24, 6094, 5588, 7542, 817, 914",11
"816",816,"716, 616, 715, 6322, 2935, 1016, 917, 818, 7406, 2799, 916, 817",12
"817",817,"816, 617, 716, 718, 815, 415, 1017, 918, 3490, 917, 818",11
"818",818,"817, 618, 717, 816, 6765, 1018, 919, 917, 918, 819",10
"819",819,"818, 619, 720, 2935, 7385, 4973, 2902, 1019, 920, 821, 918, 4088, 919, 820",14
"820",820,"720, 819, 620, 719, 1020, 921, 919, 3981, 920, 821",10
"821",821,"721, 820, 621, 722, 819, 720, 922, 823, 920, 822",10
"822",822,"722, 622, 721, 821, 1022, 824, 921, 922, 823",9
"823",823,"723, 822, 623, 722, 821, 1023, 6135, 825, 922, 923, 824",11
"824",824,"724, 823, 723, 822, 8853, 925, 826, 4052, 825",9
"825",825,"625, 724, 726, 823, 824, 9557, 1025, 926, 827, 924, 925, 826",12
"826",826,"726, 825, 626, 725, 457, 824, 1026, 927, 828, 925, 6025, 827",12
"827",827,"727, 826, 627, 726, 728, 825, 1027, 928, 829, 926, 927, 828",12
"828",828,"728, 827, 727, 729, 826, 1028, 830, 927, 9872, 928, 829",11
"829",829,"729, 828, 629, 728, 730, 827, 6343, 1029, 930, 831, 928, 929, 830",13
"830",830,"730, 829, 630, 729, 731, 828, 1030, 931, 832, 929, 930, 831",12
"831",831,"731, 830, 732, 829, 730, 2164, 2288, 1031, 932, 833, 930, 931, 832",13
"832",832,"831, 632, 731, 733, 830, 5323, 1032, 933, 834, 931, 932, 833",12
"833",833,"733, 832, 633, 732, 734, 831, 1033, 934, 932, 933, 834",11
"834",834,"833, 634, 733, 735, 832, 734, 935, 933, 934, 835",10
"835",835,"735, 834, 635, 734, 9303, 6083, 3323, 1035, 6816, 934, 7649, 9586, 935, 836",14
"836",836,"736, 835, 636, 735, 737, 1036, 937, 935, 8582, 936, 837",11
"837",837,"737, 836, 736, 738, 2282, 1037, 938, 936, 7550, 1944, 5629, 838",12
"838",838,"837, 638, 737, 739, 939, 840, 937, 9229, 9703, 938, 839, 3165",12
"839",839,"838, 639, 738, 740, 2447, 940, 841, 938, 939, 840",10
"840",840,"740, 839, 640, 739, 741, 838, 5156, 1040, 842, 939, 940, 841",12
"841",841,"741, 840, 641, 740, 742, 839, 6525, 5007, 1041, 942, 843, 940, 941, 842",14
"842",842,"841, 642, 741, 743, 840, 7144, 1042, 943, 844, 941, 9981, 942, 843",13
"843",843,"743, 842, 643, 742, 841, 2028, 5660, 6147, 1043, 944, 845, 7148, 943",13
"844",844,"744, 743, 745, 842, 4684, 3936, 1044, 945, 943, 845, 1692",11
"845",845,"745, 645, 744, 746, 843, 844, 9052, 1045, 946, 847, 944, 8248, 7497, 945, 846",15
"846",846,"746, 845, 646, 747, 169, 1046, 947, 848, 945, 946, 847",11
"847",847,"747, 846, 746, 748, 845, 8532, 1047, 948, 849, 6189, 5424, 947, 848",13
"848",848,"748, 847, 648, 749, 846, 4476, 1048, 949, 850, 947, 849",11
"849",849,"749, 649, 748, 750, 847, 848, 7132, 1049, 950, 851, 948, 949, 850",13
"850",850,"750, 849, 650, 749, 848, 951, 949, 6541, 4332",9
"851",851,"751, 651, 750, 752, 849, 4199, 853, 950, 951, 852",10
"852",852,"752, 851, 652, 751, 1052, 953, 854, 951, 1143, 1804",10
"853",853,"753, 653, 752, 754, 851, 5902, 1053, 954, 855, 952, 7725, 953, 6712",13
"854",854,"754, 654, 753, 755, 852, 1054, 955, 856, 953, 954, 855, 1616",12
"855",855,"755, 854, 655, 754, 756, 853, 6062, 1055, 956, 857, 954, 2565, 856",13
"856",856,"756, 757, 854, 855, 6422, 9785, 1056, 9298, 858, 5294, 956, 857",12
"857",857,"856, 427, 657, 758, 855, 756, 1641, 1057, 958, 859, 7067, 4625, 3775, 957, 858, 9035",16
"858",858,"758, 857, 658, 757, 759, 856, 8967, 7788, 1058, 959, 860, 957, 2416, 859",14
"859",859,"3, 759, 858, 659, 758, 760, 857, 5122, 1059, 960, 861, 958, 4690, 8412, 959, 860",16
"860",860,"760, 859, 660, 759, 761, 858, 1060, 862, 959, 960, 861",11
"861",861,"761, 860, 661, 760, 762, 859, 1061, 962, 960, 961, 862",11
"862",862,"762, 861, 662, 761, 763, 860, 1649, 963, 961, 962",10
"863",863,"663, 762, 764, 3266, 1063, 964, 865, 962, 3197, 963, 864, 8814",12
"864",864,"764, 863, 763, 718, 4746, 2923, 6868, 6403, 1064, 965, 866, 963, 964, 865",14
"865",865,"864, 764, 863, 665, 8839, 966, 867, 964, 965, 866",10
"866",866,"766, 865, 666, 765, 864, 5063, 5822, 967, 868, 965, 6448, 966",12
"867",867,"767, 667, 768, 865, 5987, 6309, 968, 869, 967, 868, 9477",11
"868",868,"867, 668, 738, 769, 866, 1068, 969, 3637, 967, 968",10
"869",869,"769, 669, 768, 770, 867, 1069, 970, 871, 968, 969, 870, 8569",12
"870",870,"770, 869, 670, 771, 769, 6575, 9001, 971, 872, 970, 871",11
"871",871,"870, 671, 772, 869, 1071, 972, 970, 971, 872",9
"872",872,"772, 871, 672, 771, 773, 870, 1072, 971, 6855, 972, 873",11
"873",873,"773, 872, 673, 774, 772, 1073, 974, 875, 972, 7661, 6059, 973, 874",13
"874",874,"774, 873, 773, 7437, 5945, 5221, 2278, 1074, 975, 876, 973, 7006, 9303, 8001, 875",15
"875",875,"775, 675, 774, 873, 874, 1075, 976, 3734, 974, 975, 876",11
"876",876,"875, 676, 777, 874, 775, 1076, 977, 878, 975, 976, 877",11
"877",877,"777, 876, 677, 776, 778, 2685, 1077, 978, 8525, 976, 977, 878",12
"878",878,"778, 877, 678, 777, 779, 876, 6339, 1078, 979, 880, 977, 961, 9874, 978, 879",15
"879",879,"779, 878, 679, 778, 780, 1079, 980, 8821, 978, 979",10
"880",880,"780, 473, 878, 4914, 1859, 981, 882, 9028, 3176, 980, 881",11
"881",881,"880, 681, 780, 782, 3375, 1081, 982, 883, 980, 4751, 3457, 981, 882",13
"882",882,"782, 881, 682, 781, 783, 880, 7470, 2221, 1082, 2720, 884, 8723, 982, 883",14
"883",883,"783, 882, 683, 784, 881, 2190, 984, 885, 3765, 983, 884",11
"884",884,"883, 684, 783, 785, 882, 1170, 4557, 1084, 2778, 983, 984, 885",12
"885",885,"785, 884, 784, 883, 7301, 5379, 986, 1314, 984, 9592, 985, 886",12
"886",886,"885, 686, 785, 787, 1024, 1086, 987, 888, 986, 887",10
"887",887,"886, 687, 786, 788, 8107, 1087, 988, 889, 986, 2419, 987, 888",12
"888",888,"887, 787, 789, 886, 788, 1088, 989, 890, 2135, 988, 889",11
"889",889,"789, 888, 151, 689, 790, 887, 1089, 990, 891, 988, 5479, 989, 890",13
"890",890,"790, 889, 690, 791, 888, 5745, 1090, 991, 892, 1988, 990, 891",12
"891",891,"890, 691, 792, 889, 790, 5096, 1934, 893, 990, 2422, 991, 892",12
"892",892,"792, 891, 890, 791, 1092, 993, 894, 991, 992, 893",10
"893",893,"793, 892, 693, 792, 794, 891, 8412, 1093, 994, 895, 992, 4115, 993, 894",14
"894",894,"794, 893, 694, 795, 892, 3458, 1094, 995, 896, 993, 8530, 6258, 994, 895",14
"895",895,"795, 894, 695, 794, 893, 2173, 1095, 996, 897, 994, 995, 896",12
"896",896,"796, 895, 696, 795, 894, 3794, 3724, 997, 898, 995, 897",11
"897",897,"797, 796, 798, 895, 896, 2583, 1097, 998, 899, 996, 8072, 997, 898",13
"898",898,"798, 897, 698, 799, 896, 1098, 999, 900, 997, 3496, 998, 899",12
"899",899,"799, 898, 699, 798, 800, 897, 2818, 1099, 1000, 998, 9657, 900",12
"900",900,"800, 700, 799, 898, 899, 1100, 999, 1000",8
"901",901,"801, 701, 802, 7762, 4581, 2373, 1002, 903, 7292, 902",10
"902",902,"802, 901, 801, 803, 9348, 1102, 1003, 904, 1001, 4428, 1143, 1002, 903",13
"903",903,"902, 703, 802, 804, 901, 1103, 1004, 905, 1002, 1003, 904",11
"904",904,"804, 903, 704, 805, 902, 803, 1104, 906, 1003, 1932, 1004, 905",12
"905",905,"805, 904, 804, 903, 4176, 5615, 907, 1004, 1015, 1390, 1005, 906",12
"906",906,"806, 905, 706, 807, 904, 2481, 1106, 908, 1005, 1006, 907",11
"907",907,"807, 906, 707, 806, 808, 905, 1107, 1008, 909, 1006, 908",11
"908",908,"808, 807, 809, 906, 907, 1108, 910, 1008, 909",9
"909",909,"908, 709, 808, 810, 907, 1901, 3412, 1004, 1010, 911, 1008, 1009, 910",13
"910",910,"810, 909, 577, 710, 908, 8779, 1110, 1011, 912, 5825, 1010, 911",12
"911",911,"811, 910, 810, 812, 909, 1111, 913, 1010, 1011, 912",10
"912",912,"812, 911, 348, 712, 811, 910, 2041, 8396, 1112, 1013, 914, 1011, 1012, 913",14
"913",913,"912, 713, 812, 814, 911, 1113, 1014, 915, 1012, 9682, 1013, 914",12
"914",914,"814, 913, 714, 813, 815, 912, 1114, 3674, 916, 1013, 1014, 915",12
"915",915,"914, 715, 814, 913, 544, 1016, 4814, 1014, 916",9
"916",916,"636, 816, 915, 716, 914, 1116, 1017, 918, 1015, 1016, 2773",11
"917",917,"817, 717, 816, 818, 2613, 1117, 1018, 919, 1016, 1017",10
"918",918,"818, 470, 718, 817, 819, 916, 1118, 1019, 1017, 7528, 6811, 919",12
"919",919,"819, 918, 719, 818, 820, 917, 1119, 1020, 921, 1018, 1019, 920",12
"920",920,"820, 919, 819, 821, 1120, 1021, 922, 7434",8
"921",921,"820, 822, 919, 7973, 9530, 3076, 6340, 1121, 1022, 1020, 1021, 922, 7359",13
"922",922,"822, 921, 722, 823, 920, 821, 9898, 1122, 1023, 924, 1021, 1022, 923",13
"923",923,"823, 922, 723, 665, 290, 1123, 1024, 925, 5954, 7411, 8284, 1492, 1023",13
"924",924,"724, 825, 922, 1124, 1025, 926, 1024, 925",8
"925",925,"825, 924, 725, 824, 826, 923, 1125, 1026, 1847, 1024, 6218, 1025, 926",13
"926",926,"925, 726, 825, 827, 924, 5325, 1126, 2775, 928, 1025, 9509, 1026, 927",13
"927",927,"827, 926, 727, 826, 828, 1127, 1028, 929, 1510, 8934, 3811, 1027, 928",13
"928",928,"828, 927, 827, 829, 926, 4422, 1128, 4971, 930, 5333, 1028, 929",12
"929",929,"829, 928, 729, 830, 927, 1129, 1030, 931, 1028, 1029, 930",11
"930",930,"830, 929, 829, 831, 928, 600, 3319, 1130, 932, 1029, 931",11
"931",931,"831, 731, 830, 832, 929, 930, 8634, 1131, 1032, 933, 1030, 1031, 932",13
"932",932,"832, 931, 732, 831, 833, 930, 1819, 1132, 1033, 934, 1031, 1032, 933",13
"933",933,"833, 932, 832, 834, 931, 1133, 2960, 935, 1032, 1033, 934",11
"934",934,"834, 933, 833, 835, 932, 6613, 1134, 936, 1033, 1171, 1034, 935",12
"935",935,"835, 934, 735, 836, 933, 834, 1135, 1036, 937, 1034, 9616, 1035",12
"936",936,"836, 736, 837, 934, 1136, 1037, 938, 1036, 937, 8258",10
"937",937,"936, 737, 836, 838, 935, 7618, 1137, 1038, 5805, 1036, 1037, 938",12
"938",938,"838, 937, 738, 837, 839, 936, 1138, 1039, 940, 1037, 1038, 939",12
"939",939,"686, 839, 938, 739, 840, 838, 1275, 1139, 967, 941, 940",11
"940",940,"840, 740, 841, 938, 839, 939, 9795, 5368, 3060, 2417, 1140, 1041, 942, 1039, 1040, 941",16
"941",941,"841, 940, 741, 842, 939, 1141, 1042, 943, 1040, 3526, 7306, 942",12
"942",942,"842, 941, 742, 841, 940, 1142, 1043, 3102, 1041, 3428, 1042, 943",12
"943",943,"843, 942, 743, 842, 844, 941, 1143, 1044, 945, 1042, 1043, 944",12
"944",944,"943, 744, 843, 845, 3506, 5064, 946, 1043, 1044, 945",10
"945",945,"182, 845, 944, 844, 846, 943, 3212, 1145, 1046, 1883, 1044, 1045, 946",13
"946",946,"846, 945, 746, 845, 944, 1146, 1047, 948, 8641, 1046, 947",11
"947",947,"847, 946, 846, 848, 4767, 7826, 2059, 1147, 1048, 949, 1046, 1047",12
"948",948,"748, 847, 849, 946, 4778, 1148, 4568, 950, 1048, 949, 4344",11
"949",949,"849, 948, 749, 848, 947, 850, 6604, 1149, 1050, 951, 6694, 1049, 950",13
"950",950,"949, 750, 849, 851, 948, 1150, 1051, 952, 7594, 1050, 951",11
"951",951,"851, 950, 751, 852, 949, 850, 1151, 1052, 953, 1050, 952",11
"952",952,"951, 752, 853, 950, 9254, 8426, 1152, 1053, 2336, 1051, 2034, 9651, 1052, 953",14
"953",953,"853, 952, 753, 852, 854, 951, 5458, 1153, 1054, 6800, 1052, 1053, 954",13
"954",954,"854, 953, 754, 853, 855, 1154, 1055, 956, 1053, 3365, 1054, 955",12
"955",955,"954, 854, 3650, 9694, 7668, 1155, 1056, 957, 1054, 3270, 1055, 956",12
"956",956,"856, 955, 855, 954, 1129, 5929, 1057, 958, 1055, 6742, 7406",11
"957",957,"857, 757, 858, 955, 5674, 7485, 1058, 1056, 1407, 1057, 958",11
"958",958,"957, 758, 857, 859, 956, 4565, 1613, 1158, 1059, 960, 1057, 1058, 959",13
"959",959,"859, 958, 759, 858, 860, 8003, 2079, 1060, 961, 1058, 1680, 960",12
"960",960,"860, 760, 859, 861, 958, 959, 1629, 1160, 962, 9027, 5885, 1060, 961",13
"961",961,"861, 960, 761, 878, 862, 959, 8589, 3341, 1161, 1062, 963, 1060, 1061, 962",14
"962",962,"862, 961, 762, 861, 863, 960, 8518, 1063, 964, 1061, 963",11
"963",963,"863, 962, 763, 862, 864, 961, 1163, 1064, 4462, 1062, 1063, 8535",12
"964",964,"864, 764, 863, 865, 962, 1164, 1065, 966, 4513, 1064, 965",11
"965",965,"865, 964, 864, 866, 7658, 2704, 1165, 1066, 6013, 2381, 7692, 1065, 966",13
"966",966,"866, 965, 766, 865, 964, 6261, 8524, 7381, 1166, 1067, 968, 1065, 1066, 967",14
"967",967,"867, 966, 767, 868, 939, 866, 5574, 1167, 1068, 969, 1066, 1067, 2060",13
"968",968,"868, 768, 867, 869, 966, 1597, 1168, 1069, 970, 1067, 6922, 1068, 969",13
"969",969,"869, 968, 868, 967, 4719, 4008, 9158, 1169, 1070, 5015, 1068, 1069, 970",13
"970",970,"870, 969, 869, 871, 968, 6852, 5248, 4878, 1071, 972, 1069, 1070",12
"971",971,"871, 771, 870, 872, 7250, 9766, 2413, 1171, 1072, 973, 1070, 1071, 972, 8043",14
"972",972,"872, 971, 871, 873, 970, 3643, 9225, 1172, 1073, 974, 1072, 973",12
"973",973,"873, 972, 773, 874, 971, 1173, 1074, 975, 1072, 5717, 1073, 974",12
"974",974,"973, 774, 873, 875, 972, 5486, 4133, 1174, 1075, 976, 1073, 2956",12
"975",975,"875, 874, 876, 973, 1175, 1076, 977, 1074, 5960, 1075, 976, 5167",12
"976",976,"876, 975, 776, 875, 877, 974, 1176, 1077, 978, 1075, 8631, 3976, 2893, 1076",14
"977",977,"877, 777, 876, 878, 975, 5868, 1078, 979, 1076, 1077, 978, 8301",12
"978",978,"878, 977, 877, 879, 976, 8956, 1079, 1077, 1078",9
"979",979,"879, 779, 878, 977, 7446, 1179, 1080, 981, 2693, 1079, 6500",11
"980",980,"880, 780, 879, 881, 1180, 9493, 1280, 1079, 3603, 1080, 8880, 7081",12
"981",981,"881, 781, 880, 979, 8485, 1082, 7110, 1080, 8736, 982",10
"982",982,"882, 981, 881, 22, 8962, 7602, 1182, 984, 1081, 1082, 983",11
"983",983,"883, 982, 673, 783, 884, 2167, 1183, 1084, 5629, 1082, 1083, 984",12
"984",984,"884, 983, 885, 982, 883, 3050, 1085, 986, 1083, 2549, 985",11
"985",985,"885, 785, 984, 8526, 6143, 4367, 1185, 987, 1084, 2972, 1085, 986",12
"986",986,"886, 985, 786, 887, 984, 885, 1186, 1087, 2656, 1085, 7766, 1086, 987",13
"987",987,"887, 986, 787, 886, 985, 5687, 1187, 1088, 989, 1086, 8095, 1087, 988",13
"988",988,"888, 987, 788, 887, 889, 1188, 1089, 990, 1087, 1088, 989",11
"989",989,"889, 988, 789, 888, 987, 1189, 991, 1088, 1089, 3818",10
"990",990,"890, 889, 891, 988, 1798, 4035, 1190, 992, 1089, 1090, 991",11
"991",991,"891, 990, 890, 892, 989, 7523, 4203, 1191, 1092, 993, 1090, 1091, 992",13
"992",992,"892, 991, 792, 893, 990, 1192, 1093, 8331, 1091, 6960, 1092, 993",12
"993",993,"893, 992, 784, 892, 894, 991, 1193, 1094, 7183, 1352, 7670, 1093, 994",13
"994",994,"894, 993, 893, 895, 1194, 1095, 1093, 1094, 995",9
"995",995,"895, 994, 795, 894, 896, 4808, 1195, 1096, 997, 1094, 1095, 996",12
"996",996,"995, 895, 897, 796, 8370, 1196, 1097, 998, 1095, 5352, 1096, 997",12
"997",997,"897, 996, 797, 896, 898, 995, 3669, 1197, 1098, 999, 1096, 6342, 4643, 1097, 998",15
"998",998,"898, 997, 798, 897, 899, 996, 1198, 8801, 1000, 1097, 1098, 999",12
"999",999,"998, 799, 898, 900, 997, 6089, 1199, 1100, 1098, 6981, 1099, 1000, 6051",13
"1000",1000,"900, 999, 800, 899, 998, 8410, 1200, 1099, 1100",9
"1001",1001,"240, 801, 902, 1201, 1102, 1003, 3627, 1101, 1002",9
"1002",1002,"902, 1001, 802, 901, 903, 385, 1202, 1004, 1101, 1102, 1003",11
"1003",1003,"903, 1002, 53, 902, 904, 1001, 5156, 2638, 1203, 1104, 1005",11
"1004",1004,"904, 804, 903, 905, 909, 1002, 1204, 1006, 1103, 1104, 5607",11
"1005",1005,"905, 906, 1003, 1205, 1106, 1007, 1104, 6733, 1105, 1006, 5083",11
"1006",1006,"906, 1005, 806, 907, 1004, 1107, 1008, 1105, 8074, 1106, 1007",11
"1007",1007,"1006, 131, 807, 1005, 1071, 6658, 1207, 1108, 1009, 1106, 1224, 1107, 1008",13
"1008",1008,"908, 1007, 808, 907, 909, 1006, 4776, 5744, 1208, 1010, 1107, 1009",12
"1009",1009,"909, 809, 1007, 1008, 1209, 1110, 1011, 1108, 2225, 1010",10
"1010",1010,"910, 810, 909, 911, 1008, 1009, 1210, 1012, 1109, 1110, 2100",11
"1011",1011,"911, 811, 910, 912, 1009, 1211, 1112, 1013, 7654, 1111",10
"1012",1012,"912, 812, 913, 1010, 7761, 1212, 1113, 1014, 1111, 1112, 1013, 5209",12
"1013",1013,"913, 1012, 813, 912, 914, 1011, 1114, 1015, 1112, 7096, 1014",11
"1014",1014,"914, 1013, 1, 814, 913, 915, 1012, 1214, 1115, 1016, 1113, 2874, 1114, 1015",14
"1015",1015,"1014, 905, 916, 1013, 6577, 6333, 1215, 1116, 1114, 1115, 1016",11
"1016",1016,"916, 1015, 816, 917, 1014, 681, 915, 2311, 1216, 1018, 1115, 1116, 1017",13
"1017",1017,"917, 1016, 817, 916, 918, 1217, 3878, 1116, 2311, 1486, 1117, 1018",12
"1018",1018,"1017, 818, 917, 919, 1016, 8165, 4403, 1218, 1119, 1020, 1117, 2093, 1118, 1019",14
"1019",1019,"919, 1018, 819, 918, 1361, 1219, 1120, 1021, 1118, 5325, 1020",11
"1020",1020,"1019, 820, 919, 921, 1018, 4671, 1220, 1121, 1022, 1119, 1021",11
"1021",1021,"921, 1020, 920, 922, 1019, 2538, 7812, 1221, 1122, 1023, 1120, 7740, 1121, 1022",14
"1022",1022,"922, 1021, 822, 921, 1020, 361, 7363, 9719, 1222, 8884, 1024, 1121, 1122, 1023",14
"1023",1023,"923, 1022, 823, 922, 1021, 3957, 1223, 1124, 1025, 1122, 9326, 7998, 1123, 1024",14
"1024",1024,"924, 1023, 79, 923, 925, 1022, 886, 1224, 1125, 1026, 1124, 1025",12
"1025",1025,"925, 1024, 825, 924, 926, 1023, 1225, 1126, 1027, 1125, 1026",11
"1026",1026,"926, 1025, 826, 925, 1024, 8911, 8041, 8537, 2600, 1028, 1125, 1126, 1027",13
"1027",1027,"927, 1026, 827, 1025, 6138, 3230, 1227, 1128, 1029, 1126, 2353, 1127, 1028",13
"1028",1028,"928, 1027, 828, 927, 929, 1026, 1228, 4738, 1030, 1127, 6226, 1128, 1029",13
"1029",1029,"929, 1028, 829, 930, 1027, 7665, 1339, 1130, 1031, 1129, 1030",11
"1030",1030,"1029, 830, 929, 931, 1028, 5777, 1230, 1131, 1032, 1129, 1130",11
"1031",1031,"931, 595, 831, 932, 1029, 1231, 1132, 1033, 1130, 5524, 1131, 1032",12
"1032",1032,"932, 1031, 832, 931, 933, 1030, 9437, 1232, 1133, 1034, 1131, 4615, 1132, 1033",14
"1033",1033,"933, 1032, 833, 932, 934, 1031, 7422, 1233, 1134, 1132, 1133, 1034",12
"1034",1034,"934, 1033, 935, 1032, 1442, 1135, 1036, 1133, 3993, 1134, 1035",11
"1035",1035,"935, 1034, 835, 2603, 1235, 1136, 1037, 1134, 8185, 9899, 1135, 1036",12
"1036",1036,"936, 1035, 836, 935, 937, 1034, 4249, 5912, 1038, 1135, 5794, 1136",12
"1037",1037,"937, 538, 837, 936, 938, 1035, 7836, 1237, 1138, 1039, 1136, 1061, 1234, 1137, 1038, 9243",16
"1038",1038,"938, 1037, 937, 33, 1036, 4651, 1238, 1139, 1040, 6825, 1138, 1039",12
"1039",1039,"1038, 938, 940, 1037, 8902, 1239, 1140, 1041, 1138, 1259, 1139",11
"1040",1040,"940, 840, 941, 1038, 1240, 1141, 1042, 1139, 7699, 1041, 2847",11
"1041",1041,"1040, 841, 940, 942, 1039, 1241, 1142, 1043, 1140, 1141, 1042",11
"1042",1042,"942, 1041, 842, 941, 943, 1040, 7745, 4831, 4180, 1352, 1242, 1143, 1044, 1141, 1142, 1043",16
"1043",1043,"943, 1042, 843, 942, 944, 1041, 8223, 1243, 1144, 1045, 1142, 1143, 1044",13
"1044",1044,"735, 944, 1043, 844, 943, 945, 1042, 1244, 6338, 1046, 4858, 5135, 2930, 8229",14
"1045",1045,"945, 845, 1043, 4129, 1245, 9384, 1047, 1145, 1046",9
"1046",1046,"946, 1045, 846, 945, 947, 1044, 290, 3399, 1048, 1145, 5006, 1146, 1047",13
"1047",1047,"947, 1046, 847, 946, 1045, 9688, 6117, 1247, 1148, 1049, 1146, 9073, 1147, 1048",14
"1048",1048,"948, 1047, 848, 947, 1046, 1248, 1149, 1050, 1147, 1148, 1049",11
"1049",1049,"949, 1048, 849, 1047, 6823, 1051, 1148, 1149, 1050",9
"1050",1050,"950, 1049, 949, 951, 1048, 9303, 8020, 2744, 1250, 1151, 1052, 1149, 4020, 1051",14
"1051",1051,"1050, 950, 952, 1049, 3267, 9114, 1150, 7851, 6288, 1151, 1052",11
"1052",1052,"952, 1051, 852, 951, 953, 1050, 3315, 8838, 8696, 2991, 1252, 1153, 1054, 7806, 1152",15
"1053",1053,"953, 853, 952, 954, 8933, 1253, 1154, 1055, 1152, 1153, 1054, 8020",12
"1054",1054,"954, 1053, 854, 953, 955, 1052, 1367, 1254, 1155, 1056, 1153, 1154, 1055",13
"1055",1055,"955, 1054, 855, 954, 956, 1053, 7789, 1255, 1156, 7140, 1155, 5828",12
"1056",1056,"856, 955, 957, 1054, 1256, 1157, 1058, 1155, 1156, 1057",10
"1057",1057,"957, 1056, 857, 956, 958, 485, 1454, 1257, 1158, 1059, 1156, 8125, 1157, 1058",14
"1058",1058,"958, 1057, 858, 957, 959, 1056, 5948, 5640, 1258, 1159, 1060, 1157, 9323, 1158, 1059",15
"1059",1059,"1058, 859, 958, 1057, 3628, 1259, 1160, 1061, 1158, 1159, 1060",11
"1060",1060,"960, 1059, 860, 959, 961, 1058, 1260, 1161, 1062, 1159, 1160, 1061",12
"1061",1061,"961, 1060, 861, 1037, 962, 1059, 6826, 1261, 1162, 4219, 1160, 1161, 1062",13
"1062",1062,"358, 1061, 961, 963, 1060, 1262, 1163, 1064, 1161, 9507, 1063",11
"1063",1063,"963, 863, 962, 1062, 1263, 1164, 1065, 6217, 3059, 1163, 2030",11
"1064",1064,"964, 864, 963, 1062, 7079, 1264, 8249, 1163, 1164, 1065",10
"1065",1065,"965, 1064, 964, 966, 1063, 4986, 1265, 1166, 1067, 1164, 1165, 1066",12
"1066",1066,"966, 1065, 965, 967, 1266, 1167, 1068, 1165, 4643, 8814, 1166, 1067",12
"1067",1067,"967, 1066, 966, 968, 1065, 1267, 1168, 1069, 1166, 1167, 1068",11
"1068",1068,"968, 1067, 868, 967, 969, 1066, 1268, 1070, 1167, 4735, 1168, 1069",12
"1069",1069,"969, 1068, 869, 968, 970, 1067, 1269, 1170, 1071, 1168, 1169, 1070",12
"1070",1070,"970, 1069, 462, 969, 971, 1068, 2514, 1235, 1171, 1072, 1169, 1170, 1071",13
"1071",1071,"1007, 971, 1070, 871, 1069, 970, 1760, 1271, 1172, 1073, 1170, 8950, 1171, 1072",14
"1072",1072,"972, 1071, 872, 971, 973, 1070, 8436, 5990, 1173, 1074, 9210, 1172, 1073",13
"1073",1073,"973, 1072, 873, 972, 974, 1071, 3296, 1273, 1174, 2310, 1172, 1173, 4653",13
"1074",1074,"874, 973, 975, 1072, 9976, 1274, 1175, 1173, 1174, 1075",10
"1075",1075,"975, 1074, 875, 974, 976, 1078, 1176, 1077, 1174, 6986, 1175, 1076",12
"1076",1076,"976, 1075, 876, 975, 977, 5692, 1276, 1177, 2777, 1175, 8340, 5071, 1176, 1077",14
"1077",1077,"977, 1076, 877, 976, 978, 1075, 7158, 1178, 1079, 1176, 1177, 1078",12
"1078",1078,"978, 1077, 878, 977, 1075, 1514, 1278, 1179, 1080, 1178, 1079",11
"1079",1079,"979, 1078, 879, 980, 1077, 978, 1279, 1180, 1081, 1178, 4189, 1080",12
"1080",1080,"980, 979, 981, 1078, 1079, 1280, 1181, 1082, 1081",9
"1081",1081,"881, 982, 1079, 1080, 6176, 6022, 1281, 1182, 1986, 1180, 1082",11
"1082",1082,"982, 882, 983, 1080, 275, 981, 1081, 5101, 1282, 1084, 1181, 1182, 1083",13
"1083",1083,"983, 1082, 984, 4548, 1283, 1184, 1085, 1182, 3825, 6010, 1183, 1084",12
"1084",1084,"1083, 884, 983, 985, 1082, 7028, 1284, 1185, 3511, 1183, 4266, 1184, 1085",13
"1085",1085,"985, 1084, 984, 986, 1083, 8036, 3240, 1186, 2855, 8408, 2749, 1874, 1185, 1086",14
"1086",1086,"986, 1085, 886, 987, 8199, 1119, 4234, 1088, 1185, 3062, 1186, 1087",12
"1087",1087,"987, 1086, 887, 986, 988, 7835, 1287, 1188, 1089, 1186, 1213, 1187, 1088",13
"1088",1088,"988, 1087, 888, 987, 989, 1086, 4915, 1189, 1090, 1187, 1188, 1089",12
"1089",1089,"989, 1088, 988, 990, 1087, 889, 1289, 1190, 1091, 1188, 8294, 1189, 1090",13
"1090",1090,"990, 1089, 890, 991, 1088, 1290, 1191, 1092, 1189, 1190, 1091",11
"1091",1091,"991, 1090, 992, 1089, 1192, 1093, 5730, 2104, 1092",9
"1092",1092,"992, 1091, 892, 991, 1090, 1292, 1191, 5980, 5960, 1093",10
"1093",1093,"993, 1092, 893, 992, 994, 1091, 1293, 1194, 1095, 1192, 1193, 1094",12
"1094",1094,"994, 1093, 894, 993, 995, 1271, 2736, 1096, 1193, 4156, 1194, 1095",12
"1095",1095,"995, 1094, 12, 895, 994, 996, 1093, 1196, 1097, 1194, 1195, 1096",12
"1096",1096,"370, 996, 1095, 995, 997, 1094, 1296, 1197, 1098, 1195, 1196, 1097",12
"1097",1097,"997, 1096, 897, 996, 998, 1095, 1297, 1198, 1099, 1196, 1197, 1098",12
"1098",1098,"998, 1097, 898, 997, 999, 1096, 5080, 1298, 1199, 1100, 1197, 1198, 1099",13
"1099",1099,"999, 1098, 899, 1000, 1097, 1299, 1200, 1198, 1590, 1199, 1100",11
"1100",1100,"1000, 1099, 900, 999, 1098, 1274, 1300, 1199, 3976, 1200",10
"1101",1101,"1001, 1002, 1301, 1202, 1103, 1201, 1102",7
"1102",1102,"1002, 1101, 341, 902, 1001, 1203, 1557, 1201, 1202, 1103",10
"1103",1103,"1102, 903, 1004, 1101, 7309, 1303, 1105, 1202, 9496, 1203, 1104, 2377",12
"1104",1104,"1004, 1103, 904, 1003, 1005, 1167, 1304, 1205, 1106, 1204, 1105",11
"1105",1105,"1005, 1104, 1006, 1103, 6850, 5747, 1305, 1206, 1107, 6749, 6231, 1205, 1106",13
"1106",1106,"1006, 1105, 906, 1005, 1007, 1104, 2183, 1488, 1306, 1207, 1108, 2544, 1748, 1206, 1107",15
"1107",1107,"1007, 1106, 907, 1008, 1105, 1006, 669, 1513, 1307, 1208, 1109, 1206, 1207, 1108",14
"1108",1108,"1107, 908, 1007, 1009, 1106, 92, 8048, 1308, 1209, 4171, 1207, 1208, 1109",13
"1109",1109,"1108, 1010, 1107, 7194, 1309, 1210, 1111, 1208, 9487, 1209, 1110, 1316",12
"1110",1110,"1010, 1109, 910, 1009, 1310, 1211, 1112, 1209, 1210, 1111",10
"1111",1111,"1011, 1110, 911, 1012, 1109, 6839, 1212, 1113, 1210, 1211, 1112",11
"1112",1112,"1012, 1111, 912, 1011, 1013, 1110, 2301, 1312, 1213, 1114, 1211, 4583, 1113",13
"1113",1113,"1112, 913, 1012, 1014, 1111, 1313, 1115, 1212, 9562, 4191",10
"1114",1114,"1014, 24, 914, 1013, 1015, 1112, 5904, 1314, 1215, 1116, 1213, 1214, 1115, 8235",14
"1115",1115,"1015, 1114, 1014, 1016, 1113, 7388, 3725, 3479, 1315, 1117, 1214, 1215, 1116",13
"1116",1116,"1016, 1115, 916, 1015, 1017, 1114, 9651, 1316, 1217, 1118, 6871, 1216, 1117",13
"1117",1117,"1017, 1116, 917, 1018, 1115, 1317, 1218, 1119, 1216, 1217, 1118",11
"1118",1118,"1018, 1117, 918, 1019, 1116, 5075, 1318, 1219, 1120, 1217, 1218",11
"1119",1119,"1018, 1020, 1117, 1086, 919, 1319, 1220, 1219, 1120, 7617",10
"1120",1120,"505, 1119, 920, 1019, 1021, 1118, 9612, 9593, 1221, 1219, 1220, 1121",12
"1121",1121,"1021, 1120, 921, 1020, 1022, 1321, 1222, 1123, 1220, 1221, 1122",11
"1122",1122,"1022, 1121, 922, 1021, 1023, 9239, 1322, 1223, 1124, 1221, 5171, 1222, 1123",13
"1123",1123,"1023, 1122, 57, 923, 1121, 8235, 3356, 1323, 1224, 1125, 1222, 1223, 1124",13
"1124",1124,"1024, 1123, 924, 1023, 1122, 5608, 3533, 1225, 1126, 1223, 1224, 1125",12
"1125",1125,"1025, 1124, 925, 1024, 1026, 1123, 5194, 1325, 1224, 1225, 1126",11
"1126",1126,"1026, 1125, 926, 1025, 1027, 1124, 1498, 1326, 1128, 1225, 1226, 1127",12
"1127",1127,"1027, 1126, 927, 1028, 6308, 1508, 1327, 1228, 1129, 1226, 4349, 1227, 1128",13
"1128",1128,"1028, 1127, 928, 1027, 1126, 2948, 1328, 1229, 1130, 1227, 2876, 1228, 9484",13
"1129",1129,"1029, 929, 1030, 1127, 956, 9319, 2248, 1230, 1131, 1228, 9196, 1229, 1130",13
"1130",1130,"1030, 1129, 930, 1031, 1128, 1029, 1330, 1231, 1132, 1229, 1230, 1131",12
"1131",1131,"1031, 1130, 931, 1030, 1032, 1129, 1630, 9943, 1232, 1230, 1231, 1132",12
"1132",1132,"1032, 1131, 932, 1031, 1033, 1130, 1233, 1134, 5908, 1232, 1133",11
"1133",1133,"1033, 1132, 933, 1032, 1034, 1333, 1234, 1135, 1232, 1233, 1134",11
"1134",1134,"1034, 1133, 934, 1033, 1035, 1132, 1235, 1136, 1233, 1135",10
"1135",1135,"1035, 1134, 935, 1036, 1133, 1034, 9767, 9462, 1335, 1236, 1137, 1234, 1235, 1995",14
"1136",1136,"1036, 936, 1035, 1037, 1134, 2994, 1336, 1237, 3159, 3276, 1236, 1137",12
"1137",1137,"1037, 1136, 937, 1135, 3197, 1337, 1238, 3384, 8560, 1237, 1138",11
"1138",1138,"1038, 1137, 938, 1037, 1039, 1338, 4310, 1140, 1237, 7444, 1238, 1139",12
"1139",1139,"1039, 1138, 939, 1038, 1040, 1339, 1240, 1141, 1238, 9304, 1239, 8107",12
"1140",1140,"940, 1039, 1041, 1138, 1340, 1241, 1142, 1239, 1240, 1141",10
"1141",1141,"1041, 1140, 941, 1040, 1042, 1139, 4964, 1242, 1143, 1240, 1313, 1241, 1142",13
"1142",1142,"1042, 1141, 942, 1041, 1043, 1140, 9036, 1342, 1243, 2341, 1241, 8930, 1143",13
"1143",1143,"1043, 852, 943, 1042, 1141, 902, 1142, 9066, 6239, 1145, 1242, 9840, 1447, 1144",14
"1144",1144,"1143, 1043, 9771, 7252, 3307, 1146, 1243, 1244, 1145",9
"1145",1145,"1045, 1144, 945, 1046, 1143, 1345, 1246, 1147, 1244, 1245, 1146",11
"1146",1146,"1046, 1145, 946, 1047, 1144, 1247, 1148, 1245, 2249, 1147",10
"1147",1147,"1047, 947, 1048, 1145, 1146, 1347, 1248, 1149, 1246, 1247, 1148",11
"1148",1148,"1048, 1147, 948, 1047, 1049, 1146, 4670, 4384, 2149, 2303, 1150, 1247, 7686, 3382, 1248, 1149",16
"1149",1149,"1049, 1148, 949, 1048, 1050, 1147, 4095, 1349, 1250, 1151, 1248, 1249, 1150",13
"1150",1150,"1149, 467, 950, 1051, 1148, 5410, 1350, 1251, 1152, 1249, 6700, 1250, 1151",13
"1151",1151,"1051, 1150, 951, 1050, 1149, 3665, 1252, 1153, 1250, 1152",10
"1152",1152,"1052, 952, 1053, 1150, 327, 1151, 7850, 5808, 1253, 1154, 9846, 1252, 1153",13
"1153",1153,"1053, 1152, 953, 1052, 1054, 1151, 2460, 6628, 1254, 1155, 1252, 6735, 1585, 1253, 1154",15
"1154",1154,"1054, 1153, 954, 1053, 1152, 8768, 1354, 1255, 1156, 1253, 8802, 7335, 1254, 1155",14
"1155",1155,"1055, 1154, 955, 1054, 1056, 1153, 1355, 1256, 1254, 1255, 1156",11
"1156",1156,"1056, 1155, 1055, 1057, 1154, 1356, 1257, 1158, 1255, 7919, 7192, 1256, 6893",13
"1157",1157,"1057, 1056, 1058, 5517, 1357, 1258, 1159, 1256, 9325, 1257, 8823",11
"1158",1158,"1058, 123, 958, 1057, 1059, 1156, 1358, 5187, 1160, 1258, 1159",11
"1159",1159,"1059, 1158, 1058, 1060, 1157, 1286, 1359, 1260, 1161, 1258, 5709, 9951, 1259, 2856",14
"1160",1160,"462, 1060, 960, 1059, 1061, 1158, 8527, 5625, 5263, 1261, 1162, 3988, 6537, 1260, 1161",15
"1161",1161,"1061, 1160, 961, 1060, 1062, 1159, 4474, 1262, 1163, 7401, 5528, 1162",12
"1162",1162,"1161, 1061, 1160, 6043, 1362, 1263, 1164, 1261, 9777, 9688, 1163, 9973",12
"1163",1163,"1063, 963, 1062, 1064, 1161, 1162, 1264, 1165, 9138, 1263, 1164",11
"1164",1164,"1064, 1163, 964, 1063, 1065, 1162, 1364, 1265, 1263, 1165",10
"1165",1165,"1065, 965, 1066, 1163, 1164, 2957, 1365, 1266, 1167, 1264, 4817, 4450, 1265, 1166",14
"1166",1166,"1066, 1165, 966, 1065, 1067, 1366, 1267, 1168, 5592, 1266, 1167",11
"1167",1167,"1067, 1166, 967, 1066, 1068, 1165, 1104, 2336, 1169, 1266, 4434, 1267, 1168",13
"1168",1168,"1068, 1167, 968, 1067, 1069, 1166, 1368, 1269, 1170, 1267, 7847, 1268, 1169",13
"1169",1169,"1069, 1168, 969, 79, 1070, 1167, 1369, 1270, 8815, 1268, 9381",11
"1170",1170,"1070, 1069, 1071, 1168, 884, 5582, 1370, 1271, 1172, 1269, 1270",11
"1171",1171,"1071, 971, 1070, 934, 7983, 1272, 1173, 1270, 1271, 1172, 1330",11
"1172",1172,"1072, 1171, 972, 1071, 1073, 1170, 7179, 1372, 1273, 7259, 1479, 1173",12
"1173",1173,"1073, 973, 1072, 1171, 1074, 1172, 6477, 1373, 1274, 1175, 1272, 1273",12
"1174",1174,"1074, 974, 1073, 1075, 5598, 4017, 3440, 1275, 1176, 1273, 1274, 1175, 1629",13
"1175",1175,"1075, 1174, 975, 1074, 1076, 1173, 8238, 7934, 1276, 1177, 1274, 1275, 1176",13
"1176",1176,"1076, 1175, 976, 1075, 1077, 1174, 1376, 1178, 1275, 4692, 1177",11
"1177",1177,"1077, 1076, 1175, 1176, 2020, 4831, 1377, 1179, 1276, 1277, 4043",11
"1178",1178,"1078, 1077, 1079, 1176, 1378, 1279, 1180, 1277, 7963, 2316, 1278, 1179",12
"1179",1179,"1178, 979, 1078, 1177, 7185, 7042, 1379, 6102, 1278, 1279, 1180",11
"1180",1180,"1179, 980, 1079, 1081, 1178, 1250, 4950, 2221, 1380, 1281, 1182, 1279, 1280, 1181",14
"1181",1181,"116, 1180, 1080, 1082, 1449, 8854, 1381, 1282, 1183, 1280, 8768, 1281, 1182",13
"1182",1182,"1082, 1181, 982, 1081, 1083, 1180, 9808, 1382, 1283, 1184, 1281, 4710, 1282, 1183",14
"1183",1183,"1083, 1182, 983, 1084, 1181, 4513, 1383, 1284, 1185, 1282, 1283, 1184",12
"1184",1184,"1084, 1183, 1083, 1182, 1384, 1285, 1186, 1283, 1185",9
"1185",1185,"219, 1085, 1184, 985, 1084, 1086, 1183, 1385, 1286, 1187, 1284, 1285, 1186",13
"1186",1186,"1086, 1185, 986, 1085, 1087, 1184, 1386, 1287, 1188, 1285, 6240, 3569, 1286, 1187",14
"1187",1187,"1087, 1186, 987, 1088, 1185, 8172, 5337, 3204, 1387, 1288, 1189, 1286, 7424, 9824, 1287, 1188",16
"1188",1188,"1088, 1187, 988, 1087, 1089, 1186, 5125, 8843, 1190, 5229, 1288, 1189",12
"1189",1189,"1089, 1188, 989, 1088, 1090, 1187, 753, 4696, 1389, 7663, 1288, 1289, 1190",13
"1190",1190,"1090, 1189, 990, 1089, 1188, 7046, 1390, 1291, 1192, 1289, 1290, 1191",12
"1191",1191,"1190, 991, 1090, 1092, 7703, 1391, 1193, 1290, 7159, 4197",10
"1192",1192,"753, 992, 1093, 1190, 1091, 7697, 7167, 1392, 1293, 1194, 1291, 1292, 1193, 5839",14
"1193",1193,"1093, 1192, 993, 1094, 527, 1191, 1393, 1294, 1195, 7342, 1194",11
"1194",1194,"1094, 994, 1093, 1095, 1192, 1193, 1394, 1196, 1293, 1294, 1195",11
"1195",1195,"1095, 1194, 995, 1096, 1193, 8166, 1296, 1197, 1294, 1295, 1196",11
"1196",1196,"1096, 1195, 996, 1097, 1194, 1095, 3632, 1396, 1297, 1198, 1295, 1296, 1197",13
"1197",1197,"1097, 1196, 997, 1096, 1098, 1195, 1397, 1298, 1199, 1296, 3008, 2760, 1297, 1198",14
"1198",1198,"1098, 1197, 998, 1097, 1099, 1196, 93, 1398, 1299, 1200, 1297, 1298",12
"1199",1199,"1099, 999, 1098, 1100, 1197, 7130, 1399, 1298, 1299, 1200",10
"1200",1200,"1100, 1199, 1000, 1099, 1198, 9231, 3407, 1400, 1299, 9639",10
"1201",1201,"1101, 1001, 1102, 8399, 1401, 8480, 1203, 1301",8
"1202",1202,"1102, 1101, 1103, 1002, 166, 8342, 1303, 1204, 1301, 1203, 7878",11
"1203",1203,"1103, 1202, 1003, 1201, 1102, 687, 8035, 1403, 1304, 5712, 1204",11
"1204",1204,"1104, 1203, 658, 1004, 1202, 1404, 1305, 1206, 3363, 6025, 1304, 1205",12
"1205",1205,"1105, 1204, 1005, 1104, 2942, 4281, 1405, 1306, 1207, 1304, 3164, 1305, 1206",13
"1206",1206,"1106, 1205, 1105, 1107, 1204, 9167, 1406, 1307, 1208, 1305, 8395, 1306",12
"1207",1207,"1107, 1007, 1106, 1108, 1205, 188, 1407, 1308, 1209, 1306, 1307, 8404",12
"1208",1208,"1108, 1008, 1107, 1109, 1206, 7227, 6421, 1408, 1309, 1210, 1307, 1308, 1209",13
"1209",1209,"1109, 1208, 1009, 1108, 1110, 1207, 1409, 1310, 1308, 1309, 1210",11
"1210",1210,"1110, 1209, 1010, 1109, 1111, 1208, 1410, 1311, 1212, 1309, 3522, 1211",12
"1211",1211,"1111, 1011, 1110, 1112, 1210, 4887, 1518, 1411, 1312, 2316, 1310, 5466, 1311, 1212",14
"1212",1212,"1211, 1012, 1111, 1113, 1210, 1412, 1313, 1214, 1311",9
"1213",1213,"1087, 1112, 1114, 6163, 2927, 1215, 1312, 1214, 9619",9
"1214",1214,"1114, 694, 1014, 1115, 1212, 1213, 2269, 1315, 1216, 1270, 1314",11
"1215",1215,"1115, 111, 1015, 1114, 210, 1213, 7283, 1415, 1316, 8168, 1314, 1216, 6317",13
"1216",1216,"1116, 1016, 1117, 1214, 1215, 1416, 1317, 1218, 1315, 4431, 6085, 1316, 1217",13
"1217",1217,"1117, 1216, 1017, 1116, 1118, 1417, 1318, 1219, 1316, 1317, 1218",11
"1218",1218,"1118, 1217, 1018, 1117, 1216, 1606, 6630, 1319, 1220, 1317, 1318",11
"1219",1219,"1119, 1019, 1118, 1120, 1217, 1419, 1320, 1221, 1318, 1319, 1220, 1462",12
"1220",1220,"1120, 1219, 1020, 1119, 1121, 1218, 4684, 1321, 1222, 1319, 1320, 1221",12
"1221",1221,"1121, 1220, 1021, 1122, 1219, 1120, 5602, 1421, 4488, 1223, 1320, 1569, 1321, 1222",14
"1222",1222,"1122, 1221, 1022, 1121, 1123, 1220, 5186, 1422, 1323, 3844, 1321, 6957, 1223",13
"1223",1223,"112, 1123, 1222, 1023, 1122, 1124, 1221, 1423, 1324, 1225, 1322, 1323, 1224",13
"1224",1224,"1124, 1223, 1007, 1024, 1123, 1125, 8796, 1424, 1325, 1226, 1323, 5725, 1324",13
"1225",1225,"1125, 1025, 1124, 1126, 1223, 1425, 1326, 1324, 1325, 4011",10
"1226",1226,"1126, 1127, 1224, 5530, 1426, 1327, 1228, 1325, 4968, 1326, 9136",11
"1227",1227,"1127, 1027, 1128, 5249, 4747, 1427, 1328, 1229, 1326, 4827, 8114, 2254, 1228, 2823",14
"1228",1228,"1128, 1227, 1028, 1127, 1129, 1226, 3263, 1428, 1329, 1230, 1327, 3467, 1328, 1229",14
"1229",1229,"1129, 1228, 1128, 1130, 1227, 8346, 8928, 4703, 1429, 1330, 1328, 1329, 1230",13
"1230",1230,"1130, 1229, 1030, 1129, 1131, 1228, 6918, 1430, 1331, 1232, 1330, 7740",12
"1231",1231,"1131, 1031, 1130, 6053, 1332, 1233, 1330, 5767, 1331, 1943",10
"1232",1232,"1132, 1032, 1131, 1133, 1230, 2102, 1432, 1333, 1234, 3374, 1332, 1233",12
"1233",1233,"1133, 1232, 1033, 1134, 1231, 1132, 1433, 3325, 1235, 1332, 3049, 1234",12
"1234",1234,"1037, 1233, 1133, 1135, 1232, 8064, 3890, 1434, 4179, 1236, 1333, 1334, 1235",13
"1235",1235,"1135, 1234, 1035, 1070, 1233, 1134, 6781, 1435, 1336, 1237, 1334, 6716, 7831, 6134",14
"1236",1236,"1136, 1135, 1234, 7744, 1436, 5022, 1238, 6474, 1336, 1237",10
"1237",1237,"1137, 1236, 1037, 1136, 1138, 1235, 1437, 3289, 1239, 1336, 1337, 1238",12
"1238",1238,"1138, 1237, 1038, 1137, 1139, 1236, 1438, 1339, 1240, 1337, 1767, 1239",12
"1239",1239,"1139, 1238, 1039, 1140, 1237, 1439, 6065, 1241, 1338, 1339, 1240",11
"1240",1240,"1140, 1239, 1040, 1139, 1141, 1238, 7614, 1440, 1341, 1242, 1340, 1241",12
"1241",1241,"1141, 1240, 1041, 1140, 1142, 1239, 8191, 1441, 1342, 1243, 1341, 1242",12
"1242",1242,"1241, 1042, 1143, 1240, 1141, 2318, 1442, 1343, 9168, 1341, 1342, 9182",12
"1243",1243,"1043, 1142, 1144, 1241, 1631, 1443, 1344, 1245, 1342, 9709, 8680, 5891, 7844, 1244",14
"1244",1244,"1144, 1243, 515, 1044, 1145, 1444, 4531, 1343, 5811, 6558, 2354, 1344, 1245",13
"1245",1245,"1145, 1244, 1045, 1146, 1243, 1445, 1346, 1247, 1344, 8689, 1345, 1246",12
"1246",1246,"1245, 1145, 1147, 6964, 9371, 1446, 1248, 1345, 1346, 1247",10
"1247",1247,"1147, 1246, 1047, 1148, 1245, 1146, 1447, 1348, 2540, 1346, 1347",11
"1248",1248,"1148, 716, 1048, 1147, 1149, 1246, 1448, 3820, 1250, 1347, 2255, 1348, 4460, 6924",14
"1249",1249,"1149, 1150, 7837, 1449, 2620, 1251, 1348, 1349, 1250",9
"1250",1250,"1180, 1150, 1249, 1050, 1149, 1151, 1248, 1450, 1351, 1252, 1349, 1350",12
"1251",1251,"1150, 1249, 4274, 6589, 2932, 1253, 1781, 2139, 6702, 1351, 1252, 8102",12
"1252",1252,"1152, 1251, 1052, 1151, 1153, 1250, 1353, 8631, 6673, 1352, 1253",11
"1253",1253,"690, 1153, 1252, 1053, 1154, 1251, 1152, 1453, 5807, 6661, 1254",11
"1254",1254,"1154, 1253, 1054, 1153, 1155, 9201, 8774, 3446, 1454, 1355, 1256, 3808, 1354, 1255",14
"1255",1255,"1155, 1254, 1055, 1154, 1156, 6028, 1455, 1356, 8830, 1354, 7898, 1355, 1256",13
"1256",1256,"1156, 1255, 1056, 1155, 1157, 1254, 1456, 2909, 1258, 1355, 1356, 1257",12
"1257",1257,"1157, 1256, 1057, 1156, 4151, 8087, 7536, 6255, 1457, 1259, 1356, 7163, 1357, 1258",14
"1258",1258,"1158, 1257, 1058, 1157, 1159, 1256, 1458, 1359, 1260, 1357, 1358",11
"1259",1259,"1159, 1039, 1059, 1257, 5391, 1360, 1261, 1358, 6011, 1359, 1260",11
"1260",1260,"1160, 1259, 1060, 1159, 1258, 1460, 1262, 1359, 5224, 1360, 1261",11
"1261",1261,"1260, 1061, 1160, 1162, 1259, 6355, 1362, 1263, 1360, 7971, 1361, 1262",12
"1262",1262,"1261, 1062, 1260, 1161, 9915, 5159, 2453, 1462, 1363, 1264, 1361, 1362, 1263",13
"1263",1263,"1163, 1262, 1063, 1162, 1164, 1261, 1463, 1364, 1265, 1362, 4179, 1593, 5781",13
"1264",1264,"1064, 1165, 1262, 1163, 7231, 1464, 1365, 1363, 1364, 1265",10
"1265",1265,"1165, 1264, 726, 1065, 1164, 1263, 5253, 1465, 1366, 1267, 1364, 2467, 1266",13
"1266",1266,"1166, 1066, 1165, 1167, 1265, 4210, 1466, 9667, 1268, 5179, 1366, 1267",12
"1267",1267,"1167, 1266, 668, 1067, 1166, 1168, 1265, 1467, 1368, 1269, 9234, 1367, 1268",13
"1268",1268,"1168, 1267, 1068, 1169, 1266, 2083, 7967, 2267, 1872, 1275, 1468, 1369, 1270, 1367, 8729, 1368, 1269",17
"1269",1269,"281, 1268, 1069, 1168, 1170, 1267, 6155, 3295, 1469, 1370, 1271, 1368, 1369, 1270, 5598",15
"1270",1270,"1170, 1269, 1214, 1169, 1171, 1268, 6802, 6359, 1470, 1371, 1272, 1369, 1370, 1271",14
"1271",1271,"1171, 1270, 1071, 1170, 1269, 1094, 1354, 1471, 1372, 1273, 1370, 1371, 1272",13
"1272",1272,"153, 1271, 1171, 1173, 1270, 1472, 1373, 1274, 1371, 1372, 1273, 8728",12
"1273",1273,"1173, 1272, 1073, 1172, 1174, 1271, 1473, 1374, 1275, 1372, 1373, 1274",12
"1274",1274,"1174, 1273, 1074, 1173, 1175, 1272, 1100, 1474, 1276, 1373, 1374, 1275",12
"1275",1275,"1175, 1274, 1174, 1176, 1273, 1268, 939, 1475, 1277, 9835, 1375, 1276",12
"1276",1276,"1275, 1076, 1177, 1274, 1175, 1476, 1377, 6096, 1376, 1277, 2351",11
"1277",1277,"1177, 1276, 1178, 1275, 8536, 1477, 1378, 1279, 2455, 3563, 1377, 1278",12
"1278",1278,"1178, 1277, 1078, 1179, 317, 5510, 1326, 1478, 1379, 1280, 1377, 1378, 1279",13
"1279",1279,"1179, 1278, 1079, 1178, 1180, 1277, 2671, 1479, 1380, 1281, 1378, 1379, 1280",13
"1280",1280,"1180, 1279, 980, 1080, 1181, 1278, 6680, 6704, 1480, 1381, 1282, 1379, 1380, 7096",14
"1281",1281,"1181, 1081, 1180, 1182, 1279, 1481, 1382, 1283, 1380, 1381, 1282",11
"1282",1282,"1182, 1281, 1082, 1181, 1183, 1280, 4713, 1482, 1383, 1284, 1381, 1382, 1283",13
"1283",1283,"1183, 1282, 1083, 1182, 1184, 1281, 1828, 2662, 1384, 1285, 1382, 1383, 1284",13
"1284",1284,"214, 1283, 1084, 1183, 1185, 1282, 6140, 1484, 1385, 1286, 1383, 1384, 6099",13
"1285",1285,"1185, 1184, 1186, 1283, 3194, 1485, 1386, 1384, 1385, 1286",10
"1286",1286,"1186, 1285, 1185, 1187, 1284, 1159, 6039, 1387, 1288, 4400, 1287",11
"1287",1287,"1187, 1286, 1087, 1186, 5641, 2829, 1487, 1388, 1289, 1386, 2932, 1387, 1288",13
"1288",1288,"1188, 1287, 1187, 1189, 1286, 3701, 1488, 1389, 6396, 1387, 1289",11
"1289",1289,"564, 1189, 1089, 1190, 1287, 1288, 1335, 1489, 1390, 1291, 1388, 6362, 6703",13
"1290",1290,"1190, 1090, 1191, 7844, 1490, 1391, 5247, 1389, 1390, 1291",10
"1291",1291,"1290, 1190, 1192, 1289, 3022, 7540, 1491, 1392, 1293, 1390, 6535, 1391, 6402",13
"1292",1292,"1192, 227, 1092, 6432, 4896, 1492, 1391, 7280, 5813, 1293",10
"1293",1293,"1292, 1093, 1192, 1194, 1291, 7312, 1493, 1394, 1393, 1294",10
"1294",1294,"1194, 1293, 1193, 1195, 6844, 1395, 1296, 1393, 8763, 1394",10
"1295",1295,"1195, 1196, 4213, 1396, 1297, 1394, 6268, 4165, 1395, 1296, 5481",11
"1296",1296,"1196, 1295, 1096, 1195, 1197, 1294, 1496, 1397, 1298, 1395, 1396, 1297",12
"1297",1297,"1197, 1296, 1097, 1196, 1198, 1295, 2083, 1852, 1497, 1398, 1396, 4349, 1397, 1298",14
"1298",1298,"1198, 1297, 1098, 1197, 1296, 1199, 2569, 1498, 1399, 1300, 1397, 1398, 1299",13
"1299",1299,"1199, 1298, 1099, 1198, 1200, 8685, 2651, 1499, 1400, 1398, 9354, 1399, 1300",13
"1300",1300,"533, 1299, 1100, 1298, 1500, 4117, 1400",7
"1301",1301,"1201, 1101, 1202, 1501, 1402, 1303, 4512, 1401",8
"1302",1302,"2921, 1502, 1403, 5393, 7666, 4024, 1402, 1303, 9117",9
"1303",1303,"1302, 1103, 1202, 1301, 4142, 7355, 1404, 1305, 1402, 1403, 5538",11
"1304",1304,"1204, 733, 742, 1104, 1203, 1205, 1504, 1405, 8017, 1403, 5494, 1404, 1305",13
"1305",1305,"1205, 1304, 1105, 1204, 1206, 1303, 1505, 1406, 1307, 1404, 1405, 1306",12
"1306",1306,"1206, 1305, 1106, 1205, 1207, 4366, 1506, 1407, 1308, 1405, 6409, 1406, 4875",13
"1307",1307,"1207, 1107, 1206, 1208, 1305, 377, 7826, 1460, 1309, 1406, 7241, 1407, 1308",13
"1308",1308,"1208, 1307, 1108, 1207, 1209, 1306, 1508, 1409, 1310, 5374, 1309",11
"1309",1309,"415, 1209, 1308, 1109, 1208, 1210, 1307, 9651, 1509, 1410, 1311, 1408, 2812, 1310",14
"1310",1310,"1110, 1209, 1211, 1308, 1309, 1510, 1411, 1312, 1409, 5650, 1410, 1311",12
"1311",1311,"1211, 1310, 1210, 1212, 1309, 7066, 1412, 1945, 1411, 1312",10
"1312",1312,"1311, 1112, 1211, 1213, 1310, 1512, 1413, 1314, 1411, 1412, 1313",11
"1313",1313,"785, 1312, 1141, 1113, 1212, 143, 3741, 1513, 1315, 9342, 9955, 1314, 3170",13
"1314",1314,"1214, 1313, 885, 1114, 1215, 1312, 1415, 1316, 1413, 2350, 1315",11
"1315",1315,"393, 1115, 1214, 1216, 1313, 771, 1314, 4331, 7240, 1515, 1416, 1317, 9316, 1415, 1316",15
"1316",1316,"1109, 1216, 1315, 1116, 1215, 1217, 1314, 1516, 1417, 1318, 1415, 9850, 9129, 1416, 1317",15
"1317",1317,"1217, 1316, 1117, 1216, 1218, 1315, 9446, 1517, 1418, 1319, 1416, 1417",12
"1318",1318,"1218, 1118, 1217, 1219, 1316, 1518, 1419, 1320, 1417, 1319, 2207",11
"1319",1319,"1219, 1119, 1220, 1317, 1218, 1318, 7271, 1519, 1420, 1321, 1418, 1419, 1320",13
"1320",1320,"1220, 1319, 1219, 1221, 1318, 6038, 1520, 1421, 1322, 8951, 1420",11
"1321",1321,"1221, 1121, 1220, 1222, 1319, 1521, 1422, 1323, 1322, 1949",10
"1322",1322,"1122, 1223, 1320, 1321, 7936, 1423, 1324, 1421, 9003, 1422, 1769",11
"1323",1323,"1223, 1123, 1222, 1224, 1321, 7516, 1523, 1424, 1325, 1422, 5051, 1423, 1324",13
"1324",1324,"1224, 1323, 1223, 1225, 1322, 1524, 1425, 1326, 1423, 1424, 1325",11
"1325",1325,"1225, 1324, 1125, 1224, 1226, 1323, 9756, 1525, 1426, 6503, 7501, 8154, 4676, 2718, 6785, 1326",16
"1326",1326,"1226, 1325, 1126, 1225, 1227, 1324, 1278, 1526, 4932, 8723, 1426, 1327",12
"1327",1327,"1326, 1127, 1226, 1228, 9707, 1527, 1428, 1329, 1426, 1427, 1328",11
"1328",1328,"1228, 1327, 1128, 1227, 1229, 7597, 6935, 1528, 1429, 1330, 1427, 1428, 1329",13
"1329",1329,"1229, 1328, 1228, 1327, 7896, 3468, 1529, 1331, 1428, 1429, 1330",11
"1330",1330,"1171, 1230, 1329, 1130, 1229, 1231, 1328, 1530, 1431, 1332, 7579, 1503, 1430, 6659",14
"1331",1331,"1231, 1230, 1329, 1432, 1333, 1430, 4679",7
"1332",1332,"1232, 1231, 1233, 1330, 3114, 1532, 1433, 1334, 1431, 1432, 1333",11
"1333",1333,"1332, 1133, 1232, 1234, 1331, 1533, 1434, 1335, 1432, 1433, 1334",11
"1334",1334,"1234, 1333, 1235, 1332, 5106, 1534, 1435, 1336, 1433, 1434, 1335",11
"1335",1335,"1334, 1135, 1289, 1333, 1535, 1337, 1620, 1336",8
"1336",1336,"1236, 1136, 1235, 1237, 1334, 1335, 8225, 6439, 1536, 1437, 1338, 1435, 1436, 1337",14
"1337",1337,"1237, 1336, 1137, 1238, 1335, 3644, 1537, 1438, 1339, 1436, 1437, 1338",12
"1338",1338,"1337, 542, 1138, 1239, 1336, 8783, 3786, 1439, 1340, 1437, 1533, 1438, 1339",13
"1339",1339,"1239, 1338, 1139, 1238, 1029, 1337, 1539, 1440, 1341, 1438, 8328, 8107, 1496, 1340",14
"1340",1340,"1240, 1339, 1140, 1338, 7288, 1540, 1441, 1342, 1439, 1440",10
"1341",1341,"1241, 1240, 1242, 1339, 5251, 6670, 1442, 1343, 1440, 1441, 8428",11
"1342",1342,"1242, 646, 1142, 1241, 1243, 1340, 714, 1725, 1443, 1344, 1441, 8683, 7871",13
"1343",1343,"224, 1242, 1244, 1341, 1543, 1444, 1345, 1443, 1344",9
"1344",1344,"1244, 1343, 1243, 1245, 1342, 1544, 1445, 1346, 1443, 1444, 1345",11
"1345",1345,"1245, 1344, 1145, 1246, 1343, 8665, 7708, 5182, 9811, 1446, 1347, 1444, 9091, 9388, 1445, 1346",16
"1346",1346,"1246, 1345, 1245, 1247, 1344, 9475, 1546, 1447, 8614, 1445, 1446, 1347",12
"1347",1347,"1247, 1346, 1147, 1248, 1345, 1448, 1349, 1668, 1447, 1348",10
"1348",1348,"1248, 1347, 1247, 1249, 607, 5734, 1548, 1449, 1350, 1447, 9642, 7945, 1448",13
"1349",1349,"1249, 1149, 1250, 1347, 4539, 3231, 8698, 1351, 1448, 1449, 1350",11
"1350",1350,"1250, 1349, 1150, 1348, 6499, 8501, 1550, 1352, 7607, 5252, 1450, 1351",12
"1351",1351,"1251, 1350, 402, 1250, 1349, 5400, 1551, 1452, 1353, 7774, 6649, 8186, 1451, 1352",14
"1352",1352,"1252, 1351, 993, 1042, 1350, 4397, 1453, 1451, 6844, 7660, 1452",11
"1353",1353,"1351, 1252, 4357, 1553, 1454, 1355, 1453, 1354, 4994",9
"1354",1354,"1254, 1353, 517, 1154, 1255, 1271, 1554, 1455, 1356, 1453, 1776, 1454, 1355",13
"1355",1355,"1255, 1354, 1155, 1254, 1256, 1353, 5094, 3772, 3310, 1555, 4829, 1357, 1454, 1455, 1356",15
"1356",1356,"1256, 1355, 1156, 1255, 1257, 1354, 6198, 1457, 1358, 1455, 7360, 1456, 1357",13
"1357",1357,"1257, 1356, 1157, 1258, 1355, 9415, 1557, 1458, 1359, 1456, 1948, 1457, 2155",13
"1358",1358,"1258, 1158, 1259, 1356, 2765, 2350, 1558, 1459, 2329, 1457, 8825, 1458, 1359",13
"1359",1359,"1259, 1358, 1159, 1258, 1260, 1357, 6885, 4440, 5995, 1361, 1458, 1459, 1360",13
"1360",1360,"1260, 1359, 1259, 1261, 1560, 1461, 1397, 1459, 1460, 1361",10
"1361",1361,"1261, 1360, 1262, 1359, 1019, 7356, 6151, 1462, 1460, 7432, 1461, 1362",12
"1362",1362,"1262, 1361, 1162, 1263, 1261, 4211, 1463, 1364, 1461, 8581, 1462, 1363",12
"1363",1363,"1362, 1262, 1264, 1563, 1464, 1365, 1462, 1463",8
"1364",1364,"1264, 1164, 1263, 1265, 1362, 3676, 3439, 1564, 1465, 1463, 1464, 5891, 5145",13
"1365",1365,"1165, 1264, 1363, 5680, 1565, 1466, 1367, 1464, 1465, 1366",10
"1366",1366,"1266, 1365, 1166, 1265, 1566, 1467, 1368, 1465, 2044, 1466, 1692",11
"1367",1367,"1267, 1268, 1365, 1054, 2307, 1468, 1369, 1466, 2742, 5762, 1368",11
"1368",1368,"1268, 1168, 1267, 1269, 1366, 1367, 3958, 1469, 1370, 1467, 1468, 1369",12
"1369",1369,"1269, 1368, 1169, 1268, 1270, 1367, 1470, 1371, 1468, 1469, 1370",11
"1370",1370,"1270, 1369, 1170, 1269, 1271, 1368, 1570, 1471, 1372, 1469, 1470, 1371",12
"1371",1371,"1271, 1370, 227, 1270, 1272, 1369, 1571, 1472, 1373, 1470, 1471, 1372",12
"1372",1372,"1272, 1371, 1172, 1271, 1273, 1370, 4565, 1572, 4708, 1374, 1471, 1472, 1373",13
"1373",1373,"1273, 1372, 1173, 1272, 1274, 1371, 5086, 1573, 1474, 1375, 1472, 7751, 1473, 1374",14
"1374",1374,"1274, 1373, 1273, 1372, 9968, 5502, 1376, 8702, 1474, 1375",10
"1375",1375,"1275, 1374, 1373, 9975, 5918, 1575, 1476, 1377, 1474, 1376",10
"1376",1376,"1276, 1176, 1374, 1375, 9581, 5202, 4146, 7229, 1477, 1378, 1475, 1476, 1377",13
"1377",1377,"1277, 1376, 1177, 1276, 1278, 1375, 2739, 1577, 1478, 1379, 1477",11
"1378",1378,"1278, 1178, 1277, 1279, 1376, 1578, 7186, 1380, 1477, 1820, 1478, 1379, 8028",13
"1379",1379,"1279, 1378, 1179, 1278, 1280, 1377, 1579, 1480, 1381, 1478, 1380",11
"1380",1380,"1280, 1180, 1279, 1281, 1378, 1379, 2149, 1481, 1382, 1479, 6841",11
"1381",1381,"1281, 1181, 1280, 1282, 1379, 7242, 1482, 1480, 1382, 1386",10
"1382",1382,"1282, 1182, 1281, 1283, 1380, 1381, 1582, 1481, 1482, 1383",10
"1383",1383,"1283, 1382, 1183, 1282, 1284, 1583, 1484, 1482, 7947, 1483, 1384",11
"1384",1384,"1284, 1383, 1184, 1283, 1285, 9196, 1584, 1485, 1483, 6452, 1484, 1385",12
"1385",1385,"1285, 1384, 1185, 1284, 1949, 1925, 1486, 1387, 1484, 6774, 3924, 1485, 1386",13
"1386",1386,"1381, 1385, 1186, 1285, 1287, 5292, 3711, 1586, 1487, 1388, 2697, 7422, 5021, 3449, 4497",15
"1387",1387,"1287, 1187, 1288, 1385, 1286, 4628, 1587, 1488, 1389, 1486, 8632, 1487, 1388",13
"1388",1388,"1387, 1287, 1289, 1386, 4317, 1588, 1489, 1390, 1487, 2213, 1488, 1389, 9151",13
"1389",1389,"1388, 1189, 1288, 1290, 1387, 1589, 1490, 1391, 1488, 1489, 1390",11
"1390",1390,"1290, 1389, 1190, 1289, 1291, 1388, 905, 3078, 1491, 1489, 8234, 1391",12
"1391",1391,"1291, 1390, 1191, 1290, 1292, 1389, 1591, 1492, 1393, 1490, 9662, 1491, 1392",13
"1392",1392,"1391, 1192, 1291, 550, 1592, 1493, 1394, 1491, 4132, 1492, 1393",11
"1393",1393,"1293, 1392, 1193, 1294, 1391, 1593, 1494, 1395, 3361, 1493, 1394",11
"1394",1394,"1294, 1393, 1194, 1293, 1295, 1392, 2798, 1594, 1495, 4535, 1494, 1395",12
"1395",1395,"1295, 1394, 1296, 1393, 1294, 8988, 1595, 1496, 1397, 1494, 1495, 1396",12
"1396",1396,"1296, 1395, 1196, 1297, 1295, 5940, 5249, 9567, 1495, 1496, 1397",11
"1397",1397,"1297, 1396, 1197, 1296, 1298, 1360, 1395, 1597, 1399, 1496, 1497, 1398",12
"1398",1398,"1298, 1397, 1198, 1297, 1299, 4056, 1598, 1499, 1400, 1497, 1498",11
"1399",1399,"1299, 1199, 1298, 1397, 6095, 6941, 1500, 1498, 4321, 1499, 1400, 6841",12
"1400",1400,"1300, 1399, 1200, 1299, 1398, 6625, 3568, 1600, 1499, 1500",10
"1401",1401,"1301, 1201, 1565, 1601, 1502, 1403, 1501, 1402",8
"1402",1402,"1302, 1401, 560, 1301, 1303, 7802, 1602, 1503, 1404, 1501, 1502, 5123",12
"1403",1403,"1303, 1203, 1302, 1304, 1401, 3064, 1603, 1405, 1502, 1503, 1404",11
"1404",1404,"1304, 1403, 1204, 1303, 1305, 1402, 5552, 1604, 1505, 1406, 1503, 1405",12
"1405",1405,"1305, 1205, 1304, 1306, 1403, 1404, 1605, 1506, 2672, 1504, 1505, 1406",12
"1406",1406,"1306, 1405, 1206, 1305, 1307, 1404, 1606, 1507, 1408, 1505, 2546, 1506, 1407",13
"1407",1407,"1307, 1406, 1207, 1306, 957, 8843, 1607, 1508, 1409, 1506, 6765, 1507",12
"1408",1408,"1208, 1309, 1406, 1608, 1410, 1409",6
"1409",1409,"323, 1209, 1308, 1310, 1407, 1408, 8580, 3082, 1609, 1510, 1411, 1509, 1410",13
"1410",1410,"1310, 1409, 1210, 1309, 1408, 2282, 1610, 1511, 1412, 1509, 3252, 7591, 1411",13
"1411",1411,"1311, 1410, 1211, 1310, 1312, 1409, 6436, 4423, 1512, 1413, 1510, 1412",12
"1412",1412,"1312, 1212, 1311, 1410, 1411, 2738, 1612, 1513, 1414, 1511, 1512, 1413",12
"1413",1413,"1412, 1312, 1314, 1411, 4914, 1613, 1514, 1415, 1512, 1513, 1414",11
"1414",1414,"1413, 1412, 7006, 1614, 1515, 1416, 1513, 1514, 1415",9
"1415",1415,"1315, 1414, 1215, 1314, 1316, 1413, 6935, 1615, 1516, 1417, 1514, 1515, 1416",13
"1416",1416,"1316, 1415, 1216, 1315, 1317, 1414, 2050, 1616, 1517, 1418, 1515, 1417",12
"1417",1417,"1317, 1217, 1316, 1318, 1415, 1416, 2680, 3175, 1419, 1516, 1621, 6013, 1418",13
"1418",1418,"1417, 1317, 1319, 1416, 5877, 8896, 6906, 6428, 1618, 1519, 1420, 2837, 1518, 1419",14
"1419",1419,"1319, 1418, 1219, 1318, 1417, 2623, 1619, 1520, 1421, 1518, 1519, 1420",12
"1420",1420,"1320, 1419, 1319, 1418, 9850, 1521, 1422, 1519, 8475, 1520, 1421",11
"1421",1421,"1420, 1221, 1320, 1322, 1419, 1522, 1520, 4383, 1521, 4671",10
"1422",1422,"1322, 1222, 1321, 1323, 1420, 1622, 1523, 1521, 2704, 1522, 5232, 9991",12
"1423",1423,"1323, 1223, 1324, 1322, 6148, 4121, 1623, 1524, 1425, 1522, 7063, 1523, 1424",13
"1424",1424,"1324, 1423, 1224, 1323, 9385, 6593, 1624, 1525, 1971, 1523, 1543, 1524, 1425",13
"1425",1425,"1424, 1225, 1324, 1423, 7112, 3002, 1625, 1526, 3590, 1524, 1525, 1426",12
"1426",1426,"1326, 1425, 1226, 1325, 1327, 1626, 1527, 1428, 1525, 1526",10
"1427",1427,"1327, 1227, 1328, 1627, 1528, 3654, 8306, 1428, 3496",9
"1428",1428,"1328, 1228, 1327, 1329, 1426, 1427, 4164, 1628, 1529, 9052, 1528",11
"1429",1429,"1329, 1229, 1328, 1530, 1431, 1528, 1529, 1430, 6739",9
"1430",1430,"1330, 1429, 1230, 1331, 3088, 1531, 1432, 1529, 2479, 6088, 1530, 1431",12
"1431",1431,"1430, 1330, 1332, 1429, 3464, 1631, 1532, 1433, 1530, 1531, 1432",11
"1432",1432,"1332, 1431, 1232, 1333, 1430, 1331, 5866, 1632, 1533, 1434, 1531, 1532, 1433",13
"1433",1433,"1333, 1432, 1233, 1332, 1334, 1431, 7537, 9536, 1633, 1534, 1435, 6803, 8860, 1533, 1434",15
"1434",1434,"1334, 1433, 1234, 1333, 1432, 7444, 4316, 1634, 1535, 1436, 1533, 1534, 1435",13
"1435",1435,"1434, 1235, 1334, 1336, 1433, 3197, 1635, 1536, 1437, 1534, 1535, 1436",12
"1436",1436,"1336, 1435, 777, 1236, 1337, 1434, 7794, 1636, 1537, 1438, 1535, 4159, 1536, 1437",14
"1437",1437,"1337, 1436, 1237, 1336, 1338, 1435, 3338, 1637, 1538, 1439, 1536, 3458, 1537, 1438",14
"1438",1438,"1338, 1437, 1238, 1337, 1339, 1436, 1638, 1539, 1440, 1537, 8369, 1538, 1439",13
"1439",1439,"1438, 1239, 1340, 1437, 1338, 6203, 1639, 1540, 1441, 1538, 1539, 1440",12
"1440",1440,"1340, 1439, 1240, 1339, 1341, 1438, 9194, 1541, 1539, 1540",10
"1441",1441,"1341, 1241, 1340, 1342, 1439, 1641, 7204, 4063, 3822, 1541, 1442, 5069",12
"1442",1442,"1441, 1034, 1242, 1341, 6111, 4038, 1897, 1642, 1543, 1444, 1541, 2239, 1542, 1443",14
"1443",1443,"1343, 1442, 1243, 1342, 1344, 2296, 1643, 1544, 1445, 4155, 1543",11
"1444",1444,"1344, 1244, 1343, 1345, 1442, 4309, 1644, 1545, 1446, 1543, 9524, 6394, 1544, 1445, 8002",15
"1445",1445,"1345, 1444, 627, 1245, 1344, 1346, 1443, 1645, 1546, 1447, 1544, 9089, 1545",13
"1446",1446,"1346, 1246, 1345, 1444, 8557, 6521, 1646, 1448, 1545, 1546, 1447, 3843",12
"1447",1447,"1347, 1446, 1247, 1346, 1348, 1445, 1143, 6613, 1468, 2205, 1548, 1449, 1546, 1448",14
"1448",1448,"1348, 1447, 1248, 1349, 1446, 1347, 4610, 1648, 1549, 1450, 1547, 1548, 1449",13
"1449",1449,"1181, 1349, 1448, 698, 1249, 1348, 672, 1447, 4668, 1649, 1451, 1548, 7962, 6967, 1549, 1450",16
"1450",1450,"1350, 1449, 1250, 1448, 1650, 1551, 1452, 9867, 4262",9
"1451",1451,"1351, 1352, 1449, 1651, 1552, 1453, 1550, 7034, 1551, 9259, 4710",11
"1452",1452,"1352, 1351, 1450, 1652, 1553, 1454, 1551, 2513, 9786, 1552, 1453",11
"1453",1453,"1353, 1452, 1253, 1352, 1354, 1451, 1653, 1553, 1454",9
"1454",1454,"1354, 1453, 1254, 1353, 1355, 1452, 1057, 1555, 1553, 1554, 1455",11
"1455",1455,"1355, 1454, 1255, 1354, 1356, 3019, 2773, 1655, 1556, 1554, 4742, 3031",12
"1456",1456,"439, 1356, 1256, 1357, 1656, 1557, 1458, 1555, 1556, 1457",10
"1457",1457,"1357, 1456, 1257, 1356, 1358, 1657, 1558, 1556, 1694, 1557, 1458",11
"1458",1458,"1358, 1457, 1258, 1357, 1359, 1456, 1559, 1460, 1557, 1558, 1459",11
"1459",1459,"1359, 1458, 1358, 1360, 8176, 1659, 1461, 1558, 9398, 8565, 1460",11
"1460",1460,"1360, 1459, 1260, 1307, 1361, 1458, 1660, 1561, 1462, 2729, 1560, 1461",12
"1461",1461,"1361, 1460, 1360, 1362, 1459, 7271, 1661, 1562, 1463, 1560, 1561, 1462",12
"1462",1462,"1219, 1362, 1461, 1262, 1363, 1460, 1361, 2209, 1464, 8959, 1562, 1463",12
"1463",1463,"1363, 1462, 1263, 1364, 1461, 1362, 4759, 1663, 1564, 1465, 9545, 7659",12
"1464",1464,"1364, 1264, 1363, 1365, 1462, 1664, 4010, 1466, 1564, 6099",10
"1465",1465,"1365, 1265, 1364, 1366, 1463, 8633, 1665, 1566, 1467, 7092, 9556, 1565, 4438",13
"1466",1466,"1366, 1266, 1365, 1367, 1464, 1666, 1468, 1565, 1566, 1467",10
"1467",1467,"1466, 1267, 1366, 1368, 1465, 2632, 5049, 1667, 1568, 1469, 1566, 1567",12
"1468",1468,"1368, 1268, 1367, 1369, 1466, 1447, 1668, 1470, 1567, 1568, 1469, 2138",12
"1469",1469,"1369, 1468, 1269, 1368, 1370, 1467, 1669, 1570, 1471, 1568, 1470",11
"1470",1470,"1370, 1469, 364, 1270, 1371, 1468, 1369, 6240, 1472, 1569, 2055, 1471",12
"1471",1471,"1371, 1470, 1271, 1370, 1372, 1469, 1671, 1572, 1570, 1571, 1472",11
"1472",1472,"1372, 1471, 1272, 1371, 1373, 1470, 6013, 1672, 1573, 1474, 1571, 1572, 1473",13
"1473",1473,"1373, 1472, 1273, 2616, 1673, 1475, 1572, 1755, 3597, 1474",10
"1474",1474,"1374, 1473, 1274, 1373, 1375, 1472, 1674, 1575, 9133, 1573, 1574, 1475",12
"1475",1475,"1474, 1275, 1376, 1473, 2029, 1675, 1576, 1574, 1575, 2206",10
"1476",1476,"1376, 1276, 1375, 382, 1676, 1577, 1478, 1575, 1576, 1477",10
"1477",1477,"1377, 1476, 1277, 1376, 1378, 2378, 1578, 1576, 1577, 1478",10
"1478",1478,"1378, 1477, 1278, 1377, 1379, 1476, 1678, 2998, 1480, 1577, 1578, 1479",12
"1479",1479,"1478, 1172, 1279, 1380, 521, 3952, 1679, 1580, 1481, 7980, 7821, 1579, 1480",13
"1480",1480,"1479, 1280, 1379, 1381, 1478, 1521, 1581, 1482, 1579, 3660, 1580, 1481",12
"1481",1481,"1480, 1281, 1382, 1479, 1380, 6196, 9685, 1681, 1582, 1483, 1580, 3814, 3692, 1581, 1482",15
"1482",1482,"1382, 1481, 1282, 1381, 1383, 1480, 6259, 1682, 1583, 1484, 1581, 2730",12
"1483",1483,"1383, 1384, 1481, 2809, 5297, 1584, 1485, 1582, 2574, 1583, 1484",11
"1484",1484,"1384, 1483, 1284, 1383, 1385, 1482, 1684, 6250, 1486, 1583, 1584, 4048",12
"1485",1485,"1385, 1285, 1384, 1483, 6671, 2399, 1586, 1487, 1584, 5399, 5262, 1486",12
"1486",1486,"1017, 1485, 1385, 1387, 1484, 5169, 3149, 1686, 1587, 1488, 1585, 1586, 1487",13
"1487",1487,"1387, 1486, 1287, 1386, 1388, 1485, 9572, 1687, 1588, 1489, 1586, 4186, 1587",13
"1488",1488,"1388, 1288, 1387, 1389, 1486, 1106, 1589, 1490, 1587, 1588, 1489, 9935",12
"1489",1489,"1389, 1488, 1289, 1388, 1390, 1487, 8061, 1689, 1590, 1491, 1588, 1490",12
"1490",1490,"805, 1290, 1389, 1391, 1488, 1489, 1690, 1591, 1492, 1589, 1590, 1491",12
"1491",1491,"1391, 1490, 1291, 1390, 1392, 1489, 4198, 1691, 1592, 1493, 1590, 1591",12
"1492",1492,"1392, 923, 1292, 1391, 1490, 8610, 1692, 3078, 1494, 1591, 1592, 1493",12
"1493",1493,"1393, 1492, 1293, 1392, 813, 1491, 3958, 2773, 1693, 1594, 1495, 6838, 1593, 1494",14
"1494",1494,"1394, 1493, 1393, 1395, 1492, 2076, 1694, 1595, 1496, 1593, 4210, 4118, 1495",13
"1495",1495,"1395, 1394, 1396, 1493, 1494, 1695, 1596, 1497, 1594, 1595, 1496",11
"1496",1496,"1396, 1495, 1296, 1395, 1397, 1494, 1339, 1696, 1597, 1498, 7283, 1596, 1497",13
"1497",1497,"1397, 1496, 1297, 1398, 1495, 7062, 8287, 1697, 1598, 1499, 1596, 8289, 1597, 1498",14
"1498",1498,"1398, 1497, 1298, 1126, 1399, 1496, 1698, 1599, 1500, 1597, 1598, 1499",12
"1499",1499,"1399, 1498, 1299, 1398, 1400, 1497, 1699, 1600, 1599, 1500",10
"1500",1500,"1400, 1499, 1300, 1399, 1498, 4089, 1700, 1599, 6022, 1600",10
"1501",1501,"1401, 1301, 1402, 1701, 1602, 1503, 6236, 9902, 1502",9
"1502",1502,"1402, 1501, 1302, 1401, 1403, 7176, 1702, 1603, 1504, 1601, 1602",11
"1503",1503,"1403, 1330, 1402, 1404, 1501, 27, 1703, 1505, 1602, 1603, 1504",11
"1504",1504,"1503, 1304, 1405, 1502, 7095, 1704, 1605, 1506, 1603, 1604, 1505",11
"1505",1505,"1405, 1504, 1305, 1404, 1406, 1503, 1705, 1606, 1507, 1604, 6438, 1506",12
"1506",1506,"372, 1406, 1306, 1405, 1407, 1504, 1505, 1706, 1607, 1508, 1605, 1606, 1507",13
"1507",1507,"1407, 1506, 1406, 1505, 6832, 1707, 1608, 1509, 1606, 1607, 1508",11
"1508",1508,"1507, 1308, 1407, 1506, 1127, 7111, 5112, 1708, 1609, 1510, 1608, 2932",12
"1509",1509,"1409, 1309, 1410, 1507, 1709, 1610, 1511, 1608, 5294, 1609, 1510",11
"1510",1510,"1509, 927, 1310, 1409, 1411, 1508, 1710, 1611, 1609, 1610, 1511",11
"1511",1511,"1510, 1410, 1412, 1509, 9299, 6121, 1711, 1612, 1610, 1611, 1512",11
"1512",1512,"1412, 1511, 1312, 1413, 1411, 1712, 7048, 1514, 1611, 7513, 6890, 1612, 1513",13
"1513",1513,"1413, 1512, 213, 1313, 1412, 1414, 1107, 8063, 1713, 1515, 1612, 8674, 3929, 3217, 1613, 1514",16
"1514",1514,"1414, 1513, 1078, 1413, 1415, 1512, 8486, 1714, 1516, 1613, 1614, 1515",12
"1515",1515,"1415, 1514, 1315, 1414, 1416, 1513, 1715, 1616, 1517, 1614, 1615, 1516",12
"1516",1516,"1515, 1316, 1415, 1417, 13, 1514, 3422, 8888, 7831, 9501, 1616, 1517",12
"1517",1517,"1516, 1317, 1416, 1515, 3717, 7141, 1618, 1519, 1616, 1518",10
"1518",1518,"1418, 1318, 1419, 1211, 1517, 1718, 1619, 1520, 1617, 1618, 1519",11
"1519",1519,"1419, 1518, 1319, 1418, 1420, 1517, 1620, 1521, 1618, 1619, 1520",11
"1520",1520,"1420, 1519, 1320, 1419, 1421, 1518, 1621, 1522, 1619, 1620, 1521",11
"1521",1521,"1421, 1520, 1321, 1422, 1480, 1519, 1420, 3804, 1622, 5245, 1621, 1522",12
"1522",1522,"1422, 1521, 1421, 1423, 1520, 7374, 4306, 1722, 1623, 1524, 1621, 1622, 1523",13
"1523",1523,"216, 1423, 1522, 1323, 1422, 1424, 1723, 1624, 1525, 1622, 1623, 1524",12
"1524",1524,"1424, 1523, 1324, 1423, 1425, 1522, 5449, 1724, 4486, 1526, 1624, 1525",12
"1525",1525,"1425, 1524, 1325, 1424, 1426, 1523, 7370, 1725, 1626, 1624, 1625, 1526",12
"1526",1526,"1426, 1525, 1326, 1425, 1524, 1726, 1627, 1528, 1625, 1626, 1527",11
"1527",1527,"1526, 1327, 1426, 2376, 1727, 1628, 2453, 1626, 4853, 8986, 1627, 1528, 6590",13
"1528",1528,"1428, 1527, 1328, 1427, 1429, 1526, 3267, 1934, 1728, 1629, 1530, 1627, 1628, 1529",14
"1529",1529,"1429, 1528, 32, 1329, 1428, 1430, 6394, 3442, 1729, 1630, 1531, 3556, 1629, 1530",14
"1530",1530,"1430, 1529, 1330, 1431, 1528, 1429, 8942, 1730, 1631, 1532, 1629, 1630, 1531",13
"1531",1531,"1431, 1530, 1430, 1432, 1529, 8981, 1731, 1632, 1533, 1631, 1532",11
"1532",1532,"1432, 1531, 1332, 1431, 1530, 8275, 1732, 1633, 1534, 1631, 7613, 1533",12
"1533",1533,"1433, 1532, 1333, 1432, 1434, 1531, 1338, 1733, 1634, 1535, 1632",11
"1534",1534,"1434, 1334, 1433, 1435, 1532, 2773, 1734, 1635, 1536, 1633, 3632, 1634",12
"1535",1535,"1435, 1335, 1434, 1436, 1533, 1735, 1636, 1537, 1634, 1635, 1536, 9696",12
"1536",1536,"1436, 1535, 1336, 1435, 1437, 1534, 1736, 1637, 1538, 1635, 1636, 1537",12
"1537",1537,"703, 1437, 1536, 1337, 1436, 1438, 1535, 9060, 7574, 1737, 1638, 1539, 1636, 3671, 1637",15
"1538",1538,"1438, 1437, 1439, 1536, 4589, 8332, 1639, 1540, 1637, 1638, 1539, 9042",12
"1539",1539,"1439, 1538, 1339, 1438, 1440, 1537, 1739, 1640, 1541, 1638, 1540",11
"1540",1540,"1440, 1340, 1439, 1538, 1539, 8232, 1740, 1641, 1639, 1640, 8500",11
"1541",1541,"1441, 1440, 1442, 1539, 3012, 1620, 7965, 5507, 1741, 1642, 1543, 1640, 3057, 1542",14
"1542",1542,"1442, 1541, 8872, 3507, 2535, 1742, 1643, 1544, 1641, 2727, 1642",11
"1543",1543,"1443, 1343, 1424, 1442, 1444, 1541, 2530, 1743, 1644, 9674, 1642, 8846, 1544, 4297",14
"1544",1544,"1444, 1543, 1344, 1443, 1445, 1542, 9925, 1744, 1645, 1546, 1643, 1644, 4743",13
"1545",1545,"1445, 1444, 1446, 1745, 1646, 1547, 1644, 8442, 1645, 1546",10
"1546",1546,"1446, 1545, 1346, 1445, 1447, 1544, 1746, 1647, 1548, 1645, 1646, 1547",12
"1547",1547,"1546, 1448, 1545, 4028, 1747, 1648, 1549, 1646, 9315, 1647, 1548",11
"1548",1548,"1448, 1547, 1348, 1447, 1449, 1546, 7615, 1748, 1649, 1647, 8524, 1648, 1549",13
"1549",1549,"1449, 1548, 1448, 1547, 7305, 1749, 1650, 1551, 1648, 1597, 1550",11
"1550",1550,"375, 1549, 1350, 1451, 1569, 2372, 1651, 1552, 1649, 7938, 8207, 2124, 1650, 1551",14
"1551",1551,"1451, 1550, 1351, 1450, 1452, 1549, 3329, 4408, 1751, 1553, 1650, 1651, 1552",13
"1552",1552,"1452, 1551, 132, 1451, 1550, 3054, 8819, 1752, 1653, 1554, 1651, 1616, 1553",13
"1553",1553,"1453, 1552, 1353, 1452, 1454, 1551, 1753, 1654, 1652, 1653, 1554",11
"1554",1554,"1454, 1553, 1354, 1455, 1552, 1754, 6157, 1655, 1653, 1714, 1654, 1555",12
"1555",1555,"1554, 1355, 1456, 1454, 7128, 1755, 1656, 1557, 2527, 1655, 1556",11
"1556",1556,"1456, 1555, 1455, 1457, 3204, 1657, 1558, 1655, 7498, 1656, 1557",11
"1557",1557,"1457, 1556, 1102, 1357, 1456, 1458, 1555, 8654, 1658, 1559, 1656, 1657, 1558",13
"1558",1558,"1458, 1557, 1358, 1457, 1459, 1556, 1758, 1659, 1560, 1657, 1658, 1559",12
"1559",1559,"1558, 1458, 1557, 674, 3123, 1660, 1561, 1658, 7706, 1659, 1560",11
"1560",1560,"1460, 1559, 1360, 1461, 1558, 3401, 1760, 1661, 1562, 1659, 1660, 1561",12
"1561",1561,"1461, 1560, 1460, 1559, 7739, 1662, 5046, 1660, 1661, 1562",10
"1562",1562,"1462, 1561, 1461, 1560, 2524, 2556, 3667, 1762, 1663, 1564, 1661, 1563",12
"1563",1563,"1363, 1562, 9095, 5784, 1763, 1664, 1565, 1662, 2031, 1663, 1564",11
"1564",1564,"1464, 1563, 1364, 1463, 1562, 1764, 1665, 1566, 1663, 1664, 1565",11
"1565",1565,"1465, 1564, 1365, 1466, 1563, 1401, 6289, 1666, 1664, 1665, 4072",11
"1566",1566,"1466, 1366, 1465, 1467, 1564, 1667, 1568, 1665",8
"1567",1567,"1467, 687, 1468, 2910, 1767, 1668, 1569, 1666, 1667, 1568, 5094",11
"1568",1568,"1468, 1567, 1467, 1469, 1566, 1768, 1669, 1570, 1667, 1668",10
"1569",1569,"1221, 139, 1550, 1470, 1567, 5733, 1769, 1670, 1571, 1668, 1669, 1570, 3403",13
"1570",1570,"1569, 124, 1370, 1469, 1471, 1568, 6156, 1770, 1671, 1572, 1669, 6763, 1670, 1571",14
"1571",1571,"1471, 1570, 1371, 1472, 1569, 1771, 1672, 1573, 1670, 6875, 1671, 1572",12
"1572",1572,"1472, 1571, 1372, 1471, 1473, 1570, 9503, 9165, 5423, 1772, 1673, 1574, 1671, 1672, 1573",15
"1573",1573,"1572, 1373, 1472, 1474, 1571, 1773, 1575, 1672, 1673, 1574",10
"1574",1574,"1474, 1573, 1572, 1475, 7784, 1774, 1675, 1576, 1673, 5832, 1674, 1575",12
"1575",1575,"1475, 1574, 1375, 1474, 1476, 1573, 1775, 1676, 1577, 1674, 1675, 1576",12
"1576",1576,"1476, 1575, 1475, 1477, 1574, 1776, 1677, 1578, 1675, 1676, 1577",11
"1577",1577,"1477, 1576, 1377, 1476, 1478, 1575, 8793, 1777, 1678, 1579, 1676, 8110, 1677, 1578",14
"1578",1578,"1478, 1577, 1378, 1477, 1576, 2211, 1778, 1679, 1580, 8321, 1678, 1579",12
"1579",1579,"1479, 1578, 1379, 1480, 1577, 5766, 5605, 1680, 1581, 1678, 3878, 1679, 1580",13
"1580",1580,"1480, 1579, 1479, 1481, 1578, 2390, 1780, 1681, 1582, 1679, 8871, 4231, 1680, 1581",14
"1581",1581,"1481, 1580, 1480, 1482, 1579, 9178, 2514, 2432, 1781, 1682, 1583, 1680, 1681, 1582",14
"1582",1582,"751, 1581, 1382, 1481, 1483, 1580, 7606, 6440, 1782, 1683, 1584, 1681, 4116, 1682, 1583",15
"1583",1583,"1483, 1582, 1383, 1482, 1484, 1581, 597, 4611, 1783, 1684, 1682, 4132",12
"1584",1584,"1484, 1384, 1483, 1485, 1582, 8458, 4072, 8879, 2130, 5076, 1683, 9297, 1684, 1585",14
"1585",1585,"1153, 1584, 1486, 1785, 1686, 1587, 1684, 8867, 3747, 2228, 1685, 1586",12
"1586",1586,"1486, 1585, 1386, 1487, 1485, 1786, 1687, 1588, 4961, 1686, 1587",11
"1587",1587,"1487, 1586, 1387, 1486, 1488, 1585, 1985, 1787, 1688, 1589, 1686, 1687, 1588",13
"1588",1588,"1488, 1587, 1388, 1487, 1489, 1586, 6732, 1788, 1689, 1687, 3053, 6208",12
"1589",1589,"1389, 1488, 1490, 1587, 756, 7945, 4441, 1789, 1690, 1591, 1688, 1689",12
"1590",1590,"1490, 1099, 1489, 1491, 1790, 1592, 1689, 5841, 1690, 1591",10
"1591",1591,"1491, 1590, 1391, 1490, 1492, 1589, 5989, 1790, 1791, 1692, 1593, 1690, 1691, 1592",14
"1592",1592,"1492, 1591, 1392, 1491, 1590, 1792, 1693, 1594, 9001, 3716, 1692, 1593",12
"1593",1593,"1263, 1493, 1592, 1393, 1494, 1591, 1793, 1694, 1595, 1692, 1693, 8644",12
"1594",1594,"1394, 1493, 1495, 1592, 5547, 1794, 1695, 1596, 1693, 3407, 1694, 1595",12
"1595",1595,"1495, 1594, 1395, 1494, 1593, 7207, 1795, 1696, 1694, 1695, 1596",11
"1596",1596,"1496, 1595, 1495, 1497, 1594, 1796, 1697, 1695, 1696, 1597",10
"1597",1597,"1497, 1549, 1596, 1397, 1496, 1498, 968, 1797, 1698, 1599, 1696, 1697, 1598",13
"1598",1598,"1498, 1597, 1398, 1497, 1798, 1699, 1600, 1697, 6400, 6922, 3916, 1698, 1599",13
"1599",1599,"1499, 1598, 1498, 1500, 1597, 1799, 1700, 2480, 7137, 1699, 1600",11
"1600",1600,"1500, 1599, 1400, 1499, 1598, 1699, 1700",7
"1601",1601,"503, 1401, 1502, 6929, 8848, 1801, 8912, 1603, 1602",9
"1602",1602,"1502, 1402, 1501, 1503, 1601, 1802, 2370, 1604, 1701, 1702, 1603",11
"1603",1603,"1503, 1602, 1403, 1502, 1504, 1601, 9597, 1803, 1605, 1702, 1703",11
"1604",1604,"446, 1504, 1404, 1505, 1602, 1804, 1705, 6695, 1704, 1605, 8579",11
"1605",1605,"1604, 1405, 1504, 1506, 1603, 3414, 1805, 1706, 1607, 1704, 1705, 1606",12
"1606",1606,"224, 1506, 1605, 1218, 1406, 1505, 1507, 4038, 1806, 1707, 1608, 1705, 1706, 1607",14
"1607",1607,"1507, 1606, 1407, 1506, 1605, 1807, 5849, 1706, 1707, 1608",10
"1608",1608,"1508, 1607, 1408, 1507, 1509, 1606, 4608, 7090, 1808, 9509, 1707, 1708, 1609",13
"1609",1609,"1509, 1608, 1409, 1508, 1510, 5705, 1809, 6908, 1611, 1708, 1655, 1610",12
"1610",1610,"1510, 1609, 1410, 1509, 1511, 1810, 1711, 1612, 1709, 8601, 1710, 1611",12
"1611",1611,"1511, 1610, 1510, 1512, 1609, 6289, 1613, 1710, 2100, 1711, 1612",11
"1612",1612,"1512, 1611, 1412, 1511, 1513, 1610, 1812, 1713, 1614, 2393, 1712, 1613",12
"1613",1613,"1513, 1612, 1413, 1514, 958, 1611, 3997, 1813, 1714, 1615, 1713, 1614",12
"1614",1614,"172, 1514, 1613, 1414, 1515, 1612, 3421, 1814, 1715, 1616, 1713, 1972, 1714",13
"1615",1615,"1515, 1415, 1613, 1815, 1716, 1617, 1714, 6089, 1715, 1616",10
"1616",1616,"854, 1516, 1615, 1416, 1552, 1515, 1517, 1614, 6583, 5803, 1816, 1618, 1715, 5630, 1716, 1617",16
"1617",1617,"1616, 1518, 1615, 2079, 1817, 1718, 1619, 1716, 3644, 1618",10
"1618",1618,"1518, 1617, 1418, 1517, 1519, 1616, 8793, 1818, 1719, 6859, 1717, 1718, 1619",13
"1619",1619,"1519, 1618, 1419, 1518, 1520, 1617, 4727, 1819, 1720, 1621, 1718, 3703, 1719, 1620",14
"1620",1620,"1520, 1619, 1541, 136, 1519, 1335, 1820, 1622, 1719",9
"1621",1621,"1521, 1417, 45, 1522, 1619, 1520, 1821, 1722, 1623, 1720, 1721, 1622",12
"1622",1622,"1522, 1621, 1422, 1521, 1523, 1620, 9182, 1822, 1723, 1624, 1721, 9685, 1722",13
"1623",1623,"1523, 1423, 1522, 1621, 7714, 3417, 1823, 1724, 1625, 1723, 1624, 3136",12
"1624",1624,"1524, 1623, 1424, 1523, 1525, 1622, 3320, 1824, 1725, 1626, 1723, 1724, 1625",13
"1625",1625,"1525, 1624, 1425, 1526, 1623, 1825, 1726, 1627, 1724, 1725, 1626",11
"1626",1626,"1526, 1625, 1426, 1525, 1527, 1624, 1826, 1811, 1628, 1725, 1726, 1627",12
"1627",1627,"1527, 1626, 1427, 1526, 1528, 1625, 237, 1728, 1629, 4510, 1628",11
"1628",1628,"1528, 1627, 718, 1428, 1527, 1626, 1828, 1729, 1630, 1727, 3698, 1629",12
"1629",1629,"1174, 1529, 1628, 1528, 1530, 1627, 960, 8686, 2126, 1631, 1728, 1729, 1630",13
"1630",1630,"1530, 1629, 1529, 1628, 1131, 2607, 1830, 1731, 1632, 4350, 1730, 1631",12
"1631",1631,"218, 1531, 1630, 1431, 1530, 1532, 1629, 1243, 1831, 1732, 1730, 1731, 1632",13
"1632",1632,"1631, 1432, 1531, 1533, 1630, 1832, 6894, 1731, 6361, 1732",10
"1633",1633,"153, 1433, 1532, 1534, 7598, 1833, 1734, 1732, 1733, 1634, 9741",11
"1634",1634,"1534, 1633, 1434, 1533, 1535, 1834, 1735, 1636, 3124, 1734, 1635",11
"1635",1635,"1535, 1634, 1435, 1534, 1536, 1835, 1736, 1637, 1734, 2070, 1717, 1901",12
"1636",1636,"1536, 1436, 1535, 1537, 1634, 1836, 1737, 3569, 1735, 1736, 1637",11
"1637",1637,"1537, 1636, 1437, 1536, 1538, 1635, 1837, 1738, 1639, 1737, 1638",11
"1638",1638,"1538, 1637, 1438, 1537, 1539, 1838, 1739, 1640, 1737, 1738, 1639",11
"1639",1639,"1638, 1439, 1538, 1540, 1637, 1839, 1740, 1641, 1738, 7463, 1739, 6129",12
"1640",1640,"1540, 1539, 1541, 1638, 7416, 1840, 8858, 1642, 1739, 1740, 7094, 6010",12
"1641",1641,"1441, 1540, 1542, 1639, 857, 1841, 1742, 1643, 1740, 1741, 1642, 7856",12
"1642",1642,"1542, 1641, 1442, 1541, 1543, 1640, 1842, 1743, 1741, 1742, 1643",11
"1643",1643,"1642, 1443, 1542, 1544, 1641, 1843, 1744, 1645, 1742, 1743, 1644",11
"1644",1644,"1544, 1643, 1444, 1543, 1545, 1844, 1745, 5228, 1743, 5010, 1645",11
"1645",1645,"1545, 1445, 1544, 1546, 1643, 1644, 9151, 8280, 1845, 1746, 4441, 1745, 1646",13
"1646",1646,"1546, 1645, 1446, 1545, 1547, 9287, 7779, 1846, 1747, 1648, 1745, 5285, 1647",13
"1647",1647,"1547, 1646, 1546, 1548, 1748, 1649, 1746, 1747, 5783",9
"1648",1648,"1548, 1448, 1547, 1549, 1646, 4488, 1848, 1749, 1650, 1747, 3789, 1748, 1649",13
"1649",1649,"1648, 862, 1449, 1548, 1550, 1647, 1849, 1750, 1651, 1749, 1650",11
"1650",1650,"1550, 1649, 227, 1450, 1549, 1551, 1648, 2930, 1751, 1652, 1749, 8469, 1750, 1651",14
"1651",1651,"324, 1551, 1650, 1451, 1552, 1649, 1550, 1851, 1752, 1653, 1750, 1652",12
"1652",1652,"739, 1452, 1553, 1650, 1651, 1852, 1753, 1654, 2088, 6495, 1752, 1653",12
"1653",1653,"1553, 1652, 1453, 1552, 1554, 1651, 1853, 1754, 1655, 1752, 1753, 1654",12
"1654",1654,"1554, 1653, 1553, 1652, 9176, 7845, 1755, 1656, 1753, 1655",10
"1655",1655,"1555, 1609, 1455, 1554, 1556, 1653, 1654, 7033, 1855, 1756, 1657, 1754, 8452, 1656",14
"1656",1656,"1556, 1655, 1456, 1555, 1557, 1654, 2039, 1856, 1757, 1658, 1755, 1756, 1657",13
"1657",1657,"1557, 1656, 1457, 1556, 1558, 1655, 6155, 3961, 1857, 1758, 3448, 1756, 1757, 1658",14
"1658",1658,"1558, 1657, 690, 1557, 1559, 1656, 2166, 1759, 1660, 1757, 6027, 5094, 1758, 1659",14
"1659",1659,"1559, 1658, 1459, 1558, 1560, 9004, 7502, 6252, 1859, 1760, 1661, 6612, 2832, 1660",14
"1660",1660,"1560, 1659, 1460, 1559, 1561, 1658, 5135, 1860, 1761, 1662, 3232, 6172, 1760, 1661",14
"1661",1661,"1561, 1660, 1461, 1560, 1562, 1659, 1861, 1762, 1663, 1760, 1761, 1662",12
"1662",1662,"1661, 1563, 1660, 1561, 7031, 1862, 1763, 9920, 1761, 9897, 1762, 1663",12
"1663",1663,"1563, 1662, 1463, 1562, 1564, 1661, 1863, 1764, 9771, 1762, 1763, 1664",12
"1664",1664,"1564, 1663, 445, 1464, 1563, 1565, 4270, 1864, 7749, 1666, 1763, 1764, 1665",13
"1665",1665,"1565, 1664, 1465, 1564, 1566, 1865, 1766, 1667, 1764, 6356, 1765",11
"1666",1666,"1466, 1565, 1567, 1664, 2359, 5461, 1866, 1767, 1668, 1765, 1766, 5894, 6975",13
"1667",1667,"1567, 1467, 1568, 1665, 1566, 7759, 3144, 1867, 1768, 1669, 1766, 1767, 1668",13
"1668",1668,"1568, 1667, 1347, 1468, 1567, 1569, 1666, 3093, 1868, 1769, 1670, 1767, 1768, 1669",14
"1669",1669,"1569, 1668, 1469, 1568, 1570, 1667, 1869, 1770, 2951, 1768, 6585, 1670",12
"1670",1670,"1570, 1669, 1569, 1571, 1668, 1870, 1771, 1672, 1769, 1671",10
"1671",1671,"1571, 1670, 1471, 1570, 1572, 1772, 1673, 1770, 1771, 1672",10
"1672",1672,"1572, 1671, 1472, 1571, 1573, 1670, 8986, 8196, 8466, 1872, 1773, 1674, 1771, 1772, 1673",15
"1673",1673,"1573, 1672, 1473, 1572, 1574, 1671, 4297, 1873, 6602, 1675, 1772, 1773, 1674",13
"1674",1674,"1574, 1673, 1474, 812, 1575, 1672, 125, 1874, 1775, 1773, 1774, 1675",12
"1675",1675,"1575, 1674, 1475, 1574, 1576, 1673, 4991, 1875, 1776, 1677, 1774, 2342, 1676",13
"1676",1676,"1576, 1675, 1476, 1575, 1577, 1876, 1777, 1678, 1775, 6876, 6304, 1776, 1677",13
"1677",1677,"1577, 1676, 1576, 1675, 353, 1877, 1778, 1776, 1777, 1678",10
"1678",1678,"1578, 1677, 1478, 1577, 1579, 1676, 1878, 1779, 3479, 3487, 1778, 1679",12
"1679",1679,"1579, 1678, 1479, 1578, 1580, 1879, 1780, 1778, 1779, 1680",10
"1680",1680,"93, 1580, 1679, 959, 1581, 1579, 8836, 4140, 1880, 1781, 1682, 1779, 1780, 1681",14
"1681",1681,"1581, 1680, 1481, 1580, 1582, 1782, 1683, 1780, 7294, 1781, 1682",11
"1682",1682,"1582, 1681, 1482, 1581, 1583, 1680, 1882, 1783, 1684, 1781, 3237, 1782, 1683",13
"1683",1683,"1682, 1582, 1584, 1681, 1883, 1784, 1685, 1782, 6532, 2029",10
"1684",1684,"1584, 1484, 1583, 1585, 1682, 7065, 1884, 1785, 1686, 1783, 1685",11
"1685",1685,"1585, 1684, 1683, 7956, 9233, 5324, 3446, 1885, 1687, 1785, 1686",11
"1686",1686,"1586, 1685, 1486, 1585, 1587, 1684, 1886, 1787, 1688, 1785, 1786, 1687",12
"1687",1687,"1587, 1686, 1487, 1586, 1588, 1685, 1887, 1788, 1689, 1786, 1787, 1688",12
"1688",1688,"1687, 1587, 1589, 1686, 8085, 1888, 1789, 1690, 8628, 1788, 1689",11
"1689",1689,"1589, 1688, 349, 1489, 1588, 1590, 1687, 8339, 1889, 1790, 1691, 1788, 9659, 1789",14
"1690",1690,"1590, 1490, 1589, 1591, 1688, 3453, 1890, 1791, 3168, 1790, 1691, 4317",12
"1691",1691,"1591, 1690, 1491, 615, 1689, 1891, 1792, 1693, 1790, 6322, 1692",11
"1692",1692,"844, 1366, 1592, 1691, 1492, 1591, 1593, 1892, 8417, 1694, 1791, 5310, 1792, 1693",14
"1693",1693,"1593, 1692, 1493, 1592, 1594, 1691, 6405, 1893, 1794, 1695, 1792, 1793, 1694",13
"1694",1694,"1594, 1693, 1457, 1494, 1593, 1595, 1692, 5595, 1894, 1795, 1696, 5379, 4745, 4540, 1794, 1695",16
"1695",1695,"1595, 1694, 1495, 1594, 1596, 1693, 6687, 1895, 3661, 1697, 1794, 7727, 1696",13
"1696",1696,"1596, 1695, 129, 236, 1496, 1595, 1597, 1694, 4883, 1896, 1797, 1698, 1795, 6804, 1796, 1697",16
"1697",1697,"1597, 1696, 1497, 1596, 1598, 1695, 4084, 1897, 1798, 1699, 6496, 1797, 1698",13
"1698",1698,"1598, 1697, 1498, 1597, 1696, 1799, 1700, 1797, 1798, 1699",10
"1699",1699,"1599, 1698, 733, 1499, 1598, 1697, 1600, 1899, 1800, 7861, 1799",11
"1700",1700,"1600, 1500, 1599, 1698, 1900, 1799, 1800, 4158",8
"1701",1701,"1501, 1602, 4872, 6563, 1901, 1802, 1703, 8983, 4224, 1801, 1702",11
"1702",1702,"1602, 1701, 1502, 1603, 1902, 1803, 1704, 1801, 1802, 1703",10
"1703",1703,"1603, 1702, 1503, 1701, 1903, 2149, 1705, 1802, 1803, 1704",10
"1704",1704,"1604, 1703, 1504, 1605, 1702, 5098, 4417, 1904, 1805, 1706, 1803, 7871, 1804, 1705",14
"1705",1705,"1605, 1704, 1505, 1604, 1606, 1703, 8122, 3978, 1905, 1707, 1804, 1706",12
"1706",1706,"1606, 1506, 1605, 1607, 1704, 1705, 2725, 1906, 1807, 1708, 1805, 1806, 8372",13
"1707",1707,"1607, 1507, 1606, 1608, 1705, 1907, 1808, 1709, 1806, 1807, 1708",11
"1708",1708,"1608, 1707, 1508, 1609, 1706, 2616, 2512, 1908, 1710, 1807, 7486, 1808, 7601",13
"1709",1709,"1509, 1610, 1707, 4576, 1909, 1810, 3441, 1710",8
"1710",1710,"1610, 1709, 1510, 1611, 1708, 8117, 1910, 1811, 1712, 1809, 9441, 1810, 1711",13
"1711",1711,"1611, 1710, 1511, 1610, 1911, 1812, 1713, 1810, 1811, 1712",10
"1712",1712,"1612, 1711, 1512, 1710, 1912, 1813, 1714, 1811, 7906, 9303",10
"1713",1713,"1513, 1612, 1614, 1711, 1613, 1913, 1814, 1812, 1813, 1714",10
"1714",1714,"1614, 1713, 1554, 1514, 1613, 1615, 1712, 1914, 1815, 1716, 1813, 2877",12
"1715",1715,"1615, 1515, 1614, 1616, 7719, 1915, 1816, 1717, 9573, 4754, 2938",11
"1716",1716,"1616, 1615, 1617, 1714, 624, 1916, 1817, 1815, 1816, 1717",10
"1717",1717,"1716, 1635, 1618, 1715, 1917, 1818, 1719, 1816, 2402, 1817",10
"1718",1718,"1618, 1518, 1617, 1619, 5225, 1918, 1819, 1720, 1817, 5008, 1818, 3354",12
"1719",1719,"1619, 224, 1618, 1620, 1717, 1919, 1820, 1721, 1818, 1819, 1720",11
"1720",1720,"1719, 1619, 1621, 1718, 2176, 5899, 4815, 1920, 1821, 1722, 1819, 1820, 1721",13
"1721",1721,"1621, 1720, 107, 1622, 1719, 1921, 1822, 1821, 1722",9
"1722",1722,"452, 1622, 1721, 1522, 1621, 1720, 2160, 8177, 1922, 1823, 1724, 1821, 2261",13
"1723",1723,"1623, 1523, 1622, 1624, 6505, 3504, 1923, 1824, 1725, 4436, 6477, 4799, 1823, 1724",14
"1724",1724,"1624, 1723, 1524, 1623, 1625, 1722, 8959, 6792, 6482, 1924, 1825, 1726, 1823, 1824, 1725",15
"1725",1725,"1625, 1724, 1525, 1624, 1626, 1723, 1342, 6981, 1925, 1826, 1727, 1726",12
"1726",1726,"1626, 1526, 1625, 1724, 1725, 5722, 1864, 1926, 1827, 1728, 1825, 6450, 1727",13
"1727",1727,"1726, 1527, 1628, 1725, 6779, 1927, 1828, 1729, 1826, 1827, 1728",11
"1728",1728,"1727, 1528, 1629, 1726, 1627, 6967, 1730, 1827, 5718, 6653",10
"1729",1729,"1629, 1529, 1628, 1727, 1929, 1828, 1829, 1730",8
"1730",1730,"1630, 1729, 1530, 1631, 1728, 9276, 1831, 1829, 1830, 1731",10
"1731",1731,"371, 1631, 1730, 1531, 1630, 1632, 1931, 1832, 1830, 7022, 1831",11
"1732",1732,"1632, 1532, 1631, 1633, 4477, 1932, 1833, 1831, 7403, 1832, 3307",11
"1733",1733,"1633, 541, 1533, 9529, 1933, 1834, 6486, 1832, 9178, 3734, 4253",11
"1734",1734,"1634, 1534, 1633, 1635, 1934, 1835, 1736, 1833, 6789, 3376, 1834",11
"1735",1735,"1535, 1634, 1636, 2819, 1935, 1737, 1834, 9354, 1835, 1799, 6118",11
"1736",1736,"1636, 1536, 1635, 1734, 477, 6994, 1936, 1837, 1738, 1835, 8343, 8144, 1836",13
"1737",1737,"1637, 1537, 1636, 1638, 1735, 3965, 1937, 2335, 1739, 1836, 4436, 3041, 9328",13
"1738",1738,"1638, 1637, 1639, 1736, 1938, 1839, 1740, 1837, 6304, 1838, 1739",11
"1739",1739,"1639, 1738, 1539, 1638, 1640, 1737, 1840, 1741, 1838, 8627, 1740",11
"1740",1740,"1640, 1739, 1540, 1639, 1641, 1738, 6179, 1841, 4496, 1839, 1741",11
"1741",1741,"1641, 1541, 1739, 1642, 1740, 3426, 1743, 1840, 2109, 1841, 1742",11
"1742",1742,"1642, 1741, 1542, 1641, 1643, 9173, 5023, 1841, 1842, 1743",10
"1743",1743,"1643, 1742, 1543, 1642, 1644, 1741, 1943, 1844, 1745, 3522, 1843, 1744",12
"1744",1744,"1743, 1544, 1643, 6976, 1944, 1845, 1746, 2755, 8179, 4352, 1844, 1745",12
"1745",1745,"1645, 1744, 1545, 1644, 1646, 1743, 4817, 1945, 1846, 1747, 1844, 1845, 2021",13
"1746",1746,"464, 1546, 1645, 1647, 1744, 1946, 1748, 1845, 8598, 1747",10
"1747",1747,"1647, 1746, 1547, 1646, 1648, 1745, 9041, 2295, 1749, 1846, 1847",11
"1748",1748,"1648, 1106, 1548, 1746, 1647, 8443, 1948, 1849, 1750, 1847, 5783, 1848",12
"1749",1749,"1649, 534, 1549, 1648, 1650, 1747, 9026, 1949, 1850, 1751, 3059, 1849, 1750",13
"1750",1750,"1650, 1749, 1649, 1651, 1748, 3729, 1950, 1851, 1752, 1849",10
"1751",1751,"531, 1551, 1650, 1749, 5414, 7692, 1951, 1852, 1753, 1850, 1851, 2925",12
"1752",1752,"1652, 1552, 1651, 1653, 1750, 1853, 1754, 1851, 1852, 5259",10
"1753",1753,"1653, 1553, 1652, 1654, 1751, 2357, 1953, 1854, 1755, 7082, 1853, 1754, 7502",13
"1754",1754,"1753, 1554, 1653, 1655, 1752, 570, 2617, 1954, 1855, 1853, 1854, 3521",12
"1755",1755,"1473, 1555, 1654, 1656, 1753, 9242, 1955, 1856, 1757, 1854, 5583, 2270, 1855, 1756",14
"1756",1756,"1656, 1755, 1655, 1657, 5866, 1956, 1857, 9292, 1855, 1856, 1757",11
"1757",1757,"359, 1657, 1756, 1656, 1658, 1755, 1957, 1858, 1759, 1856, 1857, 1758",12
"1758",1758,"1658, 1757, 1558, 1657, 8305, 3274, 1958, 3717, 1857, 1858, 1759",11
"1759",1759,"1758, 43, 1757, 1658, 9292, 1959, 1860, 1858, 8808, 6188, 5136, 1859, 1760",13
"1760",1760,"1660, 1759, 1071, 1560, 1659, 1661, 1960, 1762, 1859, 8722, 4827, 1761",12
"1761",1761,"1661, 1760, 1660, 1662, 220, 2182, 1961, 1763, 1860, 1861, 1762",11
"1762",1762,"1662, 1761, 609, 1562, 1661, 1663, 1760, 7377, 1859, 1962, 1863, 1764, 1861, 1862, 1763",15
"1763",1763,"1663, 1762, 1563, 1662, 1664, 1761, 2560, 2158, 1963, 1864, 1765, 7256, 7677, 1863, 1764",15
"1764",1764,"1664, 1763, 1564, 1663, 1665, 1762, 1964, 1865, 1766, 1863, 1864, 1765",12
"1765",1765,"96, 1665, 1764, 1666, 1763, 1965, 1767, 2719, 1766",9
"1766",1766,"1666, 1765, 1665, 1667, 1764, 9000, 2683, 1966, 1867, 4460, 1865, 1866, 1767",13
"1767",1767,"1238, 1667, 1766, 1567, 1666, 1668, 1765, 4198, 1967, 1868, 1769, 1866, 1867, 1768",14
"1768",1768,"1668, 1767, 1568, 1667, 1669, 1968, 2478, 1867, 1868",9
"1769",1769,"1322, 1569, 1668, 1670, 1767, 1969, 1870, 1771, 1868, 1869, 1770, 5461",12
"1770",1770,"1769, 1570, 1669, 1671, 2352, 1871, 1772, 4449, 1870, 1771",10
"1771",1771,"1671, 1770, 1571, 1670, 1672, 1769, 2304, 1872, 1773, 1870, 1871, 1772",12
"1772",1772,"1672, 1771, 1572, 1673, 1770, 1671, 5899, 1972, 1873, 1774, 1871, 5273, 3061, 1872, 1773",15
"1773",1773,"1673, 1772, 1573, 1672, 1674, 1771, 1973, 1874, 1775, 1872, 8735, 1873, 1774",13
"1774",1774,"1674, 1773, 1574, 1675, 1772, 6772, 2094, 1974, 1875, 8503, 1775",11
"1775",1775,"1774, 564, 1575, 1674, 1676, 1773, 1876, 1777, 1874, 1875, 1776",11
"1776",1776,"1676, 1775, 1354, 1576, 1675, 1677, 1976, 1877, 1778, 1875, 1876, 1777",12
"1777",1777,"1677, 1776, 1577, 1676, 1775, 1977, 6139, 1876, 3296, 2668, 1877, 1778",12
"1778",1778,"1678, 1777, 1578, 1677, 1679, 1776, 1978, 4566, 1780, 1877, 8830, 1878, 1779",13
"1779",1779,"1679, 1778, 1678, 1680, 2272, 1979, 1880, 1878, 7572, 1780",10
"1780",1780,"1680, 1580, 1679, 1681, 1778, 1779, 1980, 1881, 1879, 8857, 1880, 1781",12
"1781",1781,"1681, 1780, 738, 1251, 1581, 1680, 1682, 1981, 9770, 1783, 1880, 5772, 1881, 1782",14
"1782",1782,"1682, 1781, 1582, 1683, 1681, 1982, 1883, 1784, 1881, 8024, 1882, 1783",12
"1783",1783,"1782, 1583, 1682, 1684, 1781, 4976, 1983, 1884, 1785, 1882, 1883, 1784",12
"1784",1784,"199, 1783, 1683, 1782, 4429, 9833, 1984, 1885, 1786, 9359, 1884, 1785",12
"1785",1785,"1685, 1784, 1585, 1684, 1686, 1783, 679, 7352, 1985, 1886, 8812, 5917, 1885",13
"1786",1786,"1686, 1586, 1687, 1784, 627, 5150, 1986, 1887, 1885, 3567, 1886, 1787, 4156",13
"1787",1787,"1687, 1786, 1587, 1686, 1987, 1888, 1789, 1886, 5345, 1887, 1788",11
"1788",1788,"1688, 1787, 1588, 1687, 1689, 1988, 1889, 1790, 1887, 1888, 1789",11
"1789",1789,"1689, 1788, 1589, 1688, 1787, 8156, 1989, 1890, 1791, 1888, 1889, 1790",12
"1790",1790,"1690, 1789, 1590, 1689, 1691, 1788, 1591, 1990, 1891, 1889, 7522, 1890, 1791",13
"1791",1791,"1790, 1591, 1690, 1692, 1789, 1991, 1793, 1890, 3589, 6583, 1792",11
"1792",1792,"1692, 1592, 1691, 1693, 1791, 4297, 1992, 9001, 1891, 1892, 1793",11
"1793",1793,"1693, 1792, 1593, 1791, 3572, 4111, 1894, 1795, 1892, 4856, 6422, 1893, 1794",13
"1794",1794,"1694, 1793, 1594, 1693, 1695, 1994, 1895, 1796, 1893, 8214, 1894",11
"1795",1795,"1595, 1694, 1696, 1793, 1995, 1896, 1797, 1894, 1796, 9056",10
"1796",1796,"1696, 1596, 1794, 1795, 6731, 1996, 3036, 1798, 1895, 1896, 3387",11
"1797",1797,"1697, 1597, 1696, 1698, 1795, 3760, 1997, 1898, 1799, 4694, 2777, 1897",12
"1798",1798,"1698, 990, 1598, 1697, 1796, 1998, 1899, 1800, 1898, 1799, 9007",11
"1799",1799,"1699, 1735, 1798, 1599, 1700, 1797, 1698, 55, 8474, 1804, 1900, 1898",12
"1800",1800,"1700, 1699, 1798, 4003, 7577, 6098, 2000, 1900",8
"1801",1801,"1701, 1601, 1702, 1902, 1803, 5336, 1901, 1802",8
"1802",1802,"1702, 1801, 1602, 1701, 1703, 8839, 1903, 1901, 3062, 1902, 1803",11
"1803",1803,"1703, 1802, 1702, 1704, 1801, 1603, 2003, 1904, 1805, 1903, 1804",11
"1804",1804,"852, 1704, 1803, 1604, 1705, 1799, 6971, 8116, 8714, 1905, 1806, 1904, 1805",13
"1805",1805,"1804, 686, 1605, 1704, 1706, 1803, 2005, 1906, 1807, 1904, 9354, 1905, 3878, 2688",14
"1806",1806,"1706, 1606, 1707, 1804, 2006, 1907, 1905, 4621, 1906, 1807",10
"1807",1807,"1707, 1806, 1607, 1706, 1708, 1805, 5128, 2007, 1908, 1809, 1906, 7595, 1907, 1808",14
"1808",1808,"1708, 1807, 197, 1608, 1707, 2008, 1909, 1810, 1907, 7020, 4827, 1908, 1809",13
"1809",1809,"1808, 1609, 1710, 1807, 2009, 1910, 1811, 1908, 4066, 1909, 1810",11
"1810",1810,"1710, 1809, 591, 1610, 1709, 1711, 1808, 2010, 1911, 1812, 1909, 1910, 6462",13
"1811",1811,"1711, 1626, 1710, 1712, 1809, 1912, 1813, 1910, 5875, 4443, 1911, 1812",12
"1812",1812,"1811, 1612, 1711, 1713, 1810, 6177, 8140, 2012, 1913, 1814, 1911, 3697",12
"1813",1813,"1713, 1613, 1712, 1714, 1811, 3421, 2013, 1914, 1913, 1814",10
"1814",1814,"1813, 1614, 1713, 1812, 2014, 1915, 1816, 1913, 1914",9
"1815",1815,"1615, 1714, 1716, 2119, 9280, 2692, 2015, 9651, 1817, 1914, 7978, 1915, 1816, 3811",14
"1816",1816,"1716, 1815, 1616, 1715, 1717, 1814, 2016, 1917, 1818, 1915, 7529, 1916, 1817",13
"1817",1817,"1717, 1816, 1617, 1716, 1718, 1815, 9743, 1918, 1819, 1916, 1917, 1818",12
"1818",1818,"1718, 1817, 1618, 1717, 1719, 1816, 1919, 7476, 8233, 1917, 1918, 1819",12
"1819",1819,"1719, 1818, 1619, 1718, 1720, 1817, 932, 9468, 2019, 1920, 1918, 7154, 1919",13
"1820",1820,"1720, 1378, 416, 1620, 1719, 2020, 1921, 1822, 1919, 6262, 1920, 1821",12
"1821",1821,"1721, 1820, 1621, 1720, 1722, 2021, 1922, 1823, 1920, 3407, 1921, 1822",12
"1822",1822,"1821, 1622, 1721, 1820, 2022, 1923, 1824, 1921, 1922, 1823",10
"1823",1823,"1723, 1822, 1623, 1722, 1724, 1821, 2023, 1924, 1825, 6119, 7473, 1824",12
"1824",1824,"1724, 1823, 1624, 1723, 1822, 2024, 1925, 1826, 1923, 1924, 1825",11
"1825",1825,"1824, 1625, 1724, 1726, 1823, 685, 9686, 3745, 1926, 1827, 1924, 2818",12
"1826",1826,"1626, 1725, 1727, 1824, 8283, 2026, 1927, 1828, 1925, 1926, 1930",11
"1827",1827,"1727, 1726, 1728, 1825, 2164, 3344, 2027, 1829, 1926, 1927, 1828",11
"1828",1828,"1827, 1628, 1727, 1729, 1826, 1283, 4265, 9932, 2028, 1929, 2519, 8779, 1928, 1829",14
"1829",1829,"1729, 1828, 1730, 1827, 4373, 2357, 2318, 4090, 1930, 1831, 1928, 6088, 6000, 1929, 1830",15
"1830",1830,"1730, 1829, 1630, 1731, 2030, 1931, 1929, 5129, 9468, 4297, 1930, 1831",12
"1831",1831,"1731, 1830, 1631, 1730, 1732, 1829, 2031, 1932, 1833, 1930, 1931, 1832",12
"1832",1832,"1732, 1831, 1632, 1731, 1733, 4840, 2032, 1933, 1834, 1931, 6092",11
"1833",1833,"1633, 1732, 1734, 1831, 8334, 5760, 4631, 2033, 1934, 1835, 8444, 1834, 3019, 7763",14
"1834",1834,"1734, 1634, 1733, 1735, 1832, 1833, 9119, 2034, 1935, 1836, 1933, 9599, 1934, 1835",14
"1835",1835,"1735, 1834, 626, 1635, 1734, 1736, 1833, 2035, 1936, 1837, 1836",11
"1836",1836,"1736, 1636, 1737, 1834, 1835, 2036, 1838, 1935, 4942, 2731, 1936",11
"1837",1837,"1637, 1736, 1738, 1835, 6457, 5560, 2037, 1938, 1839, 1936, 1937, 1838, 3123",13
"1838",1838,"1738, 1837, 1638, 1739, 1836, 6623, 2038, 1939, 1937, 4090, 1938, 1839",12
"1839",1839,"1838, 1639, 1738, 1740, 1837, 2039, 1940, 1841, 1938, 1939, 1840",11
"1840",1840,"1839, 1640, 1741, 1739, 717, 6119, 2040, 1941, 1842, 1939, 2530, 8806, 8066, 1841",14
"1841",1841,"1741, 1641, 1740, 1742, 1839, 1840, 8598, 3645, 2041, 1942, 1843, 1940, 1941",13
"1842",1842,"1742, 1642, 1840, 6480, 1943, 1844, 1941, 6377, 1942, 1843",10
"1843",1843,"1743, 1842, 1643, 1841, 1944, 1942, 7480, 1943, 1844",9
"1844",1844,"1744, 1843, 1644, 1743, 1745, 1842, 3124, 2044, 1945, 1846, 2915, 1944, 1845",13
"1845",1845,"1745, 1844, 1645, 1744, 1746, 3230, 2045, 1946, 1847, 1944, 6723, 1945, 1846",13
"1846",1846,"1845, 1646, 1745, 1747, 1844, 1947, 1848, 1945, 1946, 1847",10
"1847",1847,"1747, 1846, 925, 422, 1748, 1845, 8185, 4200, 7730, 1948, 1849, 1946, 1947, 1848",14
"1848",1848,"1748, 1847, 1846, 687, 1648, 6984, 2398, 2048, 1850, 2422, 8547, 1948",12
"1849",1849,"1749, 1649, 1748, 1750, 1847, 2049, 1950, 1851, 2245, 1850, 8593",11
"1850",1850,"1849, 1749, 1751, 1848, 2050, 1951, 1852, 6151, 1950, 1851, 2064",11
"1851",1851,"1751, 1850, 1651, 1750, 1752, 1849, 2051, 1952, 1853, 1950, 1951, 1852",12
"1852",1852,"1752, 1851, 1652, 1751, 1850, 1297, 9370, 6989, 5881, 2052, 1854, 7831, 4172, 1952, 1853",15
"1853",1853,"1753, 1852, 1653, 1754, 1851, 1752, 2053, 1954, 1855, 1952, 7402, 1953, 1854",13
"1854",1854,"116, 1754, 1853, 1753, 1755, 1852, 2054, 1955, 1856, 1953, 1954, 1855",12
"1855",1855,"1755, 1854, 1655, 1754, 1756, 1853, 1956, 9563, 1954, 1955, 1856",11
"1856",1856,"1756, 1855, 1656, 1755, 1757, 1854, 2056, 1957, 3346, 1955, 1956, 1857",12
"1857",1857,"1757, 1856, 1657, 1756, 1758, 9719, 4600, 2057, 1958, 1859, 1956, 1957, 1858",13
"1858",1858,"1758, 1857, 1757, 1759, 6673, 2058, 1860, 1957, 6074, 1958, 1859",11
"1859",1859,"1759, 1858, 603, 880, 1659, 1760, 1857, 1762, 1960, 7506, 1959, 6459",12
"1860",1860,"1660, 1759, 1761, 1858, 2060, 1961, 1862, 1959, 1866, 1960, 1861",11
"1861",1861,"1761, 1860, 1661, 1762, 2061, 6564, 1863, 1960, 1961, 1862",10
"1862",1862,"1762, 1861, 1662, 1860, 8085, 7788, 6536, 1863",8
"1863",1863,"1763, 271, 1663, 1762, 1764, 1861, 1862, 2063, 1964, 1865, 1962, 1963, 1864",13
"1864",1864,"1764, 1863, 1664, 1763, 1726, 7468, 1965, 1963, 8970, 1964, 1865",11
"1865",1865,"1864, 1665, 1764, 1766, 1863, 8211, 7428, 2065, 1966, 1964, 1965, 1866",12
"1866",1866,"1766, 1865, 1666, 1860, 1767, 2066, 1967, 1868, 1965, 1966, 1867",11
"1867",1867,"1767, 1866, 668, 1667, 1766, 1768, 3862, 1968, 1869, 1966, 8962, 1967, 1868",13
"1868",1868,"1768, 1867, 1668, 1767, 1769, 1866, 9678, 3166, 2068, 6739, 1870, 1967, 1968, 1869",14
"1869",1869,"1769, 1868, 1669, 1867, 3281, 7022, 4019, 2069, 1920, 1871, 8780, 1969, 1870",13
"1870",1870,"1770, 1869, 1670, 1769, 1771, 1868, 5703, 2070, 2713, 1872, 5536, 1871",12
"1871",1871,"1771, 1772, 1869, 1770, 1870, 6967, 2071, 1972, 1873, 1970, 1971, 1872",12
"1872",1872,"1772, 1871, 418, 1672, 1771, 1773, 1870, 1268, 2072, 1874, 4551",11
"1873",1873,"1773, 1673, 1772, 1871, 7747, 1974, 1875, 3222, 1973, 1874",10
"1874",1874,"1085, 1873, 1674, 1773, 1775, 1872, 797, 7468, 1975, 1876, 1973, 1974, 5817",13
"1875",1875,"1775, 1675, 1774, 1776, 1873, 2075, 1976, 1877, 1974, 1975, 1876",11
"1876",1876,"1776, 1875, 1676, 1777, 1874, 1775, 9268, 2076, 1977, 1878, 1976, 1877",12
"1877",1877,"1777, 1876, 1677, 1776, 1778, 1875, 3788, 2077, 3005, 1879, 1976, 1977, 1878",13
"1878",1878,"1778, 1877, 1678, 1779, 1876, 138, 2078, 1979, 6863, 1977, 1978, 2792",12
"1879",1879,"1679, 1780, 1877, 8842, 2079, 1980, 1881, 1979, 1880",9
"1880",1880,"538, 1780, 1879, 1680, 1779, 1781, 2344, 2080, 1981, 1882, 1980",11
"1881",1881,"1781, 1780, 1782, 1879, 4536, 3615, 2081, 1982, 1883, 1980, 1981, 1882, 9687",13
"1882",1882,"1782, 1881, 574, 1682, 1783, 1880, 4168, 9293, 1983, 1884, 1981, 6958, 1982, 1883",14
"1883",1883,"1783, 1882, 945, 1683, 1782, 1881, 2083, 1984, 1885, 1982, 6690, 1884",12
"1884",1884,"1784, 1883, 1684, 1783, 1882, 2084, 9908, 3805, 9711, 1885",10
"1885",1885,"1785, 1884, 1685, 1784, 1786, 1883, 9129, 2085, 1986, 1887, 5376, 1985, 1886",13
"1886",1886,"1786, 1885, 1686, 1785, 1787, 2086, 1987, 1888, 1986, 1887",10
"1887",1887,"1787, 1886, 1687, 1786, 1788, 1885, 3315, 2087, 1988, 1889, 1912, 1987, 5208",13
"1888",1888,"1788, 1688, 1787, 1789, 1886, 1989, 1890, 1987, 1889",9
"1889",1889,"1789, 1888, 1689, 1788, 1790, 1887, 2089, 1990, 1891, 1988, 1989, 1890",12
"1890",1890,"1790, 1889, 1690, 1789, 1791, 1888, 7138, 2090, 1892, 1989, 1990, 1891",12
"1891",1891,"1890, 1691, 1790, 1792, 1889, 2306, 3270, 1992, 1893, 1990, 6328, 1892",12
"1892",1892,"1792, 1891, 1692, 1793, 1890, 6804, 2092, 5809, 1894, 1991, 3078, 1992, 1893",13
"1893",1893,"1793, 1892, 1693, 1794, 1891, 9584, 5981, 2093, 1895, 1992, 1993, 1894",12
"1894",1894,"1794, 1893, 11, 1694, 1793, 1795, 1892, 1995, 3229, 1993, 1994, 1895",12
"1895",1895,"1894, 1695, 1794, 1796, 1893, 2095, 1996, 1897, 1994, 1995, 4566, 3500",12
"1896",1896,"1796, 1696, 1795, 4282, 1997, 1898, 1995, 1897",8
"1897",1897,"1797, 1697, 1442, 1895, 1896, 1998, 9510, 1997, 1898",9
"1898",1898,"1798, 1897, 1797, 1799, 1896, 9949, 5765, 2098, 1999, 1900, 1997, 1998, 1899",13
"1899",1899,"1898, 1699, 1798, 7318, 2000, 5146, 9554, 1999",8
"1900",1900,"1800, 1700, 1898, 1799, 2100, 2841, 8202, 2000, 3545",9
"1901",1901,"909, 1635, 1801, 1701, 1802, 6263, 2002, 1903, 5642, 2001, 1902",11
"1902",1902,"1802, 1901, 1702, 1801, 6848, 4008, 2305, 3768, 2003, 1904, 2002, 1903",12
"1903",1903,"1803, 1902, 1703, 1901, 1802, 2103, 2004, 1905, 2002, 2003, 1904",11
"1904",1904,"1804, 1903, 1704, 1803, 1805, 1902, 2104, 2005, 1906, 2003, 1905",11
"1905",1905,"1805, 1705, 1804, 1806, 1903, 1904, 2105, 2006, 1907, 2004, 6895, 2552, 1906",13
"1906",1906,"1806, 1905, 1706, 1805, 1807, 1904, 2106, 2007, 1908, 2005, 2006, 1907",12
"1907",1907,"1807, 1906, 1707, 1806, 1808, 1905, 6677, 2107, 2008, 1909, 2006, 2007, 1908",13
"1908",1908,"1808, 1907, 1708, 1807, 1809, 1906, 2108, 2009, 1910, 2007, 2008, 1909",12
"1909",1909,"1809, 1908, 1709, 1808, 1810, 1907, 6883, 2109, 2010, 2008, 5987, 5083, 2009, 1910",14
"1910",1910,"1810, 1909, 1710, 1809, 1811, 1908, 2110, 2011, 1912, 2009, 3824, 2010, 1911",13
"1911",1911,"1811, 1910, 1711, 1810, 1812, 4029, 2111, 2012, 2811, 2010, 3435, 2011, 1912",13
"1912",1912,"1911, 1712, 356, 1887, 1910, 221, 1811, 2112, 2013, 1914, 1913",11
"1913",1913,"1813, 1713, 1812, 1814, 1912, 2113, 2014, 1915, 3184, 2013, 1914",11
"1914",1914,"1814, 1913, 1714, 1813, 1815, 1912, 2033, 2114, 1916, 2013, 2014, 1915",12
"1915",1915,"1815, 1914, 1715, 1814, 1816, 1913, 6484, 2115, 2016, 1917, 2014, 6090, 2015, 1916",14
"1916",1916,"1816, 1915, 1716, 1817, 408, 1914, 4262, 2116, 1918, 2015, 2016, 1917",12
"1917",1917,"1817, 1916, 1717, 1816, 1818, 1915, 3855, 2117, 2018, 2016, 2017, 1918",12
"1918",1918,"1818, 1917, 1718, 1817, 1819, 1916, 9685, 2118, 2019, 1920, 2017, 8895",12
"1919",1919,"1819, 1719, 1818, 1820, 311, 2119, 2020, 1921, 2019, 1920",10
"1920",1920,"1820, 1919, 1720, 1819, 1821, 1869, 1918, 8083, 6194, 8459, 1922, 2019, 2020, 1921",14
"1921",1921,"1821, 1920, 1721, 1820, 1822, 1919, 2121, 2022, 1923, 2020, 2021",11
"1922",1922,"1822, 1722, 1821, 1920, 5342, 2122, 2023, 1924, 6831, 6401, 2022, 1923, 2564",13
"1923",1923,"1922, 1723, 1822, 1824, 1921, 2123, 2024, 1925, 1931, 2023, 1924",11
"1924",1924,"1824, 1923, 1724, 1823, 1825, 1922, 7356, 2124, 2025, 1926, 2023, 5568, 2024, 1925",14
"1925",1925,"1924, 1385, 1725, 1824, 1826, 1923, 7981, 6147, 3670, 2125, 2026, 1927, 2024, 2025",14
"1926",1926,"1826, 1726, 1827, 1924, 1825, 8454, 4034, 2126, 1928, 2025, 2026, 1927, 9046",13
"1927",1927,"1827, 1926, 310, 1727, 1826, 1925, 2127, 2028, 1929, 2026, 2027",11
"1928",1928,"1828, 1829, 1926, 6407, 2128, 2029, 1930, 3435, 1929, 5589",10
"1929",1929,"1829, 1729, 1828, 1830, 1927, 1928, 2129, 1931, 2028, 7362",10
"1930",1930,"1826, 1830, 1829, 1831, 1928, 9575, 2130, 2426, 1932, 2029, 2030, 1931",12
"1931",1931,"1831, 1930, 1731, 1830, 1832, 1923, 1929, 7823, 5284, 2647, 2131, 2032, 1933, 2030, 8394, 2031, 1932",17
"1932",1932,"904, 1931, 1732, 1831, 1930, 2979, 2132, 1934, 2161, 2032, 1933",11
"1933",1933,"1932, 1733, 1832, 1834, 1931, 3460, 2034, 1935, 2032, 2033, 1934",11
"1934",1934,"1834, 1933, 891, 1734, 1833, 1932, 1528, 9208, 2035, 1936, 2550, 2034, 1935",13
"1935",1935,"1934, 1735, 1834, 1836, 1933, 2135, 2036, 1937, 2034, 2035, 1936, 3095",12
"1936",1936,"1836, 1935, 1736, 1835, 1837, 1934, 2136, 2037, 1938, 2036, 1937",11
"1937",1937,"1837, 1936, 194, 1737, 749, 1838, 1935, 2137, 2038, 2036, 5894, 2037, 1938",13
"1938",1938,"1838, 1937, 1738, 1837, 1839, 1936, 2159, 6432, 2138, 1940, 2037",11
"1939",1939,"1839, 1838, 1840, 9432, 2139, 2040, 1941, 2038, 5445, 2039, 1940, 3338",12
"1940",1940,"1939, 1839, 1841, 1938, 8247, 2041, 1942, 2039, 2040, 1941, 7004",11
"1941",1941,"1841, 1940, 1840, 1842, 1939, 2141, 4752, 1943, 2040, 2041, 1942",11
"1942",1942,"1842, 1941, 782, 1841, 1843, 1940, 5282, 9530, 2142, 1944, 2041, 3915, 2042, 1943",14
"1943",1943,"1231, 1843, 1942, 1743, 1941, 1842, 2143, 2044, 1945, 6813, 1944",11
"1944",1944,"1844, 793, 1744, 1845, 1942, 580, 1843, 837, 1943, 4369, 4275, 1946, 2043, 1945",14
"1945",1945,"1845, 1944, 1311, 1745, 1844, 1846, 1943, 577, 7997, 2004, 2145, 2046, 1947, 1946",14
"1946",1946,"1846, 1746, 1845, 1847, 1944, 1945, 5184, 2605, 2146, 3093, 1948, 2045, 2046, 1947",14
"1947",1947,"1847, 1946, 1945, 1846, 8409, 2147, 2048, 1949, 2046, 2047, 1948",11
"1948",1948,"578, 1848, 1947, 1748, 1847, 1946, 1357, 6877, 3298, 2148, 1950, 2047, 5101, 1949",14
"1949",1949,"1321, 1948, 1749, 1385, 1947, 2050, 2048, 1950",8
"1950",1950,"1850, 1750, 1849, 1851, 1948, 1949, 5585, 3964, 2150, 2051, 1952, 2049, 2050, 1951",14
"1951",1951,"1851, 1950, 1751, 1850, 730, 7350, 2151, 2052, 1953, 2050, 8873, 3358, 2051, 1952",14
"1952",1952,"1852, 1951, 1851, 1853, 1950, 2152, 2053, 1954, 2051, 8113, 2052, 1953",12
"1953",1953,"99, 1853, 1952, 1753, 1854, 1951, 2153, 1955, 2531, 2053, 1954",11
"1954",1954,"1854, 1953, 1754, 1853, 1855, 1952, 7675, 2154, 2055, 1956, 2054, 1955",12
"1955",1955,"1855, 1954, 1755, 1854, 1856, 1953, 8908, 2067, 2155, 2056, 1957, 2054, 1956",13
"1956",1956,"1856, 1955, 1756, 1857, 1954, 1855, 2156, 2057, 1958, 2055, 5259, 2056, 1957",13
"1957",1957,"1857, 1956, 1757, 1856, 1858, 1955, 2157, 1959, 2056, 6628, 2057, 1958",12
"1958",1958,"1858, 1957, 219, 1758, 1857, 1956, 2158, 2059, 1960, 2057, 3424, 5428, 1959",13
"1959",1959,"1859, 1958, 1759, 1860, 1957, 2159, 2334, 1961, 2058, 7692, 1960",11
"1960",1960,"1860, 1760, 1859, 1861, 1958, 1959, 5627, 4037, 1962, 2059, 2060, 1961",12
"1961",1961,"1861, 1960, 1761, 1860, 1959, 2161, 2062, 1963, 2060, 6865",10
"1962",1962,"1762, 1863, 1960, 5423, 4168, 2032, 2162, 2063, 1964, 2061, 5714, 5288, 2062, 1963",14
"1963",1963,"1863, 1962, 1763, 1864, 1961, 2163, 2064, 1965, 2062, 2063, 1964",11
"1964",1964,"1864, 1963, 1764, 1863, 1865, 1962, 2065, 4968, 1966, 3024, 2064, 1965",12
"1965",1965,"1865, 1964, 1765, 1866, 1963, 333, 1864, 5157, 2066, 2064, 2065, 1966",12
"1966",1966,"1866, 1965, 1766, 1865, 1867, 1964, 4808, 2166, 2067, 1968, 2065, 5505, 3415, 1967",14
"1967",1967,"1867, 1966, 1767, 1866, 1868, 2167, 2068, 1969, 7549, 2067, 1968",11
"1968",1968,"1868, 1967, 1768, 1867, 1966, 2168, 2069, 1970, 2068",9
"1969",1969,"1869, 1769, 136, 1967, 2169, 1971, 2068, 1970, 6072",9
"1970",1970,"1871, 1968, 1969, 3456, 7126, 2170, 2071, 1972, 2069, 2070, 1971",11
"1971",1971,"1871, 1970, 683, 1424, 1969, 2171, 2072, 1973, 2070, 4580, 7340, 1972",12
"1972",1972,"1614, 1971, 94, 1772, 1871, 253, 1970, 2172, 2073, 1974, 2071, 2072",12
"1973",1973,"1873, 1773, 1874, 1971, 2173, 2074, 1986, 2073, 1974, 3430",10
"1974",1974,"1874, 1973, 1774, 1873, 1875, 1972, 8183, 2174, 2075, 1976, 2073, 2074, 1975",13
"1975",1975,"1875, 1974, 1874, 7750, 4443, 2175, 2076, 1977, 4777, 1976",10
"1976",1976,"1876, 1776, 1875, 1877, 1974, 1975, 4268, 2176, 2077, 1978, 2075, 5028, 1977",13
"1977",1977,"1877, 1976, 1777, 1876, 1878, 1975, 6869, 2078, 1979, 2076, 2077, 1978",12
"1978",1978,"1878, 1977, 1778, 1976, 7044, 2871, 2303, 2178, 7905, 1980, 2077, 7036, 6119, 2078, 1979",15
"1979",1979,"1879, 1978, 1779, 1878, 1977, 2296, 2179, 2080, 4319, 2078, 2079, 1980",12
"1980",1980,"1880, 1979, 1780, 1879, 1881, 1978, 2180, 2081, 1982, 2079, 2080, 1981",12
"1981",1981,"1881, 1980, 1781, 1880, 1882, 2181, 2082, 1983, 2080, 4013, 2081",11
"1982",1982,"1882, 1782, 1881, 1883, 1980, 5571, 3920, 2083, 1984, 2081, 2082, 1983",12
"1983",1983,"1982, 1783, 1882, 1981, 2183, 2084, 2082, 3805",8
"1984",1984,"240, 1784, 1883, 1982, 2184, 2085, 2083, 2084, 1985",9
"1985",1985,"1885, 1984, 1785, 1587, 6617, 9630, 2185, 1987, 7226, 1986",10
"1986",1986,"1886, 1081, 1786, 1885, 1973, 1985, 2186, 2087, 1988, 2085, 2153, 3246, 2086, 1987",14
"1987",1987,"1887, 1986, 1787, 1886, 1888, 1985, 5807, 5596, 5354, 2088, 1989, 5274, 9126, 2087, 1988",15
"1988",1988,"890, 1987, 1788, 1887, 1889, 1986, 2188, 2089, 1990, 2087, 3893, 2088, 1989",13
"1989",1989,"1889, 1988, 617, 1789, 1890, 1987, 1888, 432, 4479, 2189, 1991, 2088, 3267, 2089, 1990",15
"1990",1990,"1890, 1989, 1790, 1889, 1891, 1988, 5581, 3650, 2190, 2091, 1992, 2089, 8902, 2090",14
"1991",1991,"204, 1791, 1892, 1989, 5018, 2191, 2092, 1993, 6746, 6595, 2091, 1992",12
"1992",1992,"1892, 1991, 1792, 1891, 1893, 1990, 2192, 2093, 1994, 2091, 2092, 6942",12
"1993",1993,"1893, 1894, 1991, 2193, 2094, 1995, 2093, 1994",8
"1994",1994,"1894, 1993, 1794, 1895, 1992, 657, 2883, 2194, 2093, 7982, 2074, 2094, 1995",13
"1995",1995,"1135, 1895, 1994, 1795, 1894, 1896, 1993, 2195, 2096, 1997, 2094, 2095, 1996",13
"1996",1996,"1995, 1796, 1895, 525, 175, 6155, 2097, 2095, 2096, 1997",10
"1997",1997,"1897, 1996, 1797, 1898, 1995, 1896, 3997, 2197, 2098, 1999, 6108, 2097, 1998",13
"1998",1998,"1898, 1997, 1798, 48, 1897, 3987, 2099, 9113, 2097, 7717, 2098",11
"1999",1999,"1899, 1898, 1997, 2199, 2100, 2098, 4908, 2099, 7925, 7033",10
"2000",2000,"1900, 1800, 1899, 2200",4
"2001",2001,"1901, 2408, 4469, 2201, 2003, 2847, 2101, 2002",8
"2002",2002,"1902, 2001, 1901, 1903, 5277, 2438, 2103, 2004, 2101, 6199, 2003",11
"2003",2003,"1903, 1803, 1902, 1904, 330, 2001, 2002, 4886, 2004",9
"2004",2004,"175, 708, 1903, 1905, 2002, 1945, 2003, 9568, 9902, 3126, 2376, 2105, 2006, 2103, 2104",15
"2005",2005,"1805, 1904, 1906, 2205, 2123, 8284, 2104, 2105, 2006",9
"2006",2006,"1906, 2005, 1806, 1905, 1907, 2004, 5182, 3736, 2206, 2107, 2008, 2105, 7439, 7261, 2106, 2007",16
"2007",2007,"1907, 2006, 1807, 1906, 1908, 2207, 2108, 2106, 2107, 2008",10
"2008",2008,"1908, 2007, 1808, 1907, 1909, 2006, 2208, 2010, 8341, 6577, 2108, 2009",12
"2009",2009,"1909, 2008, 1809, 1908, 1910, 2209, 2110, 2011, 2108, 7763, 2109, 2010",12
"2010",2010,"1910, 2009, 1810, 1909, 1911, 2008, 9396, 6310, 2210, 2111, 6322, 2109, 2110, 2011",14
"2011",2011,"1911, 2010, 284, 1910, 2009, 8575, 2112, 2013, 6700, 9236, 2111, 9468",12
"2012",2012,"1812, 1911, 3285, 9543, 2381, 2212, 2113, 2014, 2111, 5583, 2112, 6503",12
"2013",2013,"1913, 406, 1813, 1912, 1914, 2011, 2213, 2114, 2015, 9748, 2113, 2014",12
"2014",2014,"1914, 2013, 1814, 1913, 1915, 2012, 4353, 5137, 3577, 2114, 2015",11
"2015",2015,"1915, 2014, 1815, 1916, 2013, 2215, 2116, 2017, 2114, 6422, 2115, 2016",12
"2016",2016,"1916, 2015, 1816, 1915, 1917, 7891, 2216, 2117, 2018, 2115, 2116, 2017",12
"2017",2017,"1917, 2016, 1918, 2015, 2266, 2217, 2118, 2116, 2018",9
"2018",2018,"1917, 2016, 2017, 4705, 6445, 4412, 2218, 2119, 2020, 2117, 2118, 2019",12
"2019",2019,"1919, 2018, 1819, 1918, 1920, 2219, 2120, 2021, 2118, 3305, 9942, 2119, 8178",13
"2020",2020,"1920, 1177, 1820, 1919, 1921, 2018, 3662, 2121, 2022, 2119, 2120, 2021",12
"2021",2021,"1745, 1921, 2020, 1821, 2019, 7797, 3897, 2221, 2122, 2023, 2120, 6879, 6354, 2121, 2022",15
"2022",2022,"1922, 2021, 634, 1822, 1921, 2020, 2222, 2123, 2024, 2121, 2122, 2023",12
"2023",2023,"1923, 2022, 1823, 1922, 1924, 2021, 2223, 2124, 2025, 2122, 5652, 2123, 2024",13
"2024",2024,"1924, 2023, 77, 1824, 1923, 1925, 2022, 7849, 9060, 2125, 2026, 2123, 2124, 2025",14
"2025",2025,"1925, 2024, 1924, 1926, 2023, 6949, 2225, 2126, 2027, 2124, 2125",11
"2026",2026,"1926, 523, 91, 1826, 1925, 1927, 2024, 343, 4858, 9219, 5679, 2226, 2127, 2028, 2125",15
"2027",2027,"1927, 1827, 2025, 6004, 3463, 4730, 2128, 2029, 2126, 9003, 2127, 2028",12
"2028",2028,"2027, 843, 1828, 1927, 1929, 2026, 9448, 2228, 2129, 2030, 2127, 2128, 2029, 6887",14
"2029",2029,"1475, 1683, 2028, 1928, 1930, 2027, 2229, 2130, 2031, 2128, 2129, 2030",12
"2030",2030,"191, 1063, 1930, 2029, 1830, 1931, 2028, 9610, 2230, 2131, 2032, 4434, 2130, 9337",14
"2031",2031,"1931, 1563, 1831, 2029, 2231, 2132, 2033, 2130, 2131, 2032",10
"2032",2032,"1932, 2031, 1832, 1931, 1933, 2030, 1962, 8974, 2133, 2034, 2131, 2132, 2033",13
"2033",2033,"1933, 2032, 788, 1833, 1914, 2031, 546, 3860, 9425, 8755, 2233, 2134, 2035, 2132, 2034",15
"2034",2034,"1934, 2033, 952, 1834, 1935, 2032, 1933, 2036, 2133, 4571, 3891, 3335, 2134, 2035",14
"2035",2035,"1935, 2034, 1835, 1934, 2033, 3004, 2235, 2136, 2037, 2134, 2135, 2036",12
"2036",2036,"1936, 2035, 1836, 1935, 1937, 2034, 9751, 7765, 2236, 2137, 2038, 2135, 2037",13
"2037",2037,"1937, 1837, 1936, 1938, 2035, 2036, 2441, 2237, 2138, 2039, 2136, 2137, 2038",13
"2038",2038,"2037, 1838, 1937, 1939, 2036, 4497, 2238, 2139, 2040, 2137, 7444, 2138, 2039",13
"2039",2039,"1939, 2038, 1839, 1656, 1940, 2037, 2239, 2140, 2041, 2040",10
"2040",2040,"1940, 1840, 1939, 1941, 2038, 2039, 7707, 2240, 2141, 2042, 6037, 8253, 2041",13
"2041",2041,"1941, 2040, 1841, 1940, 1942, 2039, 912, 2241, 2142, 2043, 2140, 2141, 2042",13
"2042",2042,"1942, 2041, 405, 2040, 7148, 2242, 2143, 2044, 2141, 4266, 2043",11
"2043",2043,"2042, 269, 1944, 2041, 3283, 2243, 8473, 2045, 2142, 9824, 2143, 2044",12
"2044",2044,"2043, 1366, 1844, 1943, 2042, 2590, 2244, 2145, 2046, 2143, 2875, 2144, 2045",13
"2045",2045,"2044, 1845, 1946, 2043, 7540, 5489, 4681, 6921, 2146, 2047, 2144, 3563, 2046",13
"2046",2046,"1946, 1945, 1947, 2044, 2045, 4869, 2246, 2147, 2145, 2146, 2047",11
"2047",2047,"1947, 2046, 383, 1948, 2045, 4786, 2247, 2148, 2049, 2146, 2147",11
"2048",2048,"1848, 1947, 1949, 8776, 8196, 2248, 5493, 2147, 7638, 5652, 2049, 6769",12
"2049",2049,"2048, 1849, 1950, 2047, 2129, 2051, 2148, 9176, 8883, 2674, 2149, 2050",12
"2050",2050,"1950, 2049, 1850, 1949, 1951, 1416, 9789, 2250, 2151, 7170, 2149, 2150",12
"2051",2051,"1951, 1851, 1950, 1952, 2049, 2251, 6047, 2150, 2151, 2052",10
"2052",2052,"1952, 2051, 1852, 1951, 4093, 2252, 2151, 2152",8
"2053",2053,"1953, 1853, 1952, 3566, 2301, 2253, 2154, 2055, 2153, 2054, 6078",11
"2054",2054,"1954, 2053, 1854, 1955, 9914, 2254, 2155, 2153, 7365, 3394, 2154, 2055",12
"2055",2055,"1470, 2054, 1954, 1956, 2053, 9706, 4773, 2255, 2156, 2057, 2154, 6828, 2155, 2056",14
"2056",2056,"1956, 2055, 1856, 1955, 1957, 7399, 2256, 2157, 2058, 2155, 3259, 3503, 2156, 2057",14
"2057",2057,"1957, 2056, 1857, 1956, 1958, 2055, 2257, 2158, 2059, 2156, 2157, 2058",12
"2058",2058,"2057, 1858, 1959, 2056, 2258, 2159, 7390, 2157, 6013, 2158, 2059",11
"2059",2059,"2058, 1958, 1960, 2057, 947, 2160, 2158, 7119, 2159, 2060",10
"2060",2060,"967, 1960, 2059, 1860, 1961, 2260, 2161, 2062, 2159, 6311, 4457, 9336, 2061",13
"2061",2061,"378, 2060, 1861, 1962, 2162, 2063, 2160, 9288, 3220, 6123, 2161, 2062",12
"2062",2062,"1962, 2061, 1961, 1963, 2060, 2410, 2262, 2163, 2064, 2161, 2162, 2063",12
"2063",2063,"1963, 2062, 1863, 1962, 2061, 5934, 8834, 2263, 2164, 2065, 2163, 2064",12
"2064",2064,"1850, 1964, 2063, 1963, 1965, 2062, 4130, 3805, 3036, 2264, 2165, 6448, 2163, 2164, 3451",15
"2065",2065,"1965, 1865, 1964, 1966, 2063, 2265, 2166, 2164, 2165",9
"2066",2066,"1866, 1965, 2266, 5500, 2068, 2165, 2067, 6053",8
"2067",2067,"1967, 2066, 1966, 1955, 2267, 2168, 2069, 8675, 2068",9
"2068",2068,"1968, 1868, 1967, 1969, 2066, 45, 2067, 2169, 2070, 2167, 3427, 2069",12
"2069",2069,"2068, 1869, 1968, 1970, 2067, 6646, 2269, 2071, 5768, 2169, 2070",11
"2070",2070,"1970, 2069, 1635, 1870, 1971, 2068, 9583, 7903, 2171, 2072, 2169, 6777, 2170, 2071",14
"2071",2071,"2070, 1871, 1970, 1972, 2069, 2271, 2172, 2073, 2170, 7978, 2171, 2072",12
"2072",2072,"1972, 2071, 1872, 1971, 2070, 9944, 7915, 7274, 2272, 2173, 2074, 2171, 2172, 2073",14
"2073",2073,"1973, 2072, 1972, 1974, 2071, 3667, 2273, 2174, 2641, 3836, 2173",11
"2074",2074,"1974, 1994, 1973, 2072, 8814, 2139, 3106, 2274, 2076, 4284, 2174",11
"2075",2075,"1875, 1974, 1976, 9669, 5743, 2275, 2176, 2077, 2174, 8352, 4952, 2175, 2076, 9835",14
"2076",2076,"604, 2075, 1494, 1876, 1975, 1977, 2074, 6541, 9585, 4723, 2276, 8718, 6229, 2409, 2176, 4904",16
"2077",2077,"1977, 1877, 1976, 1978, 2075, 5973, 2178, 2079, 2176, 4311, 2177, 2078",12
"2078",2078,"1978, 2077, 1878, 1977, 1979, 2278, 2179, 2080, 2177, 6422, 8183, 6381, 2790, 2178",14
"2079",2079,"1617, 1979, 959, 1879, 1980, 2077, 5660, 3381, 2279, 2180, 2081, 2178, 4757, 2179, 2080, 7338",16
"2080",2080,"1980, 2079, 1880, 1979, 1981, 2078, 2280, 2181, 2082, 2179, 2180, 2081",12
"2081",2081,"1981, 2080, 292, 1881, 1980, 1982, 2079, 8634, 7057, 2281, 2182, 2180, 2082",13
"2082",2082,"1981, 1983, 2080, 2081, 1982, 2282, 2183, 2084, 9956, 2083",10
"2083",2083,"2082, 1268, 1883, 1984, 1297, 1982, 5631, 2283, 2184, 2085, 2182, 2135, 5381, 3879, 2183, 2084",16
"2084",2084,"1984, 2083, 1884, 1983, 2082, 2284, 7053, 2086, 7198, 3437, 2184, 2085",12
"2085",2085,"2084, 1885, 1984, 1986, 2083, 3417, 2285, 2087, 2184, 2185, 2086",11
"2086",2086,"1986, 2085, 1886, 2084, 2286, 2187, 2088, 9802, 2186, 2087",10
"2087",2087,"762, 1987, 2086, 617, 1887, 1986, 1988, 2085, 2287, 2188, 2089, 2186, 2187, 5803",14
"2088",2088,"1988, 1652, 1987, 1989, 2086, 6989, 3254, 2288, 5021, 2090, 2187, 2089",12
"2089",2089,"1989, 1889, 1988, 1990, 2087, 2088, 7842, 6812, 2289, 2190, 2091, 2188, 5348, 2189, 2090",15
"2090",2090,"1990, 2089, 1890, 51, 2088, 2290, 2191, 2092, 2189, 2190, 2091",11
"2091",2091,"1991, 2090, 1990, 1992, 2089, 6889, 2291, 2192, 2093, 2190, 5328, 2092",12
"2092",2092,"1992, 2091, 1892, 1991, 2090, 4440, 2292, 2193, 2191, 3212, 2192, 2093",12
"2093",2093,"1993, 2092, 1893, 1992, 1994, 2091, 1018, 2194, 2095, 9648, 3003, 2094",12
"2094",2094,"1994, 2093, 143, 1993, 1995, 1774, 2294, 2195, 2096, 2194, 2095",11
"2095",2095,"1995, 2094, 1895, 1996, 2093, 4310, 2295, 2196, 2097, 2194, 9701, 2096",12
"2096",2096,"1996, 1995, 2094, 2095, 2296, 2197, 2098, 2195, 9686, 6965, 2196, 2097",12
"2097",2097,"1997, 2096, 1996, 1998, 2095, 2754, 8330, 2198, 2196, 7924, 2098",11
"2098",2098,"1998, 2097, 1898, 1997, 1999, 2096, 2298, 2199, 2100, 2197, 8306, 2099",12
"2099",2099,"1999, 1998, 2098, 2299, 2200, 2198, 7551, 2737, 2783, 2100",10
"2100",2100,"1010, 1611, 1900, 1999, 2098, 2099, 2300, 2199, 2200",9
"2101",2101,"2001, 747, 2002, 2202, 2103, 4576, 2201, 2102",8
"2102",2102,"2101, 1232, 8917, 8383, 6399, 2302, 2203, 2104, 2201, 2202, 2103",11
"2103",2103,"2102, 1903, 2002, 2004, 2101, 2303, 4588, 2202, 2203, 2104, 8239",11
"2104",2104,"1091, 2004, 2103, 1904, 2005, 2102, 4609, 8591, 3641, 2304, 2106, 2203, 2204, 5979",14
"2105",2105,"2005, 1905, 2004, 2006, 2305, 2206, 2204, 6604, 2205, 2106",10
"2106",2106,"2006, 2105, 1906, 2007, 2104, 2306, 2207, 3099, 2205, 7541, 2107",11
"2107",2107,"166, 2007, 2106, 1907, 2006, 585, 7108, 2208, 2109, 2207, 2108",11
"2108",2108,"2008, 2107, 1908, 2007, 2009, 8916, 2308, 2207, 2208, 2109",10
"2109",2109,"2009, 2108, 1909, 2010, 2107, 1741, 5779, 2123, 2210, 2111, 7964, 9660, 2209",13
"2110",2110,"2010, 1910, 2009, 2310, 2211, 2112, 2209, 2208, 3072, 2111",10
"2111",2111,"2011, 2110, 1911, 2010, 2012, 2109, 2311, 2212, 2113, 2210, 6792, 5386, 2211, 2112",14
"2112",2112,"2012, 2111, 1912, 2110, 2011, 7989, 2312, 2213, 2114, 2211, 2436, 2212, 2113",13
"2113",2113,"2013, 2112, 1913, 2012, 2111, 2313, 2214, 2212, 9631, 8957, 2213, 2114",12
"2114",2114,"2014, 2113, 1914, 2013, 2015, 2112, 2314, 2215, 2116, 2213, 2214, 2115",12
"2115",2115,"2015, 2114, 1915, 2016, 2315, 2117, 2214, 9037, 3106, 5106, 2215, 2116",12
"2116",2116,"2016, 2115, 1916, 2015, 2017, 2114, 2316, 2217, 2118, 2215, 2216, 2117",12
"2117",2117,"2116, 1917, 2016, 2018, 2115, 7879, 9421, 2317, 2218, 2119, 2216, 7842, 2217, 2118",14
"2118",2118,"2018, 2117, 1918, 2017, 2019, 2116, 2318, 2219, 6503, 5330, 2218, 2119",12
"2119",2119,"1815, 2019, 2118, 1919, 2018, 2020, 2117, 7379, 6718, 2319, 2220, 9895, 2218, 2219, 2120",15
"2120",2120,"2020, 2119, 2019, 2021, 2320, 2221, 2122, 2219, 7473, 6791, 3694",11
"2121",2121,"2021, 1921, 2022, 2020, 2321, 2222, 2123, 2220, 2221, 2122",10
"2122",2122,"2022, 2121, 1922, 2021, 2023, 2120, 9314, 2714, 2322, 2223, 2124, 2221, 7430, 2222, 2123",15
"2123",2123,"2023, 2122, 1923, 2005, 2022, 2024, 2109, 2121, 2323, 2224, 2125, 2222, 2223",13
"2124",2124,"2024, 1550, 1924, 2023, 2025, 2122, 3039, 2225, 2126, 2224, 2125",11
"2125",2125,"2025, 2124, 1925, 2024, 2026, 2123, 2325, 2226, 2127, 2224, 2126",11
"2126",2126,"1926, 2025, 2027, 2124, 1629, 2125, 8749, 2326, 2227, 2128, 2225, 2127",12
"2127",2127,"2027, 1927, 2026, 2028, 2125, 2126, 4798, 2327, 2228, 2129, 2226, 3242, 2227, 2128",14
"2128",2128,"2028, 2127, 1928, 2027, 2029, 2126, 9919, 3059, 2328, 2229, 2130, 2227, 2129",13
"2129",2129,"2049, 2029, 2128, 1929, 2028, 2127, 2495, 2329, 2230, 2131, 2228, 2229, 2130",13
"2130",2130,"2030, 2129, 1584, 1930, 2029, 2031, 2128, 2330, 2231, 2132, 2229, 2230, 2131",13
"2131",2131,"2031, 2130, 1931, 2030, 2032, 2129, 2331, 2232, 2133, 2230, 2231, 4001",12
"2132",2132,"2032, 1932, 2031, 2033, 2130, 6921, 2332, 2134, 2231, 8343, 2133",11
"2133",2133,"2132, 2032, 2034, 2131, 2333, 2234, 2135, 4194, 2134",9
"2134",2134,"2034, 2033, 2035, 2132, 2133, 2334, 2235, 2136, 2233, 2135",10
"2135",2135,"2035, 888, 1935, 2036, 2133, 2083, 2134, 4577, 2335, 2236, 2137, 2136",12
"2136",2136,"2135, 1936, 2035, 2037, 2134, 6053, 2336, 2237, 2138, 2235, 9374, 2137",12
"2137",2137,"2037, 2136, 1937, 2036, 2038, 2135, 2337, 2238, 2139, 2236, 6181, 2721, 2237",13
"2138",2138,"1468, 2038, 1938, 2037, 2136, 9324, 8188, 2338, 2239, 2140, 9650, 2238, 2139",13
"2139",2139,"2138, 1251, 1939, 2038, 2137, 2074, 7443, 7436, 4732, 9024, 2240, 2141, 2239, 2140",14
"2140",2140,"2139, 2039, 2041, 2138, 2340, 2241, 2142, 2239, 2240, 2141",10
"2141",2141,"2041, 2140, 1941, 2040, 2042, 2139, 2341, 2242, 2143, 2240, 2241, 2142",12
"2142",2142,"2141, 1942, 2041, 2043, 2140, 2342, 2241, 2242",8
"2143",2143,"2043, 1943, 2042, 2044, 2141, 2343, 2244, 2145, 2242, 7612, 9903",11
"2144",2144,"2044, 2045, 9388, 4251, 2774, 2344, 2245, 2146, 2243, 9787, 2244",11
"2145",2145,"1945, 2044, 2046, 2143, 9793, 2345, 7060, 2147, 2245, 2146, 7309",11
"2146",2146,"2046, 2145, 1946, 2045, 2047, 2144, 2346, 2247, 2148, 2245, 2246, 2147",12
"2147",2147,"2047, 2146, 1947, 2046, 2048, 2145, 3230, 2627, 2347, 2149, 2246, 2247, 2148",13
"2148",2148,"2147, 1948, 2047, 2049, 2146, 2348, 2249, 2150, 2247, 2248, 2149",11
"2149",2149,"2049, 2148, 1148, 1703, 1380, 2050, 2147, 7860, 2349, 2151, 2248, 9490, 7694, 2249, 2150",15
"2150",2150,"2050, 2149, 1950, 2051, 2148, 6464, 2350, 2152, 2249, 4853, 4315, 2250, 2151",13
"2151",2151,"2051, 2150, 1951, 2050, 2052, 2149, 2351, 2252, 4621, 2250, 2251, 2152",12
"2152",2152,"2052, 2151, 1952, 2150, 3581, 2429, 2352, 2253, 2154, 2251, 5335, 3348, 2252, 2153",14
"2153",2153,"2053, 2152, 1953, 1986, 2054, 2353, 2254, 2155, 2252, 8682, 9088, 2253, 3265",13
"2154",2154,"2054, 1954, 2053, 2055, 2152, 72, 2354, 2156, 2253, 8029, 2184, 2254, 2155",13
"2155",2155,"1357, 2055, 2154, 1955, 2054, 2056, 2153, 2355, 2157, 2254, 2255, 2156",12
"2156",2156,"2056, 2155, 1956, 2055, 2057, 2154, 9991, 6948, 2257, 2255, 2256, 2157",12
"2157",2157,"2057, 2156, 1957, 2056, 2058, 2155, 2357, 2258, 3452, 2257, 2158",11
"2158",2158,"2058, 2157, 1958, 2057, 2059, 1763, 3148, 2358, 2259, 2160, 2257, 2258, 2159",13
"2159",2159,"2059, 2158, 1959, 2058, 2060, 1938, 3023, 3002, 2359, 2260, 2161, 5894, 8345, 2259, 2160",15
"2160",2160,"2159, 1722, 2059, 2061, 2158, 618, 2360, 2259, 2260, 2161",10
"2161",2161,"2061, 2160, 1932, 1961, 2060, 2062, 2159, 6813, 2361, 2262, 2260, 2342, 2261, 2162",14
"2162",2162,"2062, 2161, 1962, 2061, 4975, 2362, 2263, 2164, 2261, 2262, 5541",11
"2163",2163,"2063, 1963, 2062, 2064, 2363, 2165, 2262, 8730, 2263, 2164",10
"2164",2164,"2064, 2163, 831, 1827, 2063, 2065, 2162, 2364, 2166, 3284, 2264, 2165",12
"2165",2165,"2065, 2164, 2064, 2066, 237, 2163, 6918, 6551, 2266, 2167, 4468, 2265, 2737",13
"2166",2166,"79, 1966, 2065, 1658, 2164, 7109, 2267, 2168, 2265, 2266, 2167",11
"2167",2167,"2166, 2068, 2165, 983, 1967, 5232, 2367, 2266, 2267, 2168",10
"2168",2168,"2167, 1968, 2067, 2166, 6970, 2368, 2269, 2170, 2267, 4046, 2268, 2169",12
"2169",2169,"2069, 2168, 1969, 2068, 2070, 7066, 2369, 2270, 2171, 2268, 2269, 2170",12
"2170",2170,"2070, 2169, 1970, 2071, 2168, 2370, 2271, 2172, 2269, 9355, 2270, 2171",12
"2171",2171,"2071, 2170, 1971, 2070, 2072, 2169, 2371, 2173, 2270, 2172",10
"2172",2172,"2072, 1972, 2071, 2170, 2171, 3384, 2372, 2174, 2271, 2272, 2173",11
"2173",2173,"2073, 2172, 895, 1973, 2072, 2171, 2373, 6854, 2175, 2272, 9565, 2273, 2174",13
"2174",2174,"2074, 2173, 1974, 2073, 2075, 2172, 204, 2374, 2275, 2176, 2273, 4374, 2175",13
"2175",2175,"2075, 2174, 1975, 2173, 9114, 2375, 2276, 2177, 2274, 3507, 2275, 2176",12
"2176",2176,"2076, 2175, 1720, 1976, 2075, 2077, 2174, 6632, 2277, 2178, 2275, 5178, 2276, 2177",14
"2177",2177,"2077, 2176, 630, 2078, 2175, 2922, 2377, 2278, 2179, 2277, 2178",11
"2178",2178,"2078, 2177, 1978, 2077, 2079, 2176, 3369, 2378, 2180, 2277, 2278, 2179",12
"2179",2179,"2079, 2178, 1979, 2078, 2080, 2177, 2379, 6961, 2181, 2278, 2279, 2180",12
"2180",2180,"2080, 2179, 1980, 2079, 2081, 2178, 2206, 7480, 2380, 2182, 2279, 5878, 2181",13
"2181",2181,"2180, 1981, 2080, 2179, 4303, 6203, 9709, 2381, 2280, 2182",10
"2182",2182,"391, 1761, 2081, 2083, 2180, 2181, 5429, 2382, 2283, 2184, 2281, 5483, 2282, 2183",14
"2183",2183,"2083, 2182, 1983, 2082, 1106, 218, 2244, 3598, 2383, 2185, 2282",11
"2184",2184,"2084, 1984, 2083, 2085, 2182, 2154, 2285, 2186, 5395, 2284",10
"2185",2185,"2085, 217, 1985, 2183, 6193, 2385, 2286, 2187, 2284, 2285, 2186",11
"2186",2186,"2086, 2185, 1986, 2087, 2184, 4366, 2386, 4401, 2188, 2285, 8879, 2286, 2187",13
"2187",2187,"2087, 2186, 2086, 2088, 2185, 9367, 6246, 2387, 2288, 2189, 2286, 2287",12
"2188",2188,"1988, 2087, 2089, 2186, 7788, 7956, 7830, 2502, 2388, 2289, 2190, 2287, 2288, 2189, 3030",15
"2189",2189,"2089, 2188, 1989, 2090, 2187, 2767, 2389, 2290, 2191, 2289, 2190",11
"2190",2190,"2090, 2189, 1990, 2089, 2091, 2188, 883, 2390, 2291, 2289, 2290, 5379",12
"2191",2191,"1991, 2090, 2092, 2189, 5956, 2391, 4056, 2193, 2290, 5529, 2291, 2192",12
"2192",2192,"2092, 2191, 1992, 2091, 8205, 5767, 2293, 2194, 2291, 7463, 2292",11
"2193",2193,"1993, 2092, 2191, 3985, 7673, 2393, 2294, 2195, 2292, 2293, 2194, 2535",12
"2194",2194,"2094, 2193, 1994, 2095, 2192, 2093, 7463, 2394, 2295, 2293, 5763, 3513, 2294, 2195",14
"2195",2195,"2194, 1995, 2094, 2096, 2193, 6246, 2395, 2296, 2197, 2294, 8265, 2295, 2196",13
"2196",2196,"2096, 2195, 2095, 2097, 8374, 5943, 2396, 2297, 2198, 2295, 3165, 2296, 2197",13
"2197",2197,"2196, 1997, 2096, 2098, 2195, 4477, 3944, 3853, 2397, 2298, 2199, 2296, 2297, 9758",14
"2198",2198,"2097, 2099, 2196, 9114, 5830, 2398, 2200, 2298, 6855",9
"2199",2199,"1999, 2098, 2100, 2197, 2300, 3475, 2299, 2200, 9901",9
"2200",2200,"2100, 2199, 518, 2000, 2099, 2198, 2400, 2299, 3869, 2300",10
"2201",2201,"2101, 2001, 2102, 5807, 2401, 2302, 2203, 9929, 2301, 2202",10
"2202",2202,"2102, 2201, 2101, 2103, 2402, 2204, 4650, 2963, 2302",9
"2203",2203,"2103, 2102, 2104, 2201, 2403, 2304, 9032, 2302, 5127, 2303",10
"2204",2204,"2104, 2105, 2202, 2404, 8226, 2303, 2304, 2205, 6523",9
"2205",2205,"2105, 2204, 1447, 2005, 2106, 2405, 2306, 2207, 2304, 9230, 2305, 2206",12
"2206",2206,"1475, 2205, 2006, 2105, 2180, 2521, 4369, 2208, 2305, 9021, 4916, 2306, 2207",13
"2207",2207,"1318, 2107, 2206, 2007, 2106, 2108, 2205, 423, 5016, 2407, 2306, 2307",12
"2208",2208,"2108, 2008, 2107, 2206, 2110, 8733, 2408, 2309, 2307, 5994, 2308, 2209",12
"2209",2209,"2109, 2208, 2009, 2110, 1462, 2409, 2310, 2211, 2308, 9456, 2309, 2210",12
"2210",2210,"2209, 102, 2010, 2109, 2111, 5485, 4774, 4146, 2410, 2311, 2212, 2309, 8634, 2310, 3707",15
"2211",2211,"2111, 1578, 2110, 2112, 2209, 6569, 4203, 2411, 2312, 2213, 2310, 4841, 2311, 2212",14
"2212",2212,"2112, 2211, 2012, 2111, 2113, 2210, 2412, 2313, 2214, 2311, 2312",11
"2213",2213,"2113, 1388, 2013, 2112, 2114, 2211, 2413, 2314, 2250, 2312, 2313, 2214",12
"2214",2214,"2114, 2213, 2113, 2115, 2212, 7287, 2414, 2315, 2216, 2313, 2314, 2215",12
"2215",2215,"331, 2115, 2214, 2015, 2114, 2116, 2415, 2316, 2314, 8689, 2315, 9952",12
"2216",2216,"2116, 2016, 2117, 2214, 8522, 2416, 2317, 2315, 2757, 2316, 2217",11
"2217",2217,"2117, 2216, 14, 2017, 2116, 5279, 3660, 2417, 4658, 2219, 2316, 2317, 2218",13
"2218",2218,"2118, 2217, 2018, 2117, 2119, 2551, 2418, 2319, 2220, 2317, 2318, 2219",12
"2219",2219,"2119, 2218, 2019, 2118, 2120, 2217, 2419, 2320, 2319, 2220",10
"2220",2220,"2219, 2119, 2121, 2218, 7696, 7556, 2420, 2321, 2222, 2319, 8990, 2320, 2221",13
"2221",2221,"2121, 2220, 2021, 2120, 2122, 882, 1180, 54, 8138, 2987, 2421, 2322, 2320, 2321",14
"2222",2222,"2122, 2022, 2121, 2123, 2220, 6757, 2422, 2323, 2224, 2321, 2322, 2223",12
"2223",2223,"2123, 2222, 2023, 2122, 7285, 2423, 2324, 2225, 2322, 2323, 2224",11
"2224",2224,"2124, 2223, 2123, 2125, 2222, 2325, 2360, 2323, 8693, 2324, 4848",11
"2225",2225,"1009, 2025, 2126, 2223, 2124, 4052, 2425, 2326, 2227, 2324, 2325, 2226",12
"2226",2226,"2225, 2026, 2125, 2127, 7095, 2426, 2327, 2228, 2325, 6149, 3992, 2227",12
"2227",2227,"2127, 2126, 2128, 2225, 2226, 2427, 2328, 2229, 2326, 2228",10
"2228",2228,"1585, 2028, 2127, 2129, 2226, 2227, 5817, 2329, 2230, 2327, 2328, 2229",12
"2229",2229,"2129, 2228, 2029, 2128, 2130, 2227, 8597, 2330, 2231, 2328, 7626, 2329, 2230",13
"2230",2230,"2130, 2229, 2030, 2129, 2131, 2228, 2430, 2331, 2232, 2329, 2330, 2231",12
"2231",2231,"2131, 2230, 2031, 2130, 2132, 2229, 6862, 5978, 5334, 2332, 2330, 2367, 2331, 2232",14
"2232",2232,"2231, 2131, 2230, 6379, 6877, 5551, 4180, 7934, 2333, 2234, 2331, 2332, 2233",13
"2233",2233,"2232, 2033, 2134, 7568, 2433, 2334, 2332, 9635, 5161, 2333, 2234",11
"2234",2234,"2233, 2133, 2232, 4181, 3176, 7905, 6989, 2434, 2335, 2236, 2333, 2235",12
"2235",2235,"719, 2035, 2134, 2136, 2234, 2435, 2336, 2237, 2334, 5693, 2335, 2236",12
"2236",2236,"2235, 2036, 2135, 2137, 2234, 2436, 2337, 2238, 2237",9
"2237",2237,"2137, 2037, 2136, 2235, 2236, 8956, 2239, 2336, 2337, 2238",10
"2238",2238,"2138, 2237, 2038, 2137, 2236, 3722, 8086, 2649, 2438, 2337, 9806, 9535, 2338, 2239",14
"2239",2239,"2139, 2238, 1442, 2039, 2138, 2140, 2237, 8320, 2439, 2340, 2241, 2338, 2339, 2240",14
"2240",2240,"2140, 2239, 2040, 2139, 2141, 2440, 2341, 2686, 2339, 2534, 9435, 2340, 2241",13
"2241",2241,"2141, 2240, 2041, 2140, 2142, 2239, 2441, 2342, 2243, 2340, 2341",11
"2242",2242,"2142, 2042, 2141, 2143, 9625, 9733, 3663, 2442, 2244, 2341, 2342, 2243, 6277",13
"2243",2243,"2242, 2043, 2144, 2241, 9618, 2443, 2344, 2342, 8501, 2343, 2244, 5855",12
"2244",2244,"2144, 2243, 2044, 2143, 2183, 2242, 8302, 4336, 2444, 2345, 2246, 2343, 5662, 2344, 2245",15
"2245",2245,"1849, 2145, 2244, 2144, 2146, 9632, 2445, 2346, 2247, 3373, 2345, 2246",12
"2246",2246,"2146, 2245, 2046, 2147, 2244, 2446, 2347, 2248, 2345, 2346",10
"2247",2247,"2147, 2047, 2146, 2148, 2245, 2348, 2249, 2346, 3649, 2347, 2248, 4785",12
"2248",2248,"2148, 2247, 2048, 1129, 2149, 2246, 2448, 2250, 2347, 2348, 2249",11
"2249",2249,"2149, 2248, 167, 2148, 2150, 2247, 1146, 3857, 4880, 2449, 2350, 2251, 2349",13
"2250",2250,"2150, 2050, 2151, 2213, 2248, 2893, 2450, 2351, 2252, 2349, 8598, 6395, 2350, 2251, 9898",15
"2251",2251,"2151, 2250, 2051, 2152, 2249, 2451, 2352, 2253, 2350, 5573, 6975, 6542, 2351, 5373",14
"2252",2252,"2152, 2052, 2151, 2153, 2250, 2452, 2254, 2819, 2750, 2352, 2253",11
"2253",2253,"2153, 2252, 2053, 2152, 2154, 2251, 6443, 2453, 2354, 9712, 6678, 2353, 2254",13
"2254",2254,"1227, 2154, 2253, 2054, 2153, 2155, 2252, 2355, 4218, 4152, 8701, 9367",12
"2255",2255,"2155, 1248, 2055, 2156, 2455, 2356, 2257, 2354, 2355, 2256",10
"2256",2256,"2156, 2255, 2056, 2456, 4535, 2258, 2355, 6378, 2356",9
"2257",2257,"2157, 2057, 2156, 2158, 2255, 402, 4893, 3195, 2356, 2377, 2357",11
"2258",2258,"2158, 2058, 2157, 2256, 2458, 2359, 2260, 2357, 2358, 2259, 8185",11
"2259",2259,"2159, 2258, 2158, 2160, 2260, 2360, 9988, 2358",8
"2260",2260,"2160, 2259, 2060, 2159, 2161, 2258, 2460, 2361, 2262, 2359, 2360, 2261",12
"2261",2261,"2161, 2260, 2162, 1722, 9816, 8130, 3763, 2461, 2263, 7549, 8481, 2361, 2262",13
"2262",2262,"2162, 2261, 2062, 2161, 2163, 2260, 2462, 2363, 2264, 2361, 2362, 4790",12
"2263",2263,"2163, 2063, 2162, 2261, 2364, 2265, 2362, 6403, 9465, 2363, 2264",11
"2264",2264,"2164, 2263, 2064, 2262, 2365, 2363, 2927, 9335, 2364, 2265",10
"2265",2265,"2165, 2264, 2065, 2166, 2263, 6888, 2465, 2366, 2364, 6371, 2365, 2266",12
"2266",2266,"2166, 2265, 2066, 2167, 2017, 2165, 9509, 4570, 2466, 2367, 2268, 2365, 2366, 2267",14
"2267",2267,"2167, 2266, 2067, 2166, 2168, 1268, 2467, 2269, 2366, 2367, 2268",11
"2268",2268,"2168, 2267, 2169, 2266, 2468, 2369, 2270, 2367, 4890, 2269",10
"2269",2269,"2169, 578, 1214, 2069, 2168, 2170, 2267, 2268, 9750, 6730, 2469, 2370, 2271, 2368, 4365, 2369",16
"2270",2270,"2170, 1755, 2169, 2171, 2268, 2470, 2371, 2272, 2369, 2370, 2271",11
"2271",2271,"2270, 2071, 2170, 2172, 2269, 6900, 8311, 8277, 4280, 2471, 2372, 2370, 2343, 2371, 2272",15
"2272",2272,"2172, 2271, 1779, 2072, 384, 2173, 2270, 2472, 4839, 2371, 2372, 2273",12
"2273",2273,"2173, 2272, 2073, 2174, 5019, 4885, 2473, 2374, 2275, 8035, 7086, 9028, 2373, 2274",14
"2274",2274,"2273, 2074, 2175, 2474, 2375, 9765, 2373, 2374, 2275",9
"2275",2275,"2175, 2274, 2075, 2174, 2176, 2273, 2475, 2277, 2374, 2375, 2276",11
"2276",2276,"2176, 2275, 2076, 2175, 3892, 3788, 2476, 2377, 2375, 2376, 9221",11
"2277",2277,"2177, 2176, 2178, 2275, 2477, 2378, 2279, 2376, 2675, 2377, 2278",11
"2278",2278,"2178, 2277, 2078, 2177, 2179, 874, 4357, 2478, 2379, 2280, 7671, 2378, 2279",13
"2279",2279,"2179, 2278, 2079, 2180, 2277, 2479, 2380, 2281, 5423, 2379, 2280",11
"2280",2280,"2279, 2080, 2181, 2278, 3632, 2381, 2379, 2380, 2281",9
"2281",2281,"2280, 2081, 2182, 2279, 9044, 6609, 2283, 2380, 6180, 2381, 2532",11
"2282",2282,"2182, 2082, 1410, 2183, 837, 8121, 2482, 2383, 2284, 2381, 2382, 2283",12
"2283",2283,"2282, 2083, 2182, 2281, 9433, 2483, 6764, 2382, 2383, 8476, 8500",11
"2284",2284,"2184, 2084, 2185, 2282, 493, 2385, 2286, 2383, 3215, 2384",10
"2285",2285,"2185, 2085, 2186, 2184, 2485, 2386, 2287, 2384, 2385, 7603",10
"2286",2286,"2186, 2086, 2185, 2187, 2284, 2486, 2387, 2288, 2385, 4740, 2386, 2287, 5173",13
"2287",2287,"2187, 2286, 2087, 2188, 2285, 9096, 2487, 2388, 2289, 2386, 2387, 2288",12
"2288",2288,"2188, 2287, 2088, 2187, 831, 2286, 2488, 2389, 3470, 2387, 2388, 2289",12
"2289",2289,"2189, 2288, 494, 2089, 2188, 2190, 2287, 3973, 6086, 2390, 2291, 2388, 4117, 2389, 2290",15
"2290",2290,"2190, 2289, 2090, 2189, 2191, 6032, 2490, 2391, 2292, 2389, 2390",11
"2291",2291,"2191, 2091, 2190, 2192, 2289, 258, 3644, 2491, 2293, 2390, 2391, 2292, 5537",13
"2292",2292,"2192, 2291, 2092, 2193, 2290, 9453, 2492, 2393, 2294, 2391, 2392, 2293",12
"2293",2293,"2193, 2292, 2192, 2194, 2291, 2493, 2394, 2295, 2392, 9763, 2393, 2294",12
"2294",2294,"2194, 2293, 2094, 2193, 2195, 2292, 7996, 2494, 2395, 2296, 7735, 2394, 2295",13
"2295",2295,"2195, 2294, 2095, 2194, 2196, 2293, 1747, 2495, 2297, 2394, 3624, 8509",12
"2296",2296,"2196, 1979, 2096, 2195, 2197, 2294, 1443, 2496, 2298, 2395, 2882, 6648, 2297",13
"2297",2297,"2197, 2296, 2196, 159, 2295, 2497, 2398, 2299, 2397, 2298",10
"2298",2298,"2198, 2297, 2098, 2197, 2296, 3599, 2372, 2498, 2399, 2300, 2397, 2398",12
"2299",2299,"2199, 2099, 2200, 2297, 2499, 2400, 2398, 4502, 2399, 2300, 4708",11
"2300",2300,"2200, 2299, 2100, 2199, 2298, 7787, 2500, 2399, 2400",9
"2301",2301,"2053, 1112, 2201, 9733, 2402, 2303, 2401, 2302",8
"2302",2302,"2202, 2301, 2102, 2201, 2203, 2502, 2403, 2304, 2401, 2402, 2303",11
"2303",2303,"2203, 2302, 1148, 2103, 1978, 2204, 2301, 2853, 2305, 2402, 2403, 2304",12
"2304",2304,"2204, 2303, 1771, 2104, 2203, 2205, 2302, 7966, 2504, 2405, 2306, 6683, 2404, 2305",14
"2305",2305,"2205, 2304, 654, 2105, 1902, 2206, 2303, 2505, 5365, 2307, 2404, 2405, 2306",13
"2306",2306,"1891, 2206, 2305, 2106, 2205, 2207, 2304, 184, 2506, 2407, 2308, 2307",12
"2307",2307,"2207, 2306, 1367, 2208, 2305, 2408, 2407, 2308",8
"2308",2308,"2208, 2307, 2108, 2209, 2306, 7404, 2508, 2365, 2310, 2407, 8078, 5467, 2408, 2309",14
"2309",2309,"2209, 2308, 2208, 2210, 702, 8896, 5992, 2509, 4852, 2311, 2408, 2409, 2310",13
"2310",2310,"2210, 2309, 1073, 2110, 2209, 2211, 2308, 5353, 2879, 2411, 5913, 9169, 2311",13
"2311",2311,"2211, 1017, 2111, 2210, 2212, 2309, 1016, 2310, 2511, 9772, 2411, 2312",12
"2312",2312,"2212, 2311, 2112, 2211, 2213, 2512, 2314, 2411, 4674, 2412, 2313",11
"2313",2313,"2213, 2312, 2113, 2212, 2214, 4561, 2513, 8010, 3314, 2412, 2413, 2314",12
"2314",2314,"2214, 2313, 2114, 2213, 2312, 2215, 2514, 2415, 2316, 2413, 4026, 2315",12
"2315",2315,"2215, 2314, 2115, 2214, 2216, 2515, 2416, 2317, 2316",9
"2316",2316,"2216, 1211, 2116, 2215, 2217, 2314, 1178, 2315, 2516, 2417, 2416",11
"2317",2317,"255, 2217, 2117, 2216, 2218, 2315, 2517, 2418, 2416, 2417, 2318",11
"2318",2318,"1242, 2218, 2317, 2118, 1829, 2518, 2419, 2320, 2417, 7033, 2418, 2319",12
"2319",2319,"2219, 2318, 2119, 2218, 2220, 7896, 2420, 2321, 2418, 5546, 2419, 2320",12
"2320",2320,"2220, 2319, 2120, 2219, 2221, 2318, 9890, 3233, 2520, 2421, 2322, 2419, 2321",13
"2321",2321,"2221, 2320, 2121, 2220, 2222, 2319, 2422, 2323, 2420, 2421, 2322",11
"2322",2322,"2222, 2321, 2122, 2221, 2223, 2320, 7262, 2522, 2324, 2421, 7354, 2323",12
"2323",2323,"196, 2223, 2322, 2123, 2222, 2224, 2321, 489, 2523, 4489, 2325, 2422, 2423",13
"2324",2324,"2224, 2223, 2225, 2322, 9752, 2524, 2425, 2326, 2423, 2424, 2325",11
"2325",2325,"2225, 2324, 2125, 2226, 2323, 2224, 2525, 2426, 2327, 2424, 5808, 2425, 2326",13
"2326",2326,"2325, 2126, 2225, 2227, 2324, 9486, 7334, 2526, 2427, 2328, 2425, 2426, 2327",13
"2327",2327,"2326, 2127, 2226, 2228, 2325, 3707, 3154, 2527, 2428, 2426, 2427, 2328",12
"2328",2328,"2228, 2327, 2128, 2227, 2229, 2326, 3148, 2528, 2429, 9838, 2427, 2428, 2329",13
"2329",2329,"2229, 2328, 1358, 2129, 2228, 2230, 2529, 2430, 2331, 2428, 9423, 2429, 2330",13
"2330",2330,"2230, 2329, 2130, 2229, 2231, 9435, 2530, 2431, 2332, 2429, 2430, 2331",12
"2331",2331,"2231, 2330, 2131, 2230, 2232, 2329, 500, 6086, 6547, 2333, 2431, 2332",12
"2332",2332,"2232, 2331, 350, 2132, 2231, 2233, 2330, 2532, 2433, 2334, 2431, 2432, 2333",13
"2333",2333,"2233, 2332, 2133, 2232, 2234, 2331, 2434, 2335, 2432, 9177, 6944, 9150, 2334",13
"2334",2334,"2333, 1959, 2134, 2233, 2235, 2332, 9679, 2534, 2435, 2336, 2433, 4838, 2335",13
"2335",2335,"2235, 2334, 1737, 2135, 2234, 2333, 5044, 5628, 2535, 2436, 2337, 3882, 7725, 2336",14
"2336",2336,"2335, 952, 2136, 2235, 2237, 2334, 1167, 3037, 8125, 2536, 2338, 2436, 2337",13
"2337",2337,"2237, 2336, 2137, 2236, 2238, 2335, 2537, 2438, 2339, 2436, 6039, 2437, 2338",13
"2338",2338,"309, 2238, 2337, 183, 2138, 2239, 2336, 607, 9075, 2439, 2340, 2437, 2438, 2339",14
"2339",2339,"2239, 2338, 2240, 2337, 8940, 2539, 2440, 2341, 2438, 3425, 2340",11
"2340",2340,"2240, 2140, 2239, 2241, 2338, 2339, 2540, 2441, 2342, 2439, 7334, 7302, 2440, 2341",14
"2341",2341,"2241, 2340, 1142, 2141, 2240, 2242, 2339, 2442, 2343, 2440, 2441, 2342",12
"2342",2342,"1675, 2242, 2341, 2142, 2241, 2243, 2340, 2161, 8798, 5310, 2542, 2443, 2344, 8750, 2442",15
"2343",2343,"2243, 2143, 2271, 2244, 2341, 7258, 2543, 7841, 2345, 2442, 8086, 2344",12
"2344",2344,"2244, 2343, 2144, 2243, 1880, 2342, 2544, 2445, 2346, 2443, 2444, 2345",12
"2345",2345,"2245, 2344, 2145, 2244, 2246, 2343, 2545, 2446, 2347, 2444, 6177, 2445, 2346",13
"2346",2346,"2246, 2345, 617, 2146, 2245, 2247, 2344, 2546, 2447, 2348, 2445, 2347",12
"2347",2347,"2247, 2147, 2246, 2248, 2345, 2346, 5423, 8166, 2448, 2349, 6052, 8119, 2758, 2447, 2348",15
"2348",2348,"2248, 2347, 2148, 2346, 261, 758, 2247, 9903, 9562, 2364, 2449, 2447, 2448, 2349",14
"2349",2349,"2249, 2348, 2149, 2250, 2347, 2549, 2450, 2351, 2448, 5992, 2449, 2350",12
"2350",2350,"2250, 2349, 1314, 2150, 2249, 2251, 1358, 2550, 2451, 2351",10
"2351",2351,"1276, 2251, 2151, 2250, 2349, 2350, 5258, 2452, 6278, 2450, 2451, 5627",12
"2352",2352,"2252, 2152, 2251, 1770, 2552, 9758, 2354, 2451, 2452",9
"2353",2353,"2253, 2153, 1027, 6824, 5958, 5390, 2553, 2454, 2452, 2354, 8825",11
"2354",2354,"1244, 2353, 2154, 2253, 2255, 2352, 2967, 8185, 2455, 2356, 2453, 2454, 2355",13
"2355",2355,"2255, 2354, 2155, 2256, 2254, 6338, 5348, 2555, 2456, 2357, 2454, 4593, 8918, 6713, 2455",15
"2356",2356,"2256, 2255, 2257, 2354, 2556, 2457, 2358, 2455, 3994, 2456, 2357, 4935",12
"2357",2357,"2257, 2356, 2157, 2258, 2355, 1829, 1753, 4755, 2557, 2458, 2456, 2457, 2358",13
"2358",2358,"2258, 2357, 2158, 770, 2259, 2356, 7655, 7048, 2558, 2459, 2821, 2723, 2458, 2359",14
"2359",2359,"1666, 2358, 2159, 2258, 2260, 2559, 2460, 2361, 2458, 2459, 2360",11
"2360",2360,"2260, 2359, 2160, 2224, 2259, 2560, 2461, 2362, 2459, 2460, 2361",11
"2361",2361,"2261, 2360, 2161, 2260, 2262, 2359, 410, 9826, 4166, 2561, 2462, 2362",12
"2362",2362,"2262, 2361, 2162, 2263, 2360, 9866, 7590, 2562, 2463, 2364, 2461, 4678, 2462, 2363",14
"2363",2363,"2263, 2362, 2163, 2262, 2264, 2563, 2464, 2365, 2462, 5082, 2463, 2364",12
"2364",2364,"2264, 2363, 2164, 2265, 2362, 2348, 2263, 2465, 2463",9
"2365",2365,"2265, 2266, 2308, 2363, 2264, 6916, 5119, 2565, 9955, 2464, 7492, 2465, 2366, 4636",14
"2366",2366,"2266, 2365, 2265, 2267, 60, 2566, 2467, 2368, 2465, 2466",10
"2367",2367,"2267, 2231, 2167, 2266, 2268, 4209, 4048, 2567, 2468, 2369, 2466, 9449, 3074, 2368, 2450",15
"2368",2368,"2367, 2168, 809, 2269, 2366, 9016, 2568, 2469, 2370, 2467, 2468, 2369",12
"2369",2369,"2269, 2368, 2169, 2268, 2270, 2367, 2569, 2470, 2371, 7946, 8073, 2370",12
"2370",2370,"2270, 2369, 1602, 2170, 2269, 2271, 2368, 2570, 2471, 2372, 2470, 2371",12
"2371",2371,"2271, 2370, 699, 2171, 2270, 2272, 2369, 2571, 2472, 2373, 2470, 2471, 2372",13
"2372",2372,"2272, 2371, 1550, 2172, 2271, 2370, 2298, 2572, 2473, 8191, 3655, 2472, 4057",13
"2373",2373,"2273, 901, 2173, 2274, 2371, 2772, 2573, 2474, 2375, 2472, 3681, 2473, 2374",13
"2374",2374,"2274, 2373, 2174, 2273, 2275, 9776, 8787, 2574, 2475, 2376, 2473, 2474, 2375",13
"2375",2375,"2275, 2374, 793, 2175, 2274, 2276, 2373, 2575, 2476, 2377, 2474, 6893, 2475, 2376",14
"2376",2376,"2276, 2375, 1527, 2277, 2374, 2004, 2576, 2477, 2378, 9888, 2997, 2476",12
"2377",2377,"1103, 2277, 2257, 2177, 2276, 2375, 2577, 2478, 2379, 2476, 2477, 2378",12
"2378",2378,"2278, 2377, 1477, 2178, 2277, 2376, 2578, 2479, 5804, 2477, 4214, 2478, 2379",13
"2379",2379,"2279, 2378, 2179, 2278, 2280, 2377, 8159, 2480, 2479, 8838",10
"2380",2380,"2280, 2180, 2279, 2281, 2580, 2481, 2479, 2480, 2381",9
"2381",2381,"2281, 2380, 965, 2181, 2282, 2012, 2280, 2581, 4205, 2480, 9901, 2382",12
"2382",2382,"2282, 2182, 2283, 2381, 3111, 2582, 2483, 7198, 2481, 6034, 2482, 2383",12
"2383",2383,"801, 2283, 2382, 2183, 2282, 2284, 9526, 2583, 2385, 2482, 2483, 2384",12
"2384",2384,"2284, 2383, 2285, 2584, 2485, 2386, 5762, 8995, 2484, 2385",10
"2385",2385,"2285, 2384, 2185, 2284, 2286, 2383, 9773, 2585, 2486, 2387, 3999, 5742, 2485, 2386",14
"2386",2386,"2286, 2385, 2186, 2285, 2287, 2384, 2586, 2487, 2388, 2485, 2486, 2387",12
"2387",2387,"2287, 2386, 2187, 2286, 2288, 2385, 5110, 2587, 7167, 2486, 2487, 2388",12
"2388",2388,"2288, 2387, 2188, 2287, 2289, 2386, 4963, 3689, 2588, 2489, 2390, 2487, 2488, 2389",14
"2389",2389,"2289, 2388, 2189, 2288, 2290, 2589, 6976, 2488, 2489, 2390",10
"2390",2390,"2290, 2389, 1580, 2190, 2289, 2291, 2388, 4954, 2590, 9639, 2392, 2489, 2490, 2391",14
"2391",2391,"2291, 2390, 2191, 2290, 2292, 679, 2591, 2492, 2393, 2490, 8946, 3320, 2491, 2392",14
"2392",2392,"2292, 2391, 2293, 2390, 2592, 2493, 2394, 2491, 2492, 2393",10
"2393",2393,"2293, 2392, 1612, 2193, 2292, 2391, 3754, 2593, 2494, 2395, 2492, 5969, 2493",13
"2394",2394,"2294, 2194, 2293, 2295, 2392, 2594, 2495, 2396, 2493, 2494, 2395, 2915",12
"2395",2395,"2394, 2195, 2294, 2296, 2393, 6563, 8308, 3974, 8228, 8820, 2397, 2494, 8342, 2495, 2396",15
"2396",2396,"287, 2395, 2196, 2394, 2855, 2596, 2497, 2398, 2495, 7880, 2496, 2397",12
"2397",2397,"2297, 2396, 2197, 2298, 2395, 6325, 2597, 2498, 2399, 2496, 2497, 2398",12
"2398",2398,"2298, 2397, 2198, 2297, 2299, 2396, 1848, 2598, 2499, 2400, 2498, 2399",12
"2399",2399,"2299, 2398, 1485, 2298, 2300, 2397, 9017, 7515, 2599, 2500, 2498, 2499, 2400",13
"2400",2400,"2300, 2399, 2200, 2299, 2398, 2461, 2600, 2499, 2500",9
"2401",2401,"2301, 2201, 2302, 2601, 2502, 2403, 2501",7
"2402",2402,"2302, 1717, 2202, 2303, 2301, 2602, 2503, 2404, 2501, 2502, 2403",11
"2403",2403,"2303, 2402, 2203, 2302, 2401, 2603, 2504, 2405, 2502, 2503, 2404",11
"2404",2404,"2304, 2403, 2204, 2305, 2402, 2604, 2505, 2503, 5449, 3182, 2504, 2405",12
"2405",2405,"524, 2305, 2404, 2205, 2304, 2403, 122, 6540, 2605, 2506, 2407, 2504, 2505",13
"2406",2406,"7909, 2606, 2507, 2408, 2505, 9274, 2506, 2407",8
"2407",2407,"2307, 2406, 2207, 2306, 2308, 2405, 4263, 2508, 2506, 6596, 2507",11
"2408",2408,"2308, 2001, 2208, 2307, 2309, 2406, 2608, 2410, 2507, 2508, 2409",11
"2409",2409,"2309, 2408, 2209, 2076, 2609, 2510, 2411, 9270, 3732, 3264",10
"2410",2410,"2210, 2062, 2408, 5356, 3933, 2610, 5032, 2509, 2510, 2411",10
"2411",2411,"2311, 2410, 2211, 2310, 2312, 2409, 4903, 2611, 2512, 7900, 2510, 2511, 2412",13
"2412",2412,"2312, 2411, 2212, 2313, 2612, 2513, 2414, 2511, 4846, 2512, 2413",11
"2413",2413,"2313, 2412, 2213, 971, 2314, 2631, 2613, 2415, 2512, 3845, 2513, 2414",12
"2414",2414,"2413, 2214, 2412, 7422, 2614, 2515, 2416, 2513, 2514, 2415",10
"2415",2415,"2414, 2215, 2314, 2413, 5564, 2615, 2516, 2417, 2514, 4687, 2515, 2416",12
"2416",2416,"858, 2316, 2415, 2216, 2315, 2414, 2317, 2616, 2418, 2515, 2516, 2417",12
"2417",2417,"2317, 2416, 2217, 2316, 2318, 2415, 940, 6285, 2419, 2516, 2517, 2418",12
"2418",2418,"2318, 2417, 2218, 2317, 2319, 2416, 9688, 2618, 2519, 2420, 2517, 2518, 2419",13
"2419",2419,"2319, 2418, 2219, 2318, 2320, 2417, 887, 2619, 2520, 2421, 2518, 6338, 2519",13
"2420",2420,"201, 2220, 2321, 2418, 2319, 2620, 2521, 2422, 2520, 2421",10
"2421",2421,"2321, 2420, 2221, 2320, 2322, 2419, 9663, 2819, 2522, 2423, 2520, 3550, 2521",13
"2422",2422,"891, 1848, 2222, 2321, 2323, 2420, 2622, 2523, 2424, 2521, 2522, 2969, 9666",13
"2423",2423,"2323, 2223, 2324, 2421, 2524, 2425, 2522, 8924, 2523, 2424",10
"2424",2424,"2324, 2423, 367, 2325, 2422, 7657, 4073, 2624, 2525, 2426, 2523, 2524, 2425",13
"2425",2425,"2325, 2424, 2225, 2324, 2326, 2423, 2625, 2427, 2524, 2525, 2426",11
"2426",2426,"2326, 2425, 1930, 2226, 2325, 2327, 2424, 2626, 2527, 2428, 2525, 2526",12
"2427",2427,"2327, 2227, 2326, 2328, 2425, 2627, 2528, 2526, 6881, 2428, 4067",11
"2428",2428,"2328, 2427, 2327, 2329, 2426, 3508, 2628, 2529, 2430, 2593, 2528, 2429",12
"2429",2429,"2329, 2428, 2152, 2328, 2330, 6256, 6010, 2629, 4650, 2431, 4409, 2529, 2430",13
"2430",2430,"215, 2330, 2429, 2230, 2329, 2428, 8807, 5242, 2630, 2531, 2432, 2529, 9275, 2530, 2431",15
"2431",2431,"520, 2331, 2430, 2330, 2332, 2429, 2631, 2532, 2433, 9297, 2531, 2432",12
"2432",2432,"2332, 2431, 2333, 2430, 1581, 2434, 2531, 5916",8
"2433",2433,"2233, 2332, 2334, 2431, 7694, 7326, 6563, 2633, 2534, 2435, 2532, 2533",12
"2434",2434,"633, 458, 2234, 2333, 2432, 8972, 2634, 2436, 2533, 2534, 2435",11
"2435",2435,"234, 2434, 2235, 2334, 2433, 2635, 2536, 2437, 2534",9
"2436",2436,"2336, 2236, 2335, 2337, 2434, 2112, 2636, 2537, 2438, 7556, 2536, 2437",12
"2437",2437,"2337, 2436, 2338, 2435, 3233, 2538, 2439, 2536, 6775, 2537, 3176",11
"2438",2438,"2338, 2002, 2238, 2337, 2339, 2436, 6730, 2638, 2539, 2537, 2439",11
"2439",2439,"2239, 2340, 2437, 2338, 2438, 6258, 5054, 2832, 2540, 2441, 2539, 2440",12
"2440",2440,"2340, 2439, 2240, 2339, 2341, 2640, 2541, 2442, 2539, 5116, 2540, 2441",12
"2441",2441,"2341, 2440, 2241, 2340, 2037, 2439, 2542, 2443, 2540, 2541, 2442",11
"2442",2442,"2342, 2441, 2242, 2343, 2440, 2341, 7405, 3053, 2543, 2444, 2542, 2443",12
"2443",2443,"2442, 2243, 2342, 2344, 2441, 9253, 5134, 2544, 2445, 2542, 8455, 2543, 2444",13
"2444",2444,"2344, 2443, 2244, 2345, 2442, 5734, 2644, 7426, 2446, 2543, 2544",11
"2445",2445,"2345, 2245, 2344, 2346, 2443, 2645, 2546, 4750, 2544, 2545, 2446, 8688",12
"2446",2446,"2445, 2246, 2345, 2444, 9633, 2646, 2547, 2448, 2545, 2546, 2447",11
"2447",2447,"2347, 2446, 839, 2346, 2348, 3123, 2647, 2548, 2449, 2546, 2547, 2448",12
"2448",2448,"2348, 2447, 2248, 2347, 2349, 2446, 2648, 2549, 8525, 2547, 2548, 2449",12
"2449",2449,"2349, 2448, 2249, 2348, 2447, 5720, 2649, 2550, 7712, 2548, 2450",11
"2450",2450,"2367, 2449, 2250, 2349, 2351, 5362, 2650, 2551, 2452, 2549, 2550, 2451",12
"2451",2451,"2351, 2450, 2251, 2350, 2352, 8492, 9000, 2552, 2453, 2550, 2551, 2452",12
"2452",2452,"2352, 2451, 2252, 2353, 2450, 2351, 2652, 2553, 2454, 2551, 7560, 2453",12
"2453",2453,"40, 2452, 514, 1527, 2253, 2354, 2451, 1262, 4817, 4316, 2554, 2455, 2552, 2553, 2454",15
"2454",2454,"2354, 2453, 2353, 2355, 2452, 7757, 9788, 5949, 2654, 2555, 2456, 2553, 6248, 4829, 2554, 2455",16
"2455",2455,"2355, 2454, 1277, 2255, 2354, 2356, 2453, 5115, 2655, 2555",10
"2456",2456,"2356, 2256, 2355, 2357, 2454, 2656, 2557, 2458, 2555, 2556",10
"2457",2457,"2357, 2356, 3932, 2657, 2558, 2459, 2556, 9192, 2557, 2458, 4904",11
"2458",2458,"2358, 2457, 2258, 2357, 2359, 2456, 2658, 2559, 2460, 3865, 2558, 2459",12
"2459",2459,"2359, 2458, 626, 2358, 2360, 2457, 2971, 2659, 2560, 2461, 2558, 2559, 2460",13
"2460",2460,"2360, 2459, 2260, 2359, 1153, 2458, 2660, 2561, 2462, 2559, 2560, 2461",12
"2461",2461,"2460, 2261, 2360, 2362, 2459, 2400, 2661, 2463, 2561",9
"2462",2462,"2362, 2262, 2361, 2363, 2460, 7760, 2662, 2563, 2464, 2561, 2562, 2463, 8669",13
"2463",2463,"2363, 2462, 2362, 2364, 2461, 7495, 2663, 2564, 2465, 2562, 2563, 2464",12
"2464",2464,"2463, 2363, 2365, 2462, 9577, 6226, 2565, 2466, 2563, 5097, 2564, 2465",12
"2465",2465,"2365, 2464, 2265, 2364, 2366, 2463, 6869, 4131, 6707, 7329, 2565",11
"2466",2466,"2366, 2266, 2367, 2464, 50, 2666, 6560, 2468, 2565, 8560, 2566, 2467, 3167",13
"2467",2467,"2466, 2267, 2366, 2368, 1265, 9357, 2667, 2568, 2566, 2468",10
"2468",2468,"2368, 2467, 2268, 2367, 2466, 2668, 2569, 2470, 2567, 2568, 2469",11
"2469",2469,"2468, 2269, 2368, 172, 3612, 2669, 2570, 5587, 2568, 8271, 2569, 2470",12
"2470",2470,"2370, 2469, 2270, 2369, 2371, 2468, 380, 2670, 2571, 2569, 2570, 2471",12
"2471",2471,"2371, 2470, 2271, 2370, 2671, 2572, 2473, 2570, 3920, 8113, 2472",11
"2472",2472,"2372, 2471, 2272, 2371, 2373, 2672, 2573, 2474, 7873, 8574, 2572, 2473",12
"2473",2473,"2373, 2472, 2273, 2372, 2374, 2471, 5432, 2673, 2574, 2475, 2572, 2573",12
"2474",2474,"2374, 2274, 2373, 2375, 2472, 2575, 2476, 2574, 2475, 2596",10
"2475",2475,"2375, 2474, 2275, 2374, 2473, 7, 2921, 2576, 2477, 2574, 2575, 2476",12
"2476",2476,"2376, 2475, 2276, 2375, 2377, 2474, 2676, 2577, 2478, 2575, 2576",11
"2477",2477,"2377, 420, 117, 2277, 2376, 2378, 2475, 2677, 2578, 2479, 2576, 2577, 2478",13
"2478",2478,"2378, 2477, 1768, 2278, 2377, 2476, 9510, 7566, 3140, 2678, 2579, 2480, 4711, 2479",14
"2479",2479,"2379, 2478, 1430, 2279, 2378, 2380, 2477, 5090, 2679, 2481, 6315, 2579, 2480",13
"2480",2480,"2380, 2479, 1599, 2379, 2381, 2478, 719, 9738, 2482, 2517, 2580, 2481",12
"2481",2481,"2480, 906, 2380, 2382, 2479, 7538, 2681, 2582, 2483, 2580, 2581, 2482",12
"2482",2482,"2382, 2481, 2282, 2383, 2480, 2682, 2583, 2484, 2581, 2582, 2483",11
"2483",2483,"2383, 2482, 2283, 2382, 2481, 2683, 2584, 2485, 2582, 2583, 2484",11
"2484",2484,"2384, 2483, 2482, 5330, 2684, 6296, 2486, 2583, 2757, 5772, 3622, 2485",12
"2485",2485,"2385, 2484, 2285, 2384, 2386, 2483, 4591, 2685, 2586, 2487, 2584, 2585, 2486",13
"2486",2486,"2386, 2485, 2286, 2385, 2387, 2484, 2686, 2587, 2488, 9911, 2586, 2487",12
"2487",2487,"2387, 2486, 2287, 2386, 2388, 2485, 2528, 4142, 2494, 2687, 2588, 2489, 2586, 2488",14
"2488",2488,"2388, 2288, 2389, 2486, 60, 2487, 2589, 2587, 2962, 9018, 2489",11
"2489",2489,"2389, 2388, 2390, 2487, 539, 2488, 2689, 3938, 2588, 2490",10
"2490",2490,"2390, 2489, 2290, 2391, 5992, 2690, 2591, 2492, 2589, 4877, 2590, 2491",12
"2491",2491,"2391, 2490, 2291, 2392, 2691, 2592, 2493, 2590, 2591, 2492",10
"2492",2492,"2392, 2491, 2292, 2391, 2393, 2490, 2692, 2593, 2494, 2591, 2592, 2493",12
"2493",2493,"2393, 2492, 438, 2293, 2392, 2394, 2491, 2779, 2594, 2495, 2592, 9730, 2494",13
"2494",2494,"2394, 2493, 2294, 2393, 2395, 2492, 2487, 6339, 2595, 2496, 2593, 2594, 2495",13
"2495",2495,"2395, 2494, 2129, 2295, 2394, 2396, 2493, 2695, 2596, 2497, 2594, 7234, 2595, 2496",14
"2496",2496,"188, 2396, 2495, 2296, 2397, 2494, 5657, 5121, 2696, 2597, 2498, 2595, 2596, 2497",14
"2497",2497,"492, 2397, 2496, 2297, 2396, 2495, 4031, 2697, 2598, 2499, 2596, 2597",12
"2498",2498,"2398, 2298, 2397, 2399, 2496, 4256, 2698, 3482, 2500, 2597, 6593, 2598, 2499",13
"2499",2499,"2399, 2498, 2299, 2398, 2400, 2497, 2699, 2600, 2598, 2599, 2500",11
"2500",2500,"2400, 2499, 2300, 2399, 2498, 8488, 2700, 2599, 2600",9
"2501",2501,"2401, 2402, 6776, 8618, 4276, 2701, 2602, 2503, 2601, 2502",10
"2502",2502,"2402, 2501, 2302, 2401, 2403, 2188, 9449, 2702, 6594, 2602, 9922",11
"2503",2503,"2403, 2402, 2404, 2501, 2703, 2604, 2505, 2602, 8122, 5378, 2504",11
"2504",2504,"2404, 2503, 2304, 2403, 2405, 4908, 2506, 2603, 2604, 2505",10
"2505",2505,"2405, 2504, 2305, 2404, 2406, 2503, 2606, 2507, 2604, 2605, 2506",11
"2506",2506,"2406, 2505, 2306, 2405, 2407, 2504, 7393, 2706, 2607, 2508, 2605, 2507",12
"2507",2507,"2407, 478, 2406, 2408, 2505, 2506, 2707, 2608, 2509, 2606, 7449, 4466, 2607, 2508",14
"2508",2508,"2408, 2507, 2308, 2407, 2506, 2708, 2609, 2510, 2607, 6164, 2509",11
"2509",2509,"2508, 2309, 2410, 2507, 2709, 2610, 2511, 2608, 6596, 2609, 2510",11
"2510",2510,"2410, 2509, 2409, 2411, 2508, 8519, 2710, 2611, 2609, 2610, 2511",11
"2511",2511,"2411, 2510, 2311, 2412, 2509, 8012, 2711, 2612, 2513, 2610, 2611, 2512",12
"2512",2512,"2412, 2511, 2312, 2411, 2413, 1708, 9275, 8063, 5343, 3697, 2712, 2514, 2611, 2612, 2513",15
"2513",2513,"186, 2413, 2512, 1452, 2313, 2412, 2414, 2511, 9267, 2614, 2515, 2612, 4968, 2613, 2514",15
"2514",2514,"2414, 2513, 2314, 1070, 2415, 2512, 1581, 2714, 2615, 2613, 7483, 5096, 4467, 2614, 2515",15
"2515",2515,"2415, 2514, 2315, 2414, 2416, 2513, 2715, 2616, 2517, 2614, 2615, 2516",12
"2516",2516,"2416, 2515, 2316, 2415, 2417, 2716, 2615, 8200, 2517",9
"2517",2517,"2417, 2516, 2317, 2480, 2418, 2515, 2717, 9180, 2616, 2617, 2518",11
"2518",2518,"2418, 2517, 2318, 2419, 9217, 5861, 2779, 2718, 2520, 3514, 9736, 2618, 2519",13
"2519",2519,"2419, 2518, 1828, 2418, 3315, 2719, 2620, 2521, 2618, 2619, 2520",11
"2520",2520,"2420, 2519, 2320, 2419, 2421, 2518, 2720, 2621, 2522, 2619, 3542, 2808, 2620, 2521",14
"2521",2521,"2421, 2520, 2206, 2420, 2422, 2519, 2721, 2622, 2523, 2620, 2621, 2522",12
"2522",2522,"2422, 2521, 2322, 2421, 2423, 2520, 2722, 2623, 2524, 2621, 9157, 2622, 2523",13
"2523",2523,"2423, 2522, 2323, 2422, 2424, 2521, 2723, 2624, 2525, 2622",10
"2524",2524,"2424, 490, 416, 1562, 2324, 2425, 2522, 2423, 2724, 2526, 2623, 2923",12
"2525",2525,"2425, 2325, 2424, 2426, 2523, 2725, 2626, 2527, 2624, 2526, 2903",11
"2526",2526,"2426, 2326, 2427, 2524, 2525, 2726, 2627, 2528, 2625, 9308, 8493, 2626, 2527",13
"2527",2527,"2526, 781, 1555, 2327, 2426, 2525, 5925, 2529, 2626, 2627, 2528",11
"2528",2528,"2428, 2527, 2487, 2328, 2427, 2526, 2628, 8496, 8180, 2728, 2629, 2530, 2627, 4244, 2529",15
"2529",2529,"2429, 2528, 2329, 2428, 2430, 2527, 8734, 8285, 6225, 2729, 2630, 2531, 2628, 3020, 2643, 2629",16
"2530",2530,"2430, 1840, 2330, 1543, 2528, 6893, 2730, 2532, 2629, 5038, 2531",11
"2531",2531,"2431, 1953, 2430, 2432, 2529, 2530, 2731, 2632, 3031, 2630, 7650, 2631",12
"2532",2532,"2281, 2332, 2431, 2433, 2530, 2732, 2633, 2534, 2631, 2632, 2533, 8060, 3512",13
"2533",2533,"2433, 2532, 2434, 2733, 2634, 2535, 8118, 5440, 3720, 2633, 2534",11
"2534",2534,"2434, 2533, 2240, 2334, 2433, 2435, 2532, 253, 5296, 3171, 2635, 2633, 2634, 2535",14
"2535",2535,"2193, 2534, 2335, 1542, 2533, 6002, 2735, 2636, 2537, 2634, 9838, 2635, 2536",13
"2536",2536,"2436, 2535, 2336, 2435, 2437, 2736, 2637, 2636, 2537",9
"2537",2537,"2437, 2536, 2337, 2436, 2438, 2535, 2737, 2539, 2636, 2637",10
"2538",2538,"1021, 480, 2437, 5107, 8725, 5292, 6618, 2846, 2540, 2637, 7749, 7987, 2638, 2539, 3474",15
"2539",2539,"2439, 2538, 2339, 2438, 2440, 2537, 2739, 2640, 2541, 2638, 2639, 2540",12
"2540",2540,"2440, 2539, 1247, 2340, 2439, 2441, 2538, 7044, 7560, 2542, 2639, 2640, 2541",13
"2541",2541,"2441, 2540, 2440, 2539, 2790, 2551, 2741, 2642, 2543, 2640, 4634, 2641, 2542",13
"2542",2542,"2442, 2541, 2342, 2443, 2540, 2441, 6237, 2742, 2643, 2544, 2946, 2543",12
"2543",2543,"2443, 2542, 2343, 2444, 2541, 2442, 7775, 2743, 2644, 2809, 2642, 6378, 2544",13
"2544",2544,"2444, 2543, 2344, 2443, 2445, 2542, 1106, 5569, 2645, 2546, 5732, 2545",12
"2545",2545,"2445, 2544, 2345, 2446, 3414, 2646, 2547, 2644, 2645",9
"2546",2546,"2446, 543, 477, 2346, 2445, 2447, 2544, 1406, 3015, 2746, 8090, 2548, 2645",13
"2547",2547,"2447, 2446, 2448, 2545, 4032, 2747, 2549, 2646, 2647, 2548",10
"2548",2548,"2448, 2547, 2447, 2449, 2546, 494, 3098, 2649, 2550, 2648, 2549",11
"2549",2549,"984, 2548, 2349, 2448, 2450, 2547, 3713, 2650, 2551, 5350, 2649, 2550",12
"2550",2550,"2450, 2549, 2350, 2449, 2451, 2548, 1934, 7040, 2750, 2651, 2552, 2617, 2551",13
"2551",2551,"2451, 2550, 2541, 2450, 2452, 2549, 2218, 5222, 2553, 2650, 3405, 2651, 2552",13
"2552",2552,"1905, 2551, 2352, 2451, 2453, 2550, 9769, 2752, 6499, 2554, 2651, 2652, 2553",13
"2553",2553,"2453, 2552, 2353, 2452, 2454, 2551, 2753, 2654, 2652, 2740, 2554",11
"2554",2554,"2454, 2553, 2453, 670, 2552, 2754, 2556, 3807",8
"2555",2555,"2455, 2355, 2454, 2456, 2755, 2656, 2557, 2654, 3429, 2655, 6797, 9606",12
"2556",2556,"2456, 1562, 2356, 2457, 2554, 4238, 2756, 2657, 2558, 2655, 4317, 5776, 2557",13
"2557",2557,"2457, 2556, 2357, 2456, 2555, 4763, 3857, 2757, 2658, 2559, 2656, 2657, 2558",13
"2558",2558,"2458, 2557, 2358, 2457, 2459, 2556, 2758, 2560, 2657, 2658, 2559",11
"2559",2559,"2459, 2558, 2359, 2458, 2460, 2557, 2759, 2660, 2561, 2658, 2659, 2560",12
"2560",2560,"2460, 2559, 2360, 2459, 1763, 2558, 2760, 2661, 2562, 2659, 2660, 2561",12
"2561",2561,"2461, 2560, 2361, 2460, 2462, 2559, 5750, 2761, 2662, 2563, 2660, 5876, 2661",13
"2562",2562,"2462, 2362, 2463, 2560, 2762, 2663, 2564, 2693, 8775, 2662, 2563, 6403",12
"2563",2563,"2463, 2562, 2363, 2462, 2464, 2561, 3725, 2664, 2565, 2662, 7005, 3783, 2955, 2663, 2564",15
"2564",2564,"1922, 2464, 2563, 2463, 2562, 4873, 2764, 2665, 2566, 2663, 8276, 2664, 2565",13
"2565",2565,"2465, 2564, 2365, 2466, 2563, 2464, 855, 2765, 2666, 2567, 2664, 7086",12
"2566",2566,"2466, 2366, 2467, 2564, 9061, 2766, 2568, 2665, 2666, 2567",10
"2567",2567,"2566, 2367, 2468, 2565, 2767, 2668, 2569, 2666, 6209, 2667, 2568",11
"2568",2568,"2468, 2567, 2368, 2467, 2469, 2566, 2768, 2570, 2667, 2668, 2569",11
"2569",2569,"2469, 2568, 2369, 2468, 2470, 2567, 1298, 7580, 2670, 2571, 2668, 2669, 9618",13
"2570",2570,"2470, 2370, 2469, 2471, 2568, 2770, 2572, 2669, 2670, 9472",10
"2571",2571,"2371, 2470, 2569, 2771, 2672, 2573, 2670, 2671, 2572",9
"2572",2572,"2472, 2571, 2372, 2471, 2473, 2570, 6290, 2772, 2673, 3778, 2671, 6863, 2672, 2573",14
"2573",2573,"2473, 2572, 641, 2373, 2472, 2571, 6686, 2773, 2674, 2575, 2672, 2918, 2673, 2574",14
"2574",2574,"2474, 2573, 1483, 2374, 2473, 2475, 2774, 2675, 2576, 2673, 2674, 2575",12
"2575",2575,"2475, 2574, 2375, 2474, 2476, 2573, 368, 2775, 4190, 2577, 2674",11
"2576",2576,"2476, 2376, 2475, 2477, 2574, 6316, 9282, 3560, 2776, 2677, 2578, 2675, 2676, 2577",14
"2577",2577,"2477, 2576, 2377, 2476, 412, 2575, 2777, 2678, 2579, 2578",10
"2578",2578,"2477, 2576, 2378, 2577, 2778, 2580, 2678, 2579",8
"2579",2579,"2479, 2578, 2478, 2577, 2779, 8602, 2581, 2678, 2679, 2659",10
"2580",2580,"94, 2480, 2380, 320, 2481, 2578, 5749, 2780, 2681, 2582, 2679, 3910, 2623, 2581",14
"2581",2581,"512, 2481, 2381, 2482, 2579, 2580, 6415, 2781, 6450, 2583, 2680, 9131, 2681",13
"2582",2582,"2482, 2382, 2481, 2483, 2580, 6833, 2782, 2683, 8861, 2682, 2583, 5188",12
"2583",2583,"2483, 2582, 897, 2383, 2482, 2484, 2581, 2783, 2684, 2585, 2682, 2683",12
"2584",2584,"2384, 2483, 2485, 536, 2784, 2685, 2586, 2684, 2585, 8254",10
"2585",2585,"2485, 2584, 2385, 2583, 2785, 2686, 2587, 2685, 2586",9
"2586",2586,"2486, 2585, 2386, 2485, 2487, 2584, 283, 2786, 2687, 2588, 2685, 2686, 2587",13
"2587",2587,"2586, 2387, 2486, 2488, 2585, 484, 4982, 7587, 2787, 4368, 2686, 2687, 2588",13
"2588",2588,"2587, 2388, 2487, 2586, 2489, 4846, 7936, 2788, 2689, 2590, 2687, 2688, 2589",13
"2589",2589,"2588, 2389, 2490, 2488, 2789, 2690, 2591, 2688, 6161, 2590",10
"2590",2590,"2490, 2589, 2390, 2491, 2588, 2044, 5418, 2691, 2592, 2689, 2690, 2591",12
"2591",2591,"2491, 2590, 178, 2391, 2490, 2492, 2589, 2791, 2692, 2593, 9895, 2691, 2592",13
"2592",2592,"2492, 2591, 2392, 2491, 2493, 2590, 2792, 2594, 7259",9
"2593",2593,"2428, 2393, 2492, 2494, 2591, 164, 3485, 2793, 2692, 9166, 2693, 2594",12
"2594",2594,"2494, 2593, 471, 2394, 2493, 2495, 2592, 3473, 2794, 2695, 2596, 2693, 2694, 2595",14
"2595",2595,"2495, 2594, 2494, 2496, 2795, 2597, 2694, 7449, 2695",9
"2596",2596,"2474, 2496, 2396, 2495, 2497, 2594, 422, 2796, 2697, 2598, 2695, 2597, 5758",13
"2597",2597,"2497, 2596, 2397, 2496, 2498, 2595, 515, 2797, 2698, 2599, 2598",11
"2598",2598,"2498, 2398, 2497, 2499, 2596, 2597, 2699, 2600, 2697, 2698, 2599",11
"2599",2599,"2499, 2598, 2399, 2500, 2597, 2799, 2700, 2698, 2699, 2600",10
"2600",2600,"2500, 2599, 1026, 2400, 2499, 2598, 8861, 2800, 2699, 3254, 2700",11
"2601",2601,"2501, 2401, 2801, 2702, 2603, 2889, 2701, 2602",8
"2602",2602,"2502, 2601, 2402, 2501, 2503, 2802, 2604, 2701, 2702",9
"2603",2603,"1035, 2403, 2504, 2601, 2655, 2803, 8917, 2605, 2702, 2703, 2604, 5068",12
"2604",2604,"2504, 2603, 2404, 2503, 2505, 2602, 2804, 2705, 2606, 2703, 2605",11
"2605",2605,"2505, 2604, 2405, 1946, 2506, 2603, 4935, 2805, 2706, 2607, 2704, 2705, 2606",13
"2606",2606,"2605, 2406, 2507, 2604, 2505, 4345, 2806, 2707, 2608, 2705, 2706, 2607",12
"2607",2607,"2507, 2606, 1630, 2506, 2508, 2605, 2807, 2708, 2609, 2706, 2707",11
"2608",2608,"2408, 2507, 2509, 2606, 2808, 2709, 2903, 2707, 2708, 2609, 3647",11
"2609",2609,"2509, 2608, 660, 2409, 2508, 2510, 2607, 2610, 5248, 2809, 2710, 2611, 2708",13
"2610",2610,"2510, 2609, 2410, 2509, 2511, 4097, 2810, 2612, 2709, 5486, 2611",11
"2611",2611,"2511, 2610, 2411, 2510, 2512, 2609, 2811, 2712, 2613, 2710, 2711, 2612",12
"2612",2612,"2512, 2611, 2412, 2511, 2513, 2610, 2812, 2713, 2614, 8891, 2712, 2613",12
"2613",2613,"2513, 2612, 2413, 917, 2514, 2611, 6868, 5582, 2813, 2714, 2712, 2713, 2614",13
"2614",2614,"2514, 2613, 2414, 2513, 2515, 2612, 2814, 2715, 2616, 2713, 2714, 2615",12
"2615",2615,"2515, 2614, 2415, 2514, 2516, 2815, 2716, 2617, 2714, 3724, 6858, 2715, 2616",13
"2616",2616,"2615, 1473, 2416, 2515, 2517, 2614, 1708, 525, 2816, 2618, 2716, 2617",12
"2617",2617,"2517, 2616, 2550, 2615, 1754, 152, 7409, 4632, 2817, 2718, 3386, 2717, 2618",13
"2618",2618,"2518, 2617, 2418, 2519, 2616, 9906, 5855, 2818, 5748, 2620, 5025, 5989, 2718, 2619",14
"2619",2619,"2519, 2618, 2419, 444, 2520, 2819, 2720, 2621, 2718, 2620",10
"2620",2620,"2520, 165, 1249, 2420, 2519, 2521, 2618, 2619, 2820, 2721, 2622, 2719, 3859, 2720",14
"2621",2621,"2521, 2520, 2522, 2619, 2821, 2722, 2623, 2720, 6073, 2622",10
"2622",2622,"2522, 2621, 2422, 2521, 2523, 2620, 2822, 2723, 2624, 2721, 2722, 2623",12
"2623",2623,"2622, 1419, 2522, 2524, 2621, 2580, 7730, 8585, 2724, 2625, 2722, 3179",12
"2624",2624,"2424, 2523, 2525, 2622, 71, 7434, 9564, 6856, 4798, 2824, 2725, 2626, 5570, 2625",14
"2625",2625,"2624, 2425, 2526, 2623, 4291, 2726, 2724, 7620, 2725, 2626",10
"2626",2626,"804, 2526, 2625, 2426, 2525, 2527, 2624, 8325, 2826, 2727, 2628, 2725, 6071, 2726, 2627",15
"2627",2627,"2527, 2626, 377, 2427, 2526, 2528, 2147, 7205, 2827, 2728, 2629, 2726, 5154, 2727, 2628",15
"2628",2628,"2528, 2627, 2428, 2529, 2626, 3462, 2828, 2729, 2630, 2727, 7271, 7076, 2728, 2629",14
"2629",2629,"2529, 2628, 2429, 2528, 2530, 2627, 2829, 2730, 2631, 2728, 2729, 2630",12
"2630",2630,"2629, 2430, 2529, 2531, 2628, 2830, 2731, 2632, 2729, 2730, 2631, 3569",12
"2631",2631,"2531, 2630, 617, 2431, 2413, 2532, 2629, 5021, 2831, 2732, 2730, 5687, 2731, 2632",14
"2632",2632,"1467, 2532, 2631, 686, 303, 2531, 2630, 2832, 9796, 5119, 2731, 2954, 2732, 2633",14
"2633",2633,"2533, 2632, 2433, 2532, 2534, 562, 2734, 2635, 2732, 2733, 2634",11
"2634",2634,"2534, 2633, 2434, 2533, 2535, 7063, 2834, 2735, 2636, 2733, 2734, 2635",12
"2635",2635,"2535, 2634, 2435, 2534, 2633, 101, 2835, 2637, 2734, 8438, 2735",11
"2636",2636,"2536, 2436, 2535, 2537, 2634, 8294, 2737, 2638, 6967, 2736, 2637",11
"2637",2637,"2537, 2636, 2536, 2538, 2635, 4348, 2837, 6426, 2639, 2736, 2737, 2638",12
"2638",2638,"2538, 2637, 2438, 1003, 2539, 2636, 2838, 2739, 2640, 2737, 2738, 2639",12
"2639",2639,"2539, 2638, 2540, 2637, 9204, 2740, 2641, 2738, 2640",9
"2640",2640,"2540, 2440, 2539, 2541, 2638, 2639, 4800, 2840, 2741, 2642, 2739, 2740, 2641",13
"2641",2641,"2541, 2640, 2073, 2639, 4157, 3019, 6698, 3557, 2742, 2643, 2740, 7083, 2741, 2642",14
"2642",2642,"2641, 2541, 2543, 2640, 4878, 8914, 2842, 2644, 6611, 2742",10
"2643",2643,"2529, 2542, 2641, 3347, 5551, 2843, 2645, 2742, 2743, 2644",10
"2644",2644,"2643, 2444, 2543, 2545, 2642, 2844, 2745, 2743, 2744, 2645",10
"2645",2645,"2545, 2644, 2445, 2544, 2546, 2643, 2845, 2746, 2647, 2744, 2745, 2646",12
"2646",2646,"2645, 2446, 2547, 2545, 2846, 2747, 2648, 2745, 2746, 2647",10
"2647",2647,"2547, 2646, 2447, 2645, 1931, 9705, 2748, 2746, 2747, 2648",10
"2648",2648,"2548, 2647, 2448, 210, 2646, 9321, 6672, 4576, 2749, 2650, 2747, 6639, 2748, 2649",14
"2649",2649,"2549, 2648, 284, 2449, 2548, 2238, 3049, 2849, 2750, 3522, 2749, 7604",12
"2650",2650,"2450, 2549, 2551, 2648, 2850, 2751, 2652, 2651",8
"2651",2651,"2551, 2550, 2552, 1299, 2650, 2851, 6712, 2653, 5953, 2652",10
"2652",2652,"2552, 2651, 325, 2452, 2553, 2650, 7158, 9295, 2753, 2654, 2751, 9418, 2752, 2653",14
"2653",2653,"2652, 2651, 2853, 2754, 2752, 2753, 2654",7
"2654",2654,"2653, 722, 2454, 2553, 2555, 2652, 2854, 2755, 2753, 2754, 2655",11
"2655",2655,"2555, 2654, 2455, 2556, 2603, 2855, 2756, 2657, 2754, 7388, 2755, 2656",12
"2656",2656,"2655, 986, 2456, 2555, 2557, 2856, 2757, 2658, 2755, 9858, 2756, 2657",12
"2657",2657,"2557, 2656, 2457, 2556, 2558, 2655, 3031, 8190, 2758, 2659, 2756, 2757, 4481",13
"2658",2658,"2558, 2458, 2557, 2559, 2656, 2920, 2759, 2660, 2757, 5465, 2659",11
"2659",2659,"2559, 2579, 214, 2459, 2560, 2657, 2658, 7229, 6896, 9987, 2760, 2661, 2758, 5258, 2759, 2660",16
"2660",2660,"2560, 2659, 2460, 2559, 2561, 2658, 5706, 3313, 2860, 2761, 2662, 2759, 2661",13
"2661",2661,"2561, 2660, 2461, 2560, 2659, 6639, 2861, 2762, 2663, 2760, 3851, 2761, 2662",13
"2662",2662,"2562, 2661, 1283, 2462, 2561, 2563, 2660, 2862, 2763, 2664, 2761, 2762, 2663",13
"2663",2663,"2563, 2662, 2463, 2562, 2564, 2661, 578, 4160, 2762, 2763, 2664",11
"2664",2664,"2564, 2663, 2563, 2565, 2662, 2864, 2666, 2763, 5434, 6863, 2665",11
"2665",2665,"793, 2664, 2564, 2566, 2865, 2766, 2667, 2764, 2765, 2666",10
"2666",2666,"2566, 2665, 2466, 2565, 2567, 2664, 2866, 5074, 2668, 2765, 2766, 2667",12
"2667",2667,"462, 2567, 2666, 2467, 2568, 2665, 2867, 2768, 2669, 2766, 6372, 2668",12
"2668",2668,"2568, 2667, 2468, 2567, 2569, 2666, 1777, 2868, 2769, 2670, 2767, 4301, 2768",13
"2669",2669,"2569, 2469, 792, 2570, 2667, 3143, 2869, 2770, 9234, 2768, 3929, 6240, 2670",13
"2670",2670,"2570, 2669, 83, 2470, 2569, 2571, 2668, 2870, 2771, 2672, 2769, 2770, 2671",13
"2671",2671,"2571, 2670, 2471, 2572, 1279, 6361, 2871, 2772, 9488, 2770, 7518, 2771, 2672",13
"2672",2672,"2572, 2671, 1405, 2472, 2571, 2573, 2670, 6063",8
"2673",2673,"2573, 2473, 2572, 2574, 8440, 5487, 2774, 2675, 9046, 6981, 2773, 2674",12
"2674",2674,"2574, 2673, 2573, 2575, 2049, 2874, 2775, 2676, 2773, 5537, 5524, 2774",12
"2675",2675,"2277, 2574, 2576, 2673, 8127, 6082, 9713, 2677, 9501, 2676",10
"2676",2676,"2576, 2476, 2674, 2675, 8437, 5863, 2876, 2775, 2776, 2677",10
"2677",2677,"2676, 2477, 2576, 2675, 7299, 4364, 2877, 2778, 2776, 2678",10
"2678",2678,"2578, 2677, 2478, 2577, 2579, 2878, 2779, 2680, 2777, 9520, 9601, 2679",12
"2679",2679,"2579, 2678, 2580, 2479, 6989, 5797, 3173, 2780, 2681, 2778, 7495, 3108, 3447, 2779, 2680",15
"2680",2680,"2679, 1417, 2581, 2678, 2880, 2781, 2682, 2779, 2780, 2681, 8419",11
"2681",2681,"2581, 2680, 2481, 2580, 2679, 2881, 2782, 2683, 2780, 8781, 8690, 2965, 2781",13
"2682",2682,"2582, 2482, 2583, 2680, 8248, 2783, 2684, 2781, 2972, 2782, 2683, 6901",12
"2683",2683,"2583, 2682, 2483, 2582, 2681, 1766, 2883, 2784, 2685, 2782, 2684",11
"2684",2684,"2584, 2683, 2484, 2583, 2682, 3398, 2884, 8286, 2686, 2783, 2784, 9536",12
"2685",2685,"2585, 2485, 2584, 2586, 2683, 877, 2786, 2687, 2784, 5194, 2785, 2686",12
"2686",2686,"2586, 2685, 2240, 2486, 2585, 2587, 2684, 2886, 2787, 2688, 9444, 2786, 2687",13
"2687",2687,"2587, 2686, 2487, 2586, 2588, 2685, 8498, 2887, 2788, 2689, 2786, 4019, 2787, 2688",14
"2688",2688,"1805, 2588, 2687, 2589, 2686, 8322, 2888, 2789, 2690, 2787, 2788, 4105",12
"2689",2689,"2489, 2588, 2590, 2687, 2889, 2790, 3710, 2788, 2789, 2690",10
"2690",2690,"2590, 2689, 2490, 2589, 2688, 7467, 2890, 9194, 2692, 2789, 2691",11
"2691",2691,"2591, 2690, 2491, 2590, 9193, 7699, 2891, 2792, 2693, 2790, 2791",11
"2692",2692,"2492, 2591, 2593, 2690, 1815, 5821, 2793, 2694, 2791, 3435, 2792, 3105",12
"2693",2693,"676, 2593, 979, 2562, 2594, 2691, 2893, 2794, 2792, 7668, 2793, 2694, 5660",13
"2694",2694,"2594, 2693, 2595, 2692, 2894, 2795, 2696, 8606, 2794, 2695",10
"2695",2695,"2595, 2694, 2495, 2594, 2596, 4481, 2895, 2796, 2697, 2794, 6471, 8361, 5164, 2795, 2696, 5900",16
"2696",2696,"2695, 2496, 2694, 7431, 8813, 8213, 3032, 2896, 2698, 2795, 9875, 2796, 9190",13
"2697",2697,"1386, 2497, 2596, 2598, 2695, 7470, 2897, 2798, 2699, 2796, 2698",11
"2698",2698,"2598, 2498, 2597, 2599, 2696, 2697, 3739, 2898, 3199, 2700, 2798, 2699",12
"2699",2699,"2599, 2698, 2499, 2598, 2600, 2697, 5586, 2899, 2800, 2798, 2799",11
"2700",2700,"2600, 810, 2500, 2599, 2698, 9882, 2900, 2799, 2800",9
"2701",2701,"2601, 2501, 2602, 6047, 2901, 2802, 2703, 2801, 2702",9
"2702",2702,"2602, 2701, 2502, 2601, 2603, 2902, 2803, 2704, 2801, 7359, 3027, 2802",12
"2703",2703,"2603, 452, 2503, 2604, 2701, 8636, 2903, 9815, 2802, 5673, 2803, 2704",12
"2704",2704,"1422, 2703, 965, 2605, 2702, 2904, 2805, 2706, 2803, 2804, 2705",11
"2705",2705,"2605, 2704, 2604, 2606, 141, 7508, 2806, 2707, 2804, 2805, 2706",11
"2706",2706,"2606, 2705, 2506, 2605, 2607, 2704, 9072, 6036, 2807, 2708, 2805, 4148, 2806, 2707",14
"2707",2707,"2607, 2706, 2507, 2606, 2608, 2705, 2907, 2808, 2709, 2806, 2807, 2708",12
"2708",2708,"2608, 2707, 2508, 2607, 2609, 2706, 7309, 2809, 2710, 2807, 2808, 2709",12
"2709",2709,"2708, 2509, 2608, 2610, 2707, 5369, 2909, 2810, 2711, 2808, 4352, 2710",12
"2710",2710,"2510, 2609, 2611, 2708, 2709, 2910, 6664, 2712, 7410, 3357, 2810, 5067",12
"2711",2711,"2611, 2511, 2709, 9905, 9695, 8577, 2911, 2812, 2810, 6421, 2712",11
"2712",2712,"2612, 2512, 2611, 2613, 2710, 2711, 3520, 9436, 2813, 2714, 2811",11
"2713",2713,"783, 2613, 30, 1870, 2612, 2614, 4472, 2913, 2814, 2715, 2812, 2813, 2714, 3032",14
"2714",2714,"2614, 2713, 2514, 2613, 2615, 2712, 2122, 9646, 2914, 2815, 2716, 2814, 2715",13
"2715",2715,"2615, 2714, 2515, 2614, 2713, 459, 2915, 2816, 2717, 2814, 2815, 2716",12
"2716",2716,"2616, 2715, 2516, 2615, 2714, 2916, 2817, 2718, 2816, 2717",10
"2717",2717,"2617, 2716, 2517, 2715, 7291, 2917, 2818, 2719, 2816, 2817",10
"2718",2718,"2618, 1325, 2518, 2617, 2619, 2716, 7263, 3666, 2819, 2720, 2817, 4254, 2818, 2719",14
"2719",2719,"1765, 2718, 2519, 2620, 2717, 2919, 2820, 2819, 2886",9
"2720",2720,"2620, 882, 2520, 2619, 2621, 2718, 2920, 2821, 2722, 2819, 2721",11
"2721",2721,"2137, 2521, 2620, 2622, 2720, 2822, 2723, 2820, 5046, 4435, 2821, 2722",12
"2722",2722,"2622, 2721, 2522, 2621, 2623, 2720, 2922, 2823, 2724, 2821",10
"2723",2723,"2358, 2523, 2622, 2721, 4749, 2824, 2823, 2724, 8127",9
"2724",2724,"2723, 2524, 2625, 2722, 2623, 2924, 2825, 2726, 2823",9
"2725",2725,"2625, 2525, 2624, 2626, 1706, 2925, 3521, 2727, 2824, 2825, 6110, 4365",12
"2726",2726,"2626, 2526, 2627, 2724, 2625, 2926, 7544, 2728, 2825, 8411, 8203, 2826, 2727",13
"2727",2727,"2627, 2726, 1542, 2626, 2628, 2725, 4624, 2927, 2828, 2729, 2826, 2827, 2728",13
"2728",2728,"2628, 2727, 2528, 2627, 2629, 2726, 2928, 2829, 2730, 2827, 2828",11
"2729",2729,"2629, 1460, 2529, 2628, 2630, 2727, 2929, 2830, 2731, 2828, 2829, 2730",12
"2730",2730,"1482, 2630, 2729, 2530, 2629, 2631, 2728, 9826, 2930, 2831, 2732, 5709, 2830",13
"2731",2731,"2631, 2531, 2630, 2632, 2729, 1836, 5798, 4118, 2931, 2832, 2733, 2830, 2732, 4157",14
"2732",2732,"2632, 2731, 2532, 2631, 2633, 2730, 3446, 2932, 2734, 2831, 3016",11
"2733",2733,"2633, 2533, 2634, 2731, 2834, 9218, 2833, 2734",8
"2734",2734,"2634, 2733, 2635, 2732, 2633, 2934, 2835, 4321, 9452, 2834, 2735",11
"2735",2735,"2635, 2734, 576, 2535, 2634, 2935, 2836, 2737, 7024, 9411, 2835",11
"2736",2736,"2636, 1094, 2536, 2637, 8764, 2936, 2837, 2738, 2835, 4593, 3226, 2836, 9766, 8479",14
"2737",2737,"2165, 2637, 2099, 2537, 2636, 2638, 2735, 2937, 2838, 2836, 2837, 2738",12
"2738",2738,"2638, 2737, 2639, 2736, 1412, 2938, 5359, 2837, 2739",9
"2739",2739,"2539, 2638, 2640, 1377, 2738, 9706, 8751, 2939, 2840, 2741, 2838, 2839",12
"2740",2740,"2553, 2640, 2639, 2641, 2940, 2841, 2742, 2839, 2840, 2741, 7693",11
"2741",2741,"2641, 2740, 2541, 2640, 2739, 3124, 2941, 2842, 2743, 2840, 2841, 2742",12
"2742",2742,"2642, 2741, 2542, 2641, 2643, 2740, 1367, 8144, 2942, 2843, 2744, 2841, 2960, 2842, 2743",15
"2743",2743,"2643, 2742, 2543, 2741, 2644, 2943, 2844, 2745, 2842, 6744, 9674, 3593, 3316",13
"2744",2744,"2644, 1050, 2645, 2742, 2944, 2845, 2746, 3703, 5921, 2844, 2745",11
"2745",2745,"2645, 2744, 2644, 2646, 2743, 3971, 5807, 2945, 2846, 2747, 2844, 5791, 2845, 2746",14
"2746",2746,"2646, 2745, 2546, 2645, 2647, 2744, 2847, 2748, 2845, 6971, 2846",11
"2747",2747,"2647, 2547, 2646, 2648, 2745, 2947, 2848, 2846, 9976, 2847, 2748, 4881",12
"2748",2748,"2648, 2747, 2647, 2746, 7512, 2849, 2750, 2847, 2848, 4258",10
"2749",2749,"2649, 1085, 2648, 9501, 6285, 7009, 2848, 8464, 2750",9
"2750",2750,"2550, 2649, 2748, 2252, 2749, 6635, 7067, 6188, 2849, 2850",10
"2751",2751,"2650, 2652, 7814, 2951, 2852, 2850, 2851, 2752",8
"2752",2752,"2652, 2751, 2552, 2653, 2952, 2853, 2754, 3077, 8856, 2852, 2753",11
"2753",2753,"2653, 2752, 2652, 2654, 112, 2553, 2953, 2854, 2852, 5652, 2754",11
"2754",2754,"2654, 2753, 2097, 2554, 2653, 2655, 2752, 2954, 2855, 2756, 2853, 2854, 2755",13
"2755",2755,"2655, 2754, 1744, 2555, 2654, 2656, 2955, 2757, 2854, 8600, 6411",11
"2756",2756,"2656, 2556, 2655, 2657, 2754, 2956, 2857, 2758, 2856, 2757",10
"2757",2757,"2657, 2756, 2216, 2484, 2557, 2656, 2658, 2755, 2957, 5570, 2856, 2857, 2758",13
"2758",2758,"2757, 2558, 2657, 2659, 2756, 2347, 9890, 2958, 2859, 2760, 2857, 2858",12
"2759",2759,"2659, 2559, 2660, 665, 2658, 8342, 2959, 3412, 4828, 5384, 7051, 5039, 2859, 2760",14
"2760",2760,"1197, 2759, 2560, 2659, 2661, 2758, 9681, 2960, 6268, 2762, 2859, 4539",12
"2761",2761,"2661, 2561, 2660, 2662, 2862, 2763, 2860, 2861, 2762",9
"2762",2762,"2662, 2761, 2562, 2661, 2663, 2760, 5070, 2962, 2863, 2764, 2861, 2862, 2763",13
"2763",2763,"2663, 2762, 2662, 2664, 2761, 4443, 2864, 7833, 5161, 2863, 2764",11
"2764",2764,"368, 2763, 2564, 2665, 2762, 5247, 2865, 2766, 2863, 2864, 2765",11
"2765",2765,"2665, 2764, 2565, 2666, 1358, 2965, 2866, 8078, 5353, 2865, 2766",11
"2766",2766,"2666, 2765, 2566, 2665, 2667, 2764, 2966, 2867, 2768, 2865, 2866, 2767",12
"2767",2767,"2766, 2567, 2668, 2189, 4072, 2868, 2769, 2866, 2867",9
"2768",2768,"2668, 2568, 2667, 2669, 2766, 8953, 2869, 2770, 9408, 2868, 4080, 6857",12
"2769",2769,"2668, 2670, 2767, 8787, 8161, 2969, 2870, 2771, 2868, 4718, 2869, 2770",12
"2770",2770,"2670, 2769, 2570, 2669, 2671, 2768, 2970, 2871, 2869, 6873, 2870, 6778",12
"2771",2771,"2671, 2571, 2670, 514, 2769, 2971, 2872, 2773, 2870, 2871, 2772",11
"2772",2772,"2771, 2572, 2671, 2373, 7759, 2873, 2774, 2871, 2872, 5754",10
"2773",2773,"916, 1534, 2673, 2573, 2674, 2771, 1455, 1493, 4261, 2874, 2775, 2872, 2873, 2774",14
"2774",2774,"2674, 2773, 2574, 2144, 2772, 2673, 8322, 2974, 2875, 2776, 2873, 2874, 2775",13
"2775",2775,"2774, 926, 2575, 2674, 2676, 2773, 8361, 2975, 2876, 2777, 2874, 2875, 2776",13
"2776",2776,"2676, 2775, 2576, 2677, 2774, 2820, 3731, 2976, 2877, 2778, 2875, 2876, 2777",13
"2777",2777,"1797, 2776, 1076, 2577, 2678, 2775, 2977, 2876, 8423, 4286, 2778",11
"2778",2778,"884, 2578, 2677, 2679, 2776, 2777, 8528, 4292, 2879, 2780, 2877, 2878, 2779",13
"2779",2779,"2679, 2778, 2493, 2579, 2678, 2680, 2518, 2979, 2880, 2781, 2878, 4032, 2879, 2780",14
"2780",2780,"2680, 2779, 2580, 2681, 2778, 2679, 2980, 2881, 2782, 2879, 2880, 2781",12
"2781",2781,"2681, 2780, 2581, 2680, 2682, 2779, 2981, 2882, 2783, 9679, 2881, 2782",12
"2782",2782,"2682, 2781, 2582, 2681, 2683, 2780, 2982, 2883, 2784, 7323, 4644, 2783",12
"2783",2783,"2099, 2782, 2583, 2684, 2781, 2682, 2983, 2884, 2785, 2882, 2883, 2784",12
"2784",2784,"2684, 2783, 2584, 2683, 2685, 2782, 2984, 2885, 2786, 2883, 2884",11
"2785",2785,"2685, 2585, 2783, 2985, 2886, 2884, 2885, 2786, 6024",9
"2786",2786,"2686, 2785, 2586, 2685, 2687, 2784, 9189, 2986, 2887, 2788, 2885, 8694, 2886, 2787",14
"2787",2787,"2687, 2786, 2587, 2686, 2688, 2987, 2888, 2789, 5702, 4488, 2788",11
"2788",2788,"2688, 2787, 2588, 2687, 2689, 2786, 2988, 2889, 2790, 2887, 2888, 2789",12
"2789",2789,"2689, 2788, 2589, 2688, 2690, 2787, 2989, 2890, 2791, 2888, 2889, 2790",12
"2790",2790,"2078, 2789, 809, 2541, 2689, 2691, 2788, 2990, 2891, 2792, 2889, 2890, 2791",13
"2791",2791,"2691, 2790, 2591, 2692, 2789, 3706, 2991, 2892, 2793, 2890, 4238, 2792",12
"2792",2792,"1878, 2692, 2791, 2592, 2691, 2693, 2790, 2992, 2893, 2794, 2891, 2892, 2793",13
"2793",2793,"2693, 2792, 2593, 2692, 466, 2791, 3858, 2894, 2795, 2892, 2794",11
"2794",2794,"2694, 2594, 2693, 2695, 2792, 2793, 4094, 3954, 2994, 2895, 2796, 2893, 2894, 2795",14
"2795",2795,"2695, 2794, 2595, 2694, 2696, 2793, 2995, 2896, 2797, 2894, 2895",11
"2796",2796,"2696, 63, 2596, 2695, 2697, 2794, 2996, 2897, 2798, 2896, 2797",11
"2797",2797,"2796, 2597, 2795, 8986, 5350, 2997, 2799, 2896, 9875, 7953, 2897, 2798",12
"2798",2798,"2698, 2797, 1394, 2697, 2699, 2796, 9803, 2998, 2899, 2800, 2898, 2799",12
"2799",2799,"2699, 2798, 816, 2599, 2700, 2797, 8111, 5410, 2999, 2900, 2898, 2800",12
"2800",2800,"2700, 2600, 2699, 2798, 2799, 3000, 2899, 2900",8
"2801",2801,"2701, 2601, 2702, 8374, 3001, 2803, 2901, 2802",8
"2802",2802,"2702, 2801, 2602, 2701, 2703, 3002, 5927, 2902, 2803",9
"2803",2803,"2703, 2802, 2603, 2702, 2704, 2801, 9907, 3003, 2904, 2805, 2902, 2804",12
"2804",2804,"2704, 2604, 2705, 2803, 3004, 2905, 2806, 2903, 2965, 2963, 2904, 2805",12
"2805",2805,"2705, 2804, 2605, 2704, 2706, 2803, 3005, 2906, 2807, 2904, 2905, 2806",12
"2806",2806,"2706, 2805, 2606, 2705, 2707, 2804, 8544, 3006, 2907, 2808, 2905, 2906",12
"2807",2807,"2707, 2607, 2706, 2708, 2805, 7127, 5872, 3007, 2908, 2809, 2906, 2907, 8509",13
"2808",2808,"2708, 2520, 2608, 2707, 2709, 2806, 6484, 3008, 2909, 2810, 6496, 8407, 8913, 2809",14
"2809",2809,"2808, 2543, 2609, 2708, 1483, 2807, 3009, 2811, 2908, 2909, 2810, 9055",12
"2810",2810,"2710, 2809, 2610, 2709, 2711, 2808, 4014, 3010, 2911, 2812, 2909, 2910, 2811",13
"2811",2811,"2810, 1911, 2611, 2712, 2809, 3011, 2912, 2813, 2910, 6010, 2911, 3133",12
"2812",2812,"1309, 2612, 2711, 2713, 2810, 741, 3012, 2913, 2814, 7976, 2912, 3116",12
"2813",2813,"2713, 2613, 2712, 2811, 4798, 3013, 5696, 2912, 9120, 2814, 8007",11
"2814",2814,"2714, 2813, 2614, 2713, 2715, 2812, 8936, 3014, 2915, 3475, 2913, 2914, 2815",13
"2815",2815,"2715, 2814, 2615, 2714, 3015, 2916, 2817, 2914, 2915, 2816",10
"2816",2816,"2716, 2815, 200, 2616, 2715, 2717, 5797, 5051, 3016, 2917, 2818, 2915, 2817",13
"2817",2817,"2717, 2816, 2617, 2716, 2718, 2815, 3812, 3017, 2918, 2819, 2916, 2917, 2818",13
"2818",2818,"1825, 2817, 796, 2618, 2717, 899, 2816, 2718, 8369, 3018, 2919, 2820, 2917, 2918, 2819",15
"2819",2819,"1735, 2719, 2818, 2252, 2421, 2619, 2720, 2817, 2718, 9484, 3019, 2920, 2821, 2918, 2919, 4917",16
"2820",2820,"2776, 2620, 2719, 2721, 2818, 6051, 2921, 2822, 2919, 2920, 6645",11
"2821",2821,"2721, 2358, 2621, 2720, 2722, 2819, 3021, 2823, 2920, 5498, 2921, 2822",12
"2822",2822,"2821, 2622, 2820, 2721, 8842, 5069, 5863, 2923, 2824, 8944, 2922",11
"2823",2823,"1227, 2723, 2722, 2724, 2821, 7744, 3023, 2924, 2825, 2922, 2923, 2824, 3616",13
"2824",2824,"2823, 765, 2624, 2723, 2725, 2822, 3024, 2925, 2826, 2923, 2924, 2825",12
"2825",2825,"2725, 2824, 2724, 2726, 2823, 2983, 3025, 2926, 9488, 2924, 2925, 2826",12
"2826",2826,"2726, 2825, 2626, 2727, 2824, 251, 3026, 2927, 2828, 2925, 2926",11
"2827",2827,"2727, 2627, 2728, 9397, 3027, 2928, 2829, 2926, 2927",9
"2828",2828,"2728, 82, 2628, 2727, 2729, 2826, 7238, 3028, 2929, 6819, 2927, 2928, 2829, 7932",14
"2829",2829,"2729, 2828, 2629, 2728, 2827, 1287, 3029, 2930, 2831, 2929, 2830",11
"2830",2830,"2730, 2829, 2630, 2729, 2731, 4851, 2931, 2832, 2929, 2930",10
"2831",2831,"2631, 2730, 2732, 2829, 3031, 2932, 2833, 2930, 8962, 7617",10
"2832",2832,"1659, 2439, 2632, 2731, 2830, 3183, 2933, 2834, 2931, 2932, 7594",11
"2833",2833,"2733, 2831, 6840, 3033, 2934, 2835, 2932, 7528, 2933, 2834",10
"2834",2834,"2734, 2833, 2634, 2733, 2832, 6077, 2935, 2836, 2933, 2835",10
"2835",2835,"2735, 2635, 2734, 2736, 2833, 2834, 8537, 7103, 8622, 2837, 2934, 2935, 2836",13
"2836",2836,"2736, 2835, 2735, 2737, 2834, 4979, 4414, 3036, 2937, 2838, 8880, 8169",12
"2837",2837,"2737, 1418, 2637, 2736, 2738, 2835, 3037, 2938, 2839, 5812, 2937, 2838",12
"2838",2838,"2837, 2638, 2737, 2739, 2836, 3038, 2840, 2937, 2938, 3277, 8082",11
"2839",2839,"2739, 2740, 2837, 3039, 2841, 2938, 2939, 2840",8
"2840",2840,"2740, 2839, 2640, 2739, 2741, 2838, 3040, 2941, 2842, 2939, 2841",11
"2841",2841,"2741, 1900, 2740, 2742, 2839, 2840, 3041, 2942, 7099, 2940, 2842",11
"2842",2842,"2742, 2642, 2741, 2743, 2840, 2841, 3042, 2943, 2844, 2941, 2942",11
"2843",2843,"86, 2643, 2742, 9171, 5484, 3043, 2845, 2942, 9490, 2943",10
"2844",2844,"2744, 2644, 2743, 2745, 2842, 6721, 3044, 2945, 2846, 2943, 2944, 7975, 9549",13
"2845",2845,"2745, 2645, 2744, 2746, 2843, 2946, 2847, 2944, 2872, 2945, 2846",11
"2846",2846,"2746, 2845, 2538, 2646, 2745, 2747, 2844, 7878, 3046, 2947, 8720, 2945, 2946, 2847, 8454",15
"2847",2847,"1040, 2747, 2846, 2748, 2845, 2746, 2001, 9522, 3047, 2948, 2946, 2848",12
"2848",2848,"2748, 2847, 2747, 2749, 3048, 2949, 4329, 2849",8
"2849",2849,"2848, 2649, 2748, 2750, 5229, 2950, 2851, 2948, 9464, 2949, 2850",11
"2850",2850,"2750, 2849, 715, 2650, 2751, 3050, 2951, 2852, 8947, 9188, 9457, 2950, 2851",13
"2851",2851,"2751, 2850, 2651, 2849, 4808, 9685, 3568, 2952, 3249, 2950, 2951, 2852",12
"2852",2852,"2752, 2851, 2751, 2753, 2850, 3052, 2953, 2854, 2951, 2853",10
"2853",2853,"2653, 2752, 2754, 762, 2303, 2852, 5526, 3053, 2855, 2952, 2854",11
"2854",2854,"2754, 2654, 2753, 2755, 2852, 419, 2853, 3054, 2856, 2855",10
"2855",2855,"2854, 1085, 2396, 2655, 2754, 2853, 3877, 3837, 4608, 3055, 2956, 2857, 2954, 2955",14
"2856",2856,"1159, 2756, 2656, 2757, 2854, 3056, 2957, 2858, 2955, 6136, 2956, 2857, 5880",13
"2857",2857,"2757, 2856, 2756, 2758, 2855, 4823, 3057, 2958, 2859, 2956, 2957, 2858",12
"2858",2858,"2758, 2857, 333, 2856, 3260, 3058, 2959, 2860, 2957",9
"2859",2859,"2759, 357, 2758, 2760, 2857, 7830, 4919, 3059, 2960, 2861, 2958, 5472, 2959, 2860, 6963",15
"2860",2860,"208, 2859, 2660, 2761, 2858, 414, 4408, 3060, 2862, 2959, 2960, 2861",12
"2861",2861,"2761, 2860, 2661, 2762, 2859, 145, 4851, 8924, 2962, 2863, 2960, 2961",12
"2862",2862,"2762, 2662, 2860, 2761, 7585, 3062, 2963, 2864, 2961, 2962, 2863",11
"2863",2863,"2763, 2862, 2762, 2764, 2861, 7199, 3063, 2964, 2865, 2962, 9970, 3250, 2963, 2864",14
"2864",2864,"2764, 2863, 2664, 2862, 2763, 4475, 3064, 2965, 2866, 2963, 3281, 2964, 2865",13
"2865",2865,"2765, 2864, 2665, 2764, 2766, 2863, 3065, 2966, 5597, 2964, 2965",11
"2866",2866,"2766, 2666, 2765, 2767, 2864, 7033, 5907, 3574, 3066, 2967, 2868, 2965, 2966, 2867, 8511",15
"2867",2867,"2767, 2866, 2667, 2766, 3411, 3067, 2968, 2869, 2966, 2967, 2868",11
"2868",2868,"2768, 2867, 2668, 2767, 2769, 2866, 6978, 9486, 2969, 2870, 2967, 2968",12
"2869",2869,"2769, 2669, 2770, 2867, 2768, 3069, 2970, 2871, 2968, 7391, 2969, 2870, 5788",13
"2870",2870,"2770, 2869, 2670, 2769, 2771, 2868, 9836, 7564, 5630, 2872, 2969, 2871",12
"2871",2871,"2771, 2671, 2770, 2772, 2869, 1978, 2870, 2972, 6765, 2970, 2971, 2872",12
"2872",2872,"2772, 2871, 2845, 2771, 2773, 2870, 3072, 8048, 2874, 2971, 2873",11
"2873",2873,"546, 2773, 2872, 2772, 2774, 3000, 3073, 2974, 2973",9
"2874",2874,"2774, 1014, 2674, 2773, 2775, 2872, 6929, 3074, 2975, 2876, 2973, 2974, 2875",13
"2875",2875,"2775, 2874, 2774, 2776, 2044, 3075, 2976, 2877, 2974, 5669, 2975",11
"2876",2876,"2776, 1128, 2676, 2775, 2777, 2874, 3076, 2977, 2878, 2975, 2976, 2877",12
"2877",2877,"1714, 2876, 2677, 2776, 2778, 2875, 3828, 6294, 3077, 2978, 2879, 2976, 8170, 2977, 2878",15
"2878",2878,"2778, 2877, 2678, 2779, 2876, 8556, 3078, 2979, 2880, 2977, 8891, 2978, 2879",13
"2879",2879,"2779, 2878, 2780, 2877, 2778, 2310, 7832, 3079, 2980, 2881, 2978, 2979, 2880",13
"2880",2880,"2780, 2879, 2680, 2779, 2878, 9400, 6372, 3080, 2882, 2979, 2980, 2881",12
"2881",2881,"2781, 2880, 2681, 2780, 2879, 6217, 3081, 2982, 2980, 5060, 6396, 2882",12
"2882",2882,"2881, 703, 2781, 2783, 2880, 2296, 7529, 3082, 2983, 2884, 2981, 5644, 2982, 2883",14
"2883",2883,"2783, 2882, 637, 2683, 2782, 2784, 1994, 3083, 2984, 2982, 2983, 2884",12
"2884",2884,"2784, 2883, 2684, 2783, 2882, 2785, 3084, 2985, 2886, 2983, 2984, 2885",12
"2885",2885,"2785, 2884, 2784, 2786, 6196, 5744, 3085, 2986, 2887, 7863, 8105, 2985, 2886",13
"2886",2886,"2719, 2786, 2885, 2686, 2785, 2884, 9762, 6367, 2987, 2888, 2985, 2887",12
"2887",2887,"2687, 2786, 2788, 2885, 2886, 3087, 2988, 2889, 2986, 7040, 2987, 2888",12
"2888",2888,"2788, 2887, 2688, 2787, 2789, 2886, 4235, 3088, 2989, 2890, 2987, 2988",12
"2889",2889,"2789, 2601, 2689, 2788, 2790, 2887, 7327, 4281, 3181, 2990, 2891, 2988, 2989, 2890",14
"2890",2890,"2790, 2889, 2690, 2789, 2791, 2888, 7743, 3090, 2991, 2892, 2989, 2990, 3257",13
"2891",2891,"2691, 2790, 2792, 2889, 7707, 6666, 2992, 2893, 2990, 3170, 2991, 2892",12
"2892",2892,"2792, 2891, 2791, 2793, 2890, 3092, 2894, 2992, 2893",9
"2893",2893,"2892, 2693, 2792, 2794, 2891, 2250, 976, 7649, 7775, 3093, 2895, 2992, 2993",13
"2894",2894,"2694, 2793, 2795, 2892, 2794, 7487, 3094, 2995, 2896, 2993, 2994, 2895",12
"2895",2895,"2795, 2894, 2695, 2794, 2893, 5709, 8124, 4792, 3095, 2996, 2897, 2994, 2995, 2896",14
"2896",2896,"2796, 2895, 2696, 2795, 2797, 2894, 3096, 2997, 2898, 2995, 2996, 6075",12
"2897",2897,"2797, 2697, 2796, 2895, 5396, 3097, 2998, 2899, 2996, 2997, 2898",11
"2898",2898,"2798, 2897, 2698, 2799, 2896, 3098, 2999, 2900, 4669, 2998, 2899",11
"2899",2899,"2898, 2699, 2798, 2800, 2897, 3099, 3000, 2998, 2900, 9674",10
"2900",2900,"2800, 2700, 2799, 2898, 2899, 8171, 3000",7
"2901",2901,"2801, 2701, 2903, 7119, 3001, 2902",6
"2902",2902,"2802, 2901, 2702, 819, 2803, 9052, 5468, 3102, 6424, 2904, 3001, 5110, 3002, 2903",14
"2903",2903,"2525, 2902, 2608, 2703, 2804, 2901, 8270, 8809, 7343, 7057, 6533, 3678, 3004, 2905, 3002, 8303, 3003, 2904",18
"2904",2904,"2804, 2903, 2704, 2803, 2805, 2902, 3104, 3005, 2906, 3003, 3004",11
"2905",2905,"2805, 2804, 2806, 2903, 6003, 3105, 3006, 3004, 8548, 3005, 2906, 8982",12
"2906",2906,"2806, 2905, 2805, 2807, 2904, 3106, 3007, 2908, 3005, 3006, 2907",11
"2907",2907,"734, 2807, 2906, 2707, 2806, 105, 9569, 3008, 2909, 3332, 6940, 3007, 2908",13
"2908",2908,"2907, 272, 2807, 2809, 2906, 3108, 3009, 2910, 3007, 3008, 2909",11
"2909",2909,"2809, 2908, 1256, 2709, 2808, 2810, 2907, 3109, 3010, 2911, 3008, 8113, 3009, 2910",14
"2910",2910,"2810, 2909, 2710, 2811, 2908, 1567, 3110, 2912, 3009, 9093, 3010, 2911",12
"2911",2911,"2811, 2910, 2711, 2810, 2909, 3939, 3012, 2913, 3010, 6669, 3011",11
"2912",2912,"2812, 137, 2811, 2813, 2910, 3112, 3013, 2914, 3011, 3012, 2913, 9716",12
"2913",2913,"2912, 270, 2713, 2812, 2814, 2911, 9187, 3113, 3014, 2915, 4504, 2914",12
"2914",2914,"2814, 2714, 2815, 2912, 2913, 3114, 3015, 3013, 9266, 8201, 3014, 2915",12
"2915",2915,"2394, 2815, 2914, 1844, 2814, 2816, 2913, 2715, 4355, 3115, 3016, 2917, 7732, 3015, 2916",15
"2916",2916,"335, 2915, 2716, 2815, 2817, 3319, 3116, 3017, 2918, 3015, 5516, 3016, 2917",13
"2917",2917,"2817, 2916, 2717, 2816, 2818, 2915, 4929, 3117, 3018, 2919, 3016, 7545, 3017, 8381",14
"2918",2918,"2818, 2817, 2819, 2916, 2573, 4041, 9696, 3118, 3019, 3017, 2919",11
"2919",2919,"2819, 2918, 2719, 2818, 2820, 2917, 8691, 5595, 2921, 3019, 2920",11
"2920",2920,"2820, 2919, 2720, 2819, 2821, 2658, 3120, 3021, 2922, 3019, 2921",11
"2921",2921,"2821, 2920, 1302, 2820, 2475, 2919, 5795, 7521, 7401, 3121, 2923, 3021, 2922",13
"2922",2922,"2822, 2921, 2722, 2177, 2823, 2920, 7466, 3122, 2924, 3021, 3022",11
"2923",2923,"2823, 864, 2822, 2824, 2921, 2524, 4350, 3123, 3024, 3022, 2924, 5640",12
"2924",2924,"2824, 2923, 2724, 2823, 2825, 2922, 3025, 2926, 3023, 3024, 2925",11
"2925",2925,"1751, 2825, 2924, 2725, 2824, 2826, 6189, 9645, 3125, 3026, 2927, 3024, 3394, 9436, 4208, 2926",16
"2926",2926,"2826, 2925, 2726, 2825, 2827, 2924, 5304, 3027, 2928, 3025, 3026, 2927",12
"2927",2927,"2827, 2926, 1213, 2264, 2727, 2826, 2828, 2925, 8157, 6667, 3028, 9971, 3026, 3027, 4860",15
"2928",2928,"2828, 2728, 2827, 2926, 707, 3128, 9988, 3027, 3028, 2929",10
"2929",2929,"2829, 2928, 2729, 2828, 2830, 6517, 5965, 3129, 3030, 2931, 3028, 8911, 3029, 2930",14
"2930",2930,"1044, 2830, 2929, 1650, 2730, 2829, 2831, 3130, 2932, 3029, 3710, 2931",12
"2931",2931,"2930, 2731, 2832, 2929, 2830, 470, 3131, 3032, 6738, 3031, 3688",11
"2932",2932,"1508, 2832, 1251, 1287, 2732, 2831, 2833, 2930, 3132, 7470, 2934, 3031, 3032, 2933",14
"2933",2933,"2833, 2932, 517, 2832, 2834, 2989, 3034, 2935, 3032, 3033, 2934",11
"2934",2934,"2933, 2734, 2833, 2835, 2932, 8910, 3134, 3035, 2936, 7542, 3034, 2935",12
"2935",2935,"819, 2835, 2934, 2735, 2834, 2933, 816, 3559, 3135, 3034, 2936",11
"2936",2936,"2736, 2934, 2935, 3136, 3037, 2938, 3035",7
"2937",2937,"2837, 2737, 2836, 2838, 613, 6120, 5513, 5863, 3038, 2939, 3036, 3037, 2938, 8321",14
"2938",2938,"1715, 2838, 2937, 2738, 2837, 2839, 2936, 5584, 3138, 3039, 2940, 3037, 6883, 2939",14
"2939",2939,"2839, 2938, 2739, 2840, 2937, 5124, 3040, 2941, 3038, 4303, 3660, 3039, 3021",13
"2940",2940,"2740, 2841, 2938, 9348, 3140, 3041, 3039, 3064, 3040, 2941",10
"2941",2941,"2940, 2741, 2840, 2842, 2939, 22, 4984, 3141, 3042, 2943, 3040, 3041",12
"2942",2942,"2842, 1205, 2742, 2841, 2843, 4204, 3142, 3043, 2944, 3041, 7449, 5505, 3042, 2943",14
"2943",2943,"2843, 2942, 2743, 2842, 2844, 2941, 3143, 4067, 2945, 7744, 3043",11
"2944",2944,"2844, 2744, 2845, 2942, 3144, 3045, 2946, 3043, 4174, 3044, 2945, 8701",12
"2945",2945,"2845, 2944, 796, 2745, 2844, 2846, 2943, 172, 7970, 3145, 3046, 2947, 3045, 2946",14
"2946",2946,"2542, 2846, 2945, 2847, 2944, 2845, 8425, 9338, 4529, 3146, 3047, 3045, 3046, 2947",14
"2947",2947,"2946, 2747, 2846, 2945, 559, 5620, 3147, 3046, 4810, 9391, 3047, 2948",12
"2948",2948,"2947, 1128, 2847, 2849, 3148, 3049, 2950, 3047, 6205, 3048, 2949",11
"2949",2949,"2849, 2948, 2848, 7197, 3149, 3050, 2951, 3048, 3049, 2950",10
"2950",2950,"2850, 2949, 2851, 2948, 2849, 2963, 3150, 3051, 8663, 3049, 6949, 4178, 3050, 2951",14
"2951",2951,"2851, 2950, 1669, 2751, 2850, 2852, 2949, 3151, 3052, 7624, 6255, 3051, 2952",13
"2952",2952,"2951, 2752, 2851, 2853, 4424, 3394, 3053, 3051, 3052, 2953",10
"2953",2953,"2952, 2753, 2852, 9689, 3747, 6704, 3054, 2955, 3052, 3310, 8006, 3053, 2954",13
"2954",2954,"2632, 2953, 2754, 2855, 9666, 3154, 3055, 2956, 3053, 8093, 6089",11
"2955",2955,"2855, 2755, 2856, 2953, 2563, 3155, 3056, 2957, 6880, 3055, 2956",11
"2956",2956,"974, 2856, 2955, 2756, 2855, 2857, 2954, 7434, 3156, 3057, 2958, 3055, 3056",13
"2957",2957,"2857, 2757, 2856, 2858, 2955, 1165, 3157, 2959, 3057, 2958, 8886",11
"2958",2958,"2957, 2758, 2857, 2859, 2956, 4178, 3158, 3059, 2960, 3057, 3058, 2959",12
"2959",2959,"2859, 2958, 2759, 2858, 2860, 2957, 6510, 3159, 3060, 2961, 3058, 8363, 6000, 3059, 2960",15
"2960",2960,"388, 2860, 2959, 933, 2760, 2859, 2861, 2958, 2742, 8838, 3160, 3061, 2962, 3059, 2961",15
"2961",2961,"2861, 2960, 2862, 2959, 3974, 3161, 3062, 3060, 3061, 2962",10
"2962",2962,"2862, 2961, 2488, 2762, 2861, 2863, 2960, 3162, 3063, 2964, 3061, 3062",12
"2963",2963,"2863, 2202, 2804, 2950, 2862, 2864, 8244, 5917, 2965, 3062, 5271, 3063, 2964",13
"2964",2964,"2864, 2963, 2863, 2865, 2962, 5545, 3164, 3065, 2966, 3064",10
"2965",2965,"2865, 2681, 2765, 2804, 2864, 2866, 2963, 3165, 3066, 2967, 3065, 2966",12
"2966",2966,"2866, 2965, 2766, 2865, 2867, 2964, 3433, 3166, 3067, 2968, 3065, 5637, 3066, 2967",14
"2967",2967,"2867, 2966, 2354, 2866, 2868, 2965, 3167, 3068, 5411, 7651, 3067, 2968",12
"2968",2968,"2868, 2967, 2867, 2869, 2966, 8669, 9293, 8943, 3168, 3069, 2970, 3067, 3068",13
"2969",2969,"2422, 2869, 2769, 2868, 2870, 6328, 3070, 2971, 3068, 3069, 2970, 8832",12
"2970",2970,"2969, 2770, 2869, 2871, 2968, 5928, 3170, 3071, 2972, 3069, 2971",11
"2971",2971,"2871, 2459, 2771, 2872, 2969, 2970, 9053, 7171, 3171, 2973, 3070, 8546, 3071, 2972",14
"2972",2972,"2682, 2971, 985, 2871, 2970, 3172, 3073, 2974, 3071, 7718, 3072, 2973",12
"2973",2973,"2873, 2972, 2874, 2971, 3074, 2975, 3072, 3073, 2974",9
"2974",2974,"2874, 2973, 2774, 2873, 2875, 2972, 8365, 3754, 3174, 3075, 2976, 3073, 3074",13
"2975",2975,"2875, 2775, 2874, 2876, 2973, 5535, 3076, 2977, 3074, 3075, 2976, 6827",12
"2976",2976,"2876, 2975, 2776, 2875, 2877, 2974, 3176, 3077, 2978, 3075, 4806, 3076, 2977",13
"2977",2977,"2877, 2976, 2777, 2876, 2878, 2975, 5403, 3177, 3078, 2979, 3076, 3077, 2978",13
"2978",2978,"2878, 2977, 2877, 2879, 2976, 9675, 3178, 9107, 2980, 3077, 3078, 4534",12
"2979",2979,"2879, 2779, 2878, 2880, 2977, 1932, 8119, 4870, 3179, 3080, 3078, 3481, 3079, 3578",14
"2980",2980,"2880, 2780, 2879, 2881, 2978, 3180, 3081, 3079, 5067, 3080, 2981",11
"2981",2981,"148, 2980, 2781, 2882, 3181, 3082, 2983, 3080, 3586, 3081, 2982",11
"2982",2982,"2882, 2981, 2782, 2881, 2883, 723, 3182, 3083, 4763, 3081, 3082",11
"2983",2983,"2883, 2825, 2783, 2882, 2884, 2981, 3183, 2985, 3082, 8561, 3083, 2984, 5315",13
"2984",2984,"2884, 2983, 2784, 2883, 3184, 3085, 2986, 3083, 4287, 3084, 2985",11
"2985",2985,"2885, 2984, 2785, 2884, 2886, 2983, 3185, 3086, 9307, 3085, 2986",11
"2986",2986,"2985, 2786, 2885, 2887, 2984, 6220, 3186, 3087, 2988, 3085, 3086, 2987",12
"2987",2987,"2887, 2986, 2787, 2886, 2888, 2221, 9158, 5974, 2989, 3086, 3087, 2988",12
"2988",2988,"2888, 2987, 2788, 2887, 2889, 2986, 7513, 3089, 2990, 3087, 5851, 4325, 3088, 2989",14
"2989",2989,"2889, 2988, 2789, 2888, 2890, 2987, 2933, 5672, 2991, 3088, 3089, 2990",12
"2990",2990,"2890, 2989, 2790, 2891, 2988, 2889, 7150, 3190, 3091, 2992, 3089, 6698, 3090, 2991",14
"2991",2991,"2891, 2990, 2791, 2890, 1052, 2989, 3960, 3191, 3092, 2993, 3090, 3091, 2992",13
"2992",2992,"2892, 2991, 2792, 2893, 2990, 2891, 3093, 3091, 7106, 3092, 2993",11
"2993",2993,"2893, 2992, 2894, 2991, 3193, 3094, 2995, 3092, 5690, 2994",10
"2994",2994,"2894, 2794, 2895, 1136, 2993, 6750, 5082, 2996, 3094, 2995",10
"2995",2995,"2895, 2994, 2795, 2894, 2896, 2993, 3195, 3096, 2997, 3094",10
"2996",2996,"2896, 2796, 2895, 2897, 2994, 3196, 3097, 2998, 3095, 8242, 3096, 5175",12
"2997",2997,"2897, 2376, 2797, 2896, 2995, 6368, 3197, 3098, 2999, 3096, 3097, 2998",12
"2998",2998,"2898, 2997, 1478, 2798, 2897, 2899, 2996, 705, 6629, 3000, 3097, 3345, 3098, 2999",14
"2999",2999,"2998, 2799, 2898, 2997, 3199, 3100, 3099, 3473, 7352",9
"3000",3000,"2900, 2873, 2800, 2899, 2998, 4868, 9568, 3100",8
"3001",3001,"2901, 2801, 2902, 8412, 3102, 3003, 4366, 9137, 3002",9
"3002",3002,"2902, 3001, 2802, 2903, 2159, 1425, 3202, 3103, 3101, 3102",10
"3003",3003,"2903, 2093, 2803, 2904, 3001, 5729, 3203, 3104, 3102, 9477, 3004",11
"3004",3004,"2904, 3003, 2035, 2804, 2903, 2905, 3204, 3105, 3006, 3103, 8056, 3104, 3005",13
"3005",3005,"2905, 3004, 1877, 2805, 2904, 2906, 3205, 3106, 4907, 3104, 9016, 3105, 3006",13
"3006",3006,"2906, 3005, 2806, 2905, 3004, 3206, 3107, 3008, 3105, 3106, 3007",11
"3007",3007,"2907, 3006, 2807, 2906, 2908, 3207, 3108, 3009, 3106, 3107",10
"3008",3008,"2908, 1197, 2808, 2907, 2909, 3006, 4863, 3208, 3010, 3107, 3108, 3009",12
"3009",3009,"2909, 3008, 2809, 2908, 2910, 3007, 7810, 4063, 3209, 3110, 3011, 6267, 5580, 3109, 3010",15
"3010",3010,"2910, 3009, 2810, 2909, 2911, 3008, 3210, 3111, 3012, 3109, 3110, 3011",12
"3011",3011,"2911, 3010, 2811, 2912, 3009, 3211, 3112, 3013, 3110, 5620, 3111, 3297",12
"3012",3012,"2912, 1541, 2812, 2911, 3010, 5381, 4344, 3212, 3113, 3014, 3111, 7632, 3112, 3013",14
"3013",3013,"3012, 2813, 2912, 2914, 3011, 6822, 6275, 3114, 3015, 3112, 9892, 3113",12
"3014",3014,"2914, 711, 2814, 2913, 3012, 3214, 3115, 3113, 4952, 3114, 3015, 3804",12
"3015",3015,"2915, 3014, 2815, 2914, 2916, 3013, 2546, 3215, 3116, 4692, 3115, 3016",12
"3016",3016,"2732, 2916, 3015, 2816, 2915, 2917, 5374, 3117, 6691, 3115, 7054, 3116, 3017",13
"3017",3017,"2917, 3016, 2817, 2916, 2918, 3769, 3217, 3118, 3116, 3117, 3018",11
"3018",3018,"3017, 2818, 2917, 247, 8344, 4879, 3218, 3020, 3117, 3019",10
"3019",3019,"1833, 2919, 3018, 381, 2641, 2819, 2918, 2920, 1455, 3021, 3118, 3119, 3020",13
"3020",3020,"2529, 3019, 3018, 6571, 3376, 3220, 3022, 3119, 6706, 3120, 4335",11
"3021",3021,"2921, 2939, 2821, 2920, 2922, 3019, 3221, 3122, 3023, 3120, 5207, 3022",12
"3022",3022,"1291, 2922, 3021, 2923, 3020, 3222, 3123, 3024, 3121, 6458, 3122, 3023",12
"3023",3023,"3022, 2823, 2924, 3021, 2159, 7171, 3025, 3122, 3058, 8319, 4994, 3123, 3024",13
"3024",3024,"2924, 3023, 2824, 2923, 2925, 3022, 1964, 3224, 3125, 3026, 3123, 3124",12
"3025",3025,"2825, 2926, 3023, 2924, 3168, 3225, 3027, 3124, 3026",9
"3026",3026,"2926, 2826, 2925, 2927, 3024, 3025, 6665, 3226, 3127, 4516, 3125, 6069, 3027",13
"3027",3027,"2927, 3026, 2827, 2926, 2928, 3025, 2702, 5679, 3029, 3126, 9407, 3127",12
"3028",3028,"2928, 2828, 2929, 2927, 8648, 7086, 3228, 3129, 3030, 7174, 3140, 3029",12
"3029",3029,"2929, 3028, 2829, 2930, 3027, 3229, 3130, 3031, 3128, 3030",10
"3030",3030,"2188, 332, 2929, 3028, 3029, 9734, 7573, 3131, 9104, 3129, 8498, 4026, 3130, 3031",14
"3031",3031,"1455, 2931, 3030, 2531, 2831, 2657, 2932, 3029, 6856, 3231, 3132, 3033, 3130, 3131, 3032",15
"3032",3032,"2713, 2932, 3031, 2696, 2931, 2933, 3034, 3131, 3132, 3033",10
"3033",3033,"2933, 3032, 2833, 3031, 6476, 3233, 3134, 3132, 5347, 3133, 3034",11
"3034",3034,"2934, 3033, 2935, 3032, 2933, 6116, 3234, 3135, 3036, 9852, 3219, 3035",12
"3035",3035,"3034, 2934, 2936, 5834, 3906, 3136, 9743, 3135, 3036, 4242",10
"3036",3036,"546, 3035, 1796, 2836, 2064, 2937, 3034, 3137, 3038, 3135, 3136, 3037",12
"3037",3037,"2336, 2937, 3036, 2837, 2936, 2938, 3237, 3138, 3039, 3136, 7896, 3137, 3038",13
"3038",3038,"3037, 2838, 2937, 2939, 3036, 3238, 3139, 3040, 3137, 3138, 3039",11
"3039",3039,"2939, 3038, 2839, 2938, 2940, 3037, 2124, 3568, 3239, 3041, 3138, 3139, 3040",13
"3040",3040,"2940, 3039, 2840, 2939, 2941, 3038, 3240, 3141, 3042, 3140",10
"3041",3041,"2941, 1737, 2841, 2940, 2942, 3039, 3241, 3142, 3043, 5459, 3141, 3042",12
"3042",3042,"2942, 3041, 2842, 2941, 3040, 9378, 5099, 3143, 3044, 3141, 3043",11
"3043",3043,"2943, 2843, 2942, 2944, 3041, 3042, 3243, 7188, 3045, 5776",10
"3044",3044,"2944, 2844, 3042, 3244, 3145, 3046, 3143, 3144, 7141",9
"3045",3045,"2945, 2944, 2946, 3043, 5764, 3245, 3047, 3144, 3145, 3046, 8459",11
"3046",3046,"2946, 3045, 2846, 2945, 2947, 3044, 3246, 3147, 3048, 3145, 3146, 3047",12
"3047",3047,"2947, 3046, 2847, 2946, 2948, 3045, 3247, 3148, 3049, 3146, 7172, 3147, 3048",13
"3048",3048,"2948, 3047, 2848, 2949, 3046, 3248, 3050, 3147, 3148, 3049",10
"3049",3049,"549, 1233, 2949, 3048, 2649, 2948, 2950, 3047, 3833, 3249, 3150, 3051, 7459, 3149, 3050",15
"3050",3050,"2950, 3049, 984, 2850, 2949, 3048, 8870, 3250, 3151, 3052, 3149, 3051",12
"3051",3051,"2951, 2950, 2952, 3049, 3050, 3251, 3152, 3053, 3150, 3052",10
"3052",3052,"2952, 2852, 2951, 2953, 3050, 3051, 5005, 3252, 3153, 3054, 3151, 3053",12
"3053",3053,"1588, 2953, 264, 2853, 2954, 3051, 2442, 2952, 3052, 3253, 3154, 3152, 9010, 3153, 3054",15
"3054",3054,"3053, 1552, 2854, 2953, 3052, 9212, 5402, 9454, 3926, 3155, 3056, 3153, 4406, 3154, 3055",15
"3055",3055,"2955, 3054, 624, 2855, 2954, 2956, 8833, 3255, 3057, 3154, 3227, 3155, 3056",13
"3056",3056,"2956, 3055, 2856, 2955, 3054, 5755, 7374, 3256, 3157, 3156, 7343",11
"3057",3057,"2957, 2857, 2956, 2958, 3055, 1541, 6072, 3257, 3158, 3156, 7304, 3157, 3058",13
"3058",3058,"2958, 3057, 2858, 3023, 2959, 5510, 3258, 3159, 3060, 3157, 6762, 9589, 3158, 3059",14
"3059",3059,"2959, 3058, 1749, 2859, 2958, 2960, 745, 717, 2128, 1063, 3259, 3160, 3159",13
"3060",3060,"2860, 2959, 2961, 3058, 940, 3161, 3062, 3159, 3160, 3061",10
"3061",3061,"2961, 3060, 2960, 2962, 1772, 3685, 5776, 3161",8
"3062",3062,"2962, 1086, 2862, 2961, 2963, 3060, 1802, 8956, 5079, 3262, 3163, 3064, 3161, 3063",14
"3063",3063,"2963, 3062, 2863, 2962, 9331, 3263, 3164, 3065, 3162, 8324, 3163, 3064",12
"3064",3064,"2964, 3063, 2940, 2864, 1403, 3062, 4856, 3264, 3165, 3066, 3163, 3164, 3065",13
"3065",3065,"2965, 3064, 2865, 2964, 2966, 3063, 7219, 3265, 3166, 5468, 3164, 3165, 3066",13
"3066",3066,"2966, 3065, 2866, 2965, 3064, 3266, 3167, 3068, 3165, 3166, 3067",11
"3067",3067,"2967, 3066, 2867, 2966, 2968, 3267, 3168, 3069, 3166, 3167, 3068",11
"3068",3068,"2968, 3067, 2967, 2969, 3066, 6506, 3268, 3169, 3167, 3168, 9446",11
"3069",3069,"2969, 2869, 2968, 2970, 3067, 3269, 3170, 3071, 3168, 3169",10
"3070",3070,"2969, 2971, 5308, 8502, 7877, 3171, 3072, 3169, 3170, 3071",10
"3071",3071,"2971, 3070, 2970, 2972, 3069, 4297, 3305, 3271, 3172, 7144, 3170, 3171, 3072",13
"3072",3072,"2110, 2972, 3071, 2872, 2973, 3070, 3272, 3173, 3074, 3171, 9724, 3172, 3073",13
"3073",3073,"2973, 3072, 805, 2873, 2972, 2974, 3174, 3075, 3172, 3173",10
"3074",3074,"2367, 2974, 2874, 2975, 3072, 2973, 3274, 3175, 3076, 3174, 3075, 5210",12
"3075",3075,"2975, 3074, 2875, 2974, 2976, 3073, 3275, 3176, 3077, 3174, 3175, 3076",12
"3076",3076,"2976, 3075, 2876, 2975, 2977, 3074, 921, 5825, 4907, 3276, 3078, 3175, 3176, 3077",14
"3077",3077,"2977, 3076, 2752, 2877, 2976, 2978, 3075, 5658, 3178, 3079, 3176, 3177, 3078",13
"3078",3078,"2978, 3077, 593, 1390, 1492, 1892, 2878, 2977, 2979, 3076, 5710, 3278, 3179, 3080, 3177, 3178, 3079",17
"3079",3079,"2979, 3078, 2879, 2980, 3077, 3947, 3279, 3180, 3081, 3178, 3179, 3080",12
"3080",3080,"2980, 3079, 2880, 2979, 2981, 3078, 3280, 3179, 5889, 3180",10
"3081",3081,"791, 2981, 2881, 2980, 2982, 3079, 9388, 3281, 3182, 3083, 3180, 3181, 3082, 8791",14
"3082",3082,"2982, 3081, 2882, 2981, 2983, 1409, 9414, 8193, 3183, 3084, 3181, 8850, 3083",13
"3083",3083,"2983, 3082, 2883, 2982, 2984, 3081, 3283, 3184, 3085, 3182, 3084",11
"3084",3084,"2984, 3083, 2884, 3082, 9160, 5511, 3284, 3185, 6586, 3184, 4364",11
"3085",3085,"2985, 2885, 2984, 2986, 3083, 3285, 5828, 3087, 3184, 3657, 3086",11
"3086",3086,"2986, 3085, 2985, 2987, 3286, 3187, 3088, 3186, 3087",9
"3087",3087,"2987, 3086, 2887, 2986, 2988, 3085, 5501, 8156, 3188, 3089, 3186, 3187, 3088",13
"3088",3088,"2988, 3087, 1430, 2888, 2989, 3086, 3288, 3189, 3090, 3187, 3089",11
"3089",3089,"2989, 2988, 2990, 3087, 3088, 3812, 7689, 7372, 9761, 3091, 3188, 3189, 3090",13
"3090",3090,"2990, 3089, 2890, 401, 2991, 3088, 3290, 4885, 3092, 3189, 3190, 4120",12
"3091",3091,"2991, 2990, 2992, 3089, 8850, 3291, 4339, 3093, 5771, 5186, 3191, 3092",12
"3092",3092,"2992, 3091, 2892, 2991, 2993, 3090, 3292, 3193, 3094, 3191, 6820, 3192",12
"3093",3093,"1946, 2893, 1668, 3091, 2992, 9452, 3293, 3095, 3192, 3193, 3094, 3183",12
"3094",3094,"2994, 3093, 2894, 2993, 2995, 3092, 6133, 3294, 3195, 3096, 3193, 3194, 3095",13
"3095",3095,"1935, 3094, 2895, 2996, 3093, 3745, 4255, 3295, 3196, 3097, 3194, 3195, 3096",13
"3096",3096,"2996, 3095, 2896, 2995, 2997, 3094, 3296, 3197, 3098, 3195, 5046, 3196, 3097",13
"3097",3097,"2997, 3096, 2897, 2996, 2998, 3095, 3297, 3198, 3099, 3196, 3197",11
"3098",3098,"2998, 749, 2548, 2898, 2997, 3096, 3298, 3199, 3100, 4795, 3198, 3099",12
"3099",3099,"2999, 3098, 2106, 2899, 3097, 3200, 3198, 9031, 6503, 3100",10
"3100",3100,"3000, 3099, 495, 2999, 3098, 9661, 3199, 3200",8
"3101",3101,"3002, 4774, 5512, 6049, 3103, 3201, 3102",7
"3102",3102,"3002, 3101, 942, 2902, 3001, 3003, 3302, 3203, 3104, 3201, 3202, 3103",12
"3103",3103,"3102, 47, 3002, 3004, 3101, 7821, 3204, 3105, 3202, 5887, 6030, 3104",12
"3104",3104,"3004, 3103, 2904, 3003, 3005, 3102, 722, 7339, 3304, 3205, 7302, 3203, 3105",13
"3105",3105,"2692, 3005, 3104, 2905, 3004, 3006, 3103, 3206, 3107, 3205, 3106",11
"3106",3106,"3006, 3105, 2115, 2906, 3005, 3007, 2074, 3207, 3108, 3205, 3206",11
"3107",3107,"3007, 3006, 3008, 3105, 8750, 3307, 3208, 3109, 3206, 3760, 3207, 3108, 9849",13
"3108",3108,"479, 3008, 3107, 2679, 2908, 3007, 3106, 6519, 9809, 5980, 3949, 3308, 3209, 6742, 3207, 4761, 4719",17
"3109",3109,"3009, 2909, 3010, 3107, 7527, 5375, 3111, 3208, 9355, 3209, 3110, 5197",12
"3110",3110,"3010, 3109, 2910, 3009, 3011, 3310, 3211, 3112, 3209, 3210, 3111",11
"3111",3111,"3011, 3110, 3010, 3012, 3109, 2382, 3311, 3212, 3210, 7836, 3211, 3112",12
"3112",3112,"3012, 3111, 2912, 3011, 3013, 3110, 9154, 3213, 3114, 3211, 7263",11
"3113",3113,"3013, 2913, 3012, 3014, 3313, 3214, 3115, 3798, 3213, 7840",10
"3114",3114,"3014, 1332, 2914, 3112, 3013, 4912, 4338, 3314, 3215, 3116, 5445, 3214, 5653",13
"3115",3115,"3015, 2915, 3014, 3016, 3113, 3315, 3216, 3214, 3215, 3116, 4243",11
"3116",3116,"2812, 3016, 3115, 2916, 3015, 3017, 3114, 3316, 3217, 3118, 3215, 3216, 3117",13
"3117",3117,"3017, 3116, 2917, 3016, 3018, 7120, 3716, 3317, 3218, 3119, 3216, 8837, 5484, 3118",14
"3118",3118,"3117, 2918, 3017, 3019, 3116, 3318, 3219, 3120, 3218, 3119",10
"3119",3119,"3019, 3118, 3020, 3117, 8926, 3598, 3121, 3218, 4879, 3219, 3120",11
"3120",3120,"3020, 3119, 2920, 3021, 3118, 5736, 3320, 3221, 3122, 3219, 4066, 3220, 3121",13
"3121",3121,"813, 3120, 2921, 3022, 3119, 4112, 3321, 3222, 3123, 3220, 9406, 7263",12
"3122",3122,"3022, 2922, 3021, 3023, 3120, 8010, 6138, 3322, 3223, 3124, 3222, 3123",12
"3123",3123,"1837, 3023, 3122, 1559, 2447, 2923, 3022, 3024, 3121, 3323, 3224, 3125, 3222, 3196, 3223",15
"3124",3124,"3024, 1634, 2741, 3025, 3122, 1844, 8911, 3324, 3225, 3223, 4998, 3224, 3125, 9196",14
"3125",3125,"3124, 2925, 3024, 3026, 3123, 8028, 3325, 3226, 3225",9
"3126",3126,"2004, 3027, 9168, 3364, 3326, 3128, 3225, 3226, 4474",9
"3127",3127,"3027, 475, 3026, 529, 636, 4119, 4792, 3327, 8351, 7173, 3226, 3227, 3128",13
"3128",3128,"3127, 2928, 3029, 3126, 9218, 3548, 3229, 3130, 3227, 8818, 3228, 3129",12
"3129",3129,"3128, 2929, 3028, 3030, 3865, 3329, 3131, 3228, 3229, 3130",10
"3130",3130,"3030, 3129, 782, 2930, 3029, 3031, 3128, 3330, 3231, 3132, 3229, 3230, 3131",13
"3131",3131,"3031, 3130, 2931, 3030, 3032, 3129, 3354, 3331, 6715, 3231",10
"3132",3132,"3032, 2932, 3031, 3130, 3033, 6132, 3425, 3332, 3231, 3232, 3133, 9803",12
"3133",3133,"2811, 3033, 3132, 9812, 9025, 7382, 3333, 3234, 3135, 8998, 7663, 4748, 3233, 3134",14
"3134",3134,"3133, 2934, 3033, 3334, 3235, 3136, 3233, 6618, 3234, 3135",10
"3135",3135,"3035, 3134, 2935, 3034, 3036, 3133, 3335, 3236, 3137, 3234, 4136, 3235, 3136",13
"3136",3136,"1623, 3036, 3135, 2936, 3035, 3037, 3134, 3336, 5842, 3138, 3235, 7735, 3236, 3137",14
"3137",3137,"3037, 3136, 3038, 3135, 3036, 7963, 4171, 3337, 3238, 3139, 3236, 3237, 3138",13
"3138",3138,"3038, 3137, 2938, 3037, 3039, 3136, 9916, 7766, 3338, 3239, 3140, 3237, 3238, 3139",14
"3139",3139,"3039, 3138, 3038, 3137, 6211, 8224, 3339, 3240, 3141, 3238, 3239, 3140",12
"3140",3140,"3028, 3040, 3139, 2940, 3138, 2478, 3340, 3241, 3239, 3240, 3141",11
"3141",3141,"3041, 3140, 2941, 3040, 3042, 3139, 9152, 7926, 3341, 3242, 3143, 3240, 6707, 3241, 3142",15
"3142",3142,"640, 3141, 2942, 3041, 3342, 3243, 5336, 3241, 3242, 3143",10
"3143",3143,"3142, 2943, 3042, 3044, 3141, 2669, 3244, 3145, 3242, 3249, 3144",11
"3144",3144,"3044, 458, 2944, 3045, 1667, 3143, 3245, 3397, 3243, 3244, 3145",11
"3145",3145,"3045, 3144, 2945, 3044, 3046, 3143, 8609, 3345, 3246, 3147, 9276, 3245, 3146",13
"3146",3146,"3046, 3145, 2946, 3047, 3346, 3247, 3148, 3245, 4471, 3246, 4457",11
"3147",3147,"3047, 2947, 3046, 3048, 3145, 3347, 3248, 3149, 3246, 3247, 3148",11
"3148",3148,"3048, 3147, 2948, 3047, 2158, 3146, 2328, 3313, 3348, 8321, 3248, 3149",12
"3149",3149,"3049, 3148, 2949, 1486, 3050, 3147, 3349, 3250, 3151, 3248, 3150",11
"3150",3150,"2950, 3049, 3051, 750, 3149, 9006, 3605, 3249, 3151",9
"3151",3151,"3150, 2951, 3050, 3052, 3149, 9631, 5755, 3351, 3252, 3153, 3250, 3251, 3152",13
"3152",3152,"3151, 3051, 3053, 4986, 6322, 3352, 3253, 3154, 3251, 3252, 3968",11
"3153",3153,"3053, 3052, 3054, 3151, 8060, 3353, 9865, 3155, 3252, 3253, 3154",11
"3154",3154,"3054, 3153, 2954, 3053, 3055, 3152, 2327, 3354, 3253, 3254, 3155",11
"3155",3155,"3055, 3154, 2955, 3054, 3153, 4249, 3355, 3256, 3157, 3254, 7682, 3255, 3156",13
"3156",3156,"3056, 3155, 2956, 3057, 9434, 3356, 3257, 3158, 3255, 4173, 3256, 3157",12
"3157",3157,"3057, 3156, 2957, 3056, 3058, 3155, 3357, 3258, 3159, 3256, 8343, 3257",12
"3158",3158,"3058, 2958, 3057, 3156, 5975, 3358, 3259, 3160, 3257, 6418, 3258, 6744, 4573",13
"3159",3159,"3059, 1136, 2959, 3058, 3060, 3157, 3921, 3260, 3161, 3258, 7761, 3160",12
"3160",3160,"3060, 3159, 2960, 3059, 3158, 3261, 3162",7
"3161",3161,"3061, 2961, 3060, 3062, 3159, 6611, 3361, 3262, 3163, 8739, 3261, 8371",12
"3162",3162,"2962, 3063, 3160, 164, 7347, 3992, 3362, 3263, 7969, 4067, 3262, 3163, 4289",13
"3163",3163,"3063, 3162, 3062, 3064, 3161, 3363, 3264, 3165, 3262, 3263, 3164",11
"3164",3164,"3064, 3163, 1205, 2964, 3063, 3065, 3410, 3364, 3265, 3166, 3263, 3264, 3165",13
"3165",3165,"838, 3065, 3164, 2196, 2965, 3064, 3066, 3163, 7180, 3264, 3265, 3166",12
"3166",3166,"3066, 3165, 2966, 3065, 3067, 3164, 1868, 6112, 3366, 3267, 3168, 3266, 3167",13
"3167",3167,"2466, 3067, 3166, 2967, 3066, 3068, 3367, 3169, 3266, 3267, 3168",11
"3168",3168,"3167, 1690, 2968, 3067, 3069, 3166, 3025, 3068, 9379, 3368, 3170, 3268, 3169",13
"3169",3169,"3069, 3168, 3068, 3070, 3167, 3369, 3171, 3268, 9558, 3170",10
"3170",3170,"1313, 3070, 3169, 2970, 3069, 3071, 3168, 2891, 3370, 3271, 3172, 3269, 6343, 3270",14
"3171",3171,"3071, 2534, 2971, 3070, 3072, 3169, 3371, 3272, 3173, 3271, 3172",11
"3172",3172,"3072, 3171, 2972, 3071, 3073, 3170, 3372, 3273, 3174, 3271, 3272, 3173",12
"3173",3173,"3073, 3172, 3072, 3171, 2679, 8241, 7725, 3274, 3175, 3272, 3273, 3174",12
"3174",3174,"3074, 3173, 2974, 3075, 3172, 3073, 8084, 7844, 3374, 3275, 3176, 3273, 3274, 3175",14
"3175",3175,"3075, 3174, 1417, 545, 3074, 3076, 3173, 3276, 6565, 3274, 4129, 3275, 3176",13
"3176",3176,"2437, 3076, 3175, 880, 2234, 2976, 3075, 3077, 3174, 3376, 3277, 3178, 3275, 3177",14
"3177",3177,"3077, 3176, 2977, 533, 3078, 7286, 3377, 3278, 3179, 3276, 3277, 3178",12
"3178",3178,"3078, 3177, 2978, 3077, 3079, 3176, 8089, 3378, 3279, 3180, 3277, 5861, 3278, 3179",14
"3179",3179,"2623, 3079, 3178, 2979, 3078, 3080, 3177, 3379, 3280, 3181, 3278, 3180",12
"3180",3180,"3080, 2980, 3079, 3081, 3178, 3179, 3257, 3281, 3182, 3280, 3181",11
"3181",3181,"3081, 3180, 2981, 3082, 3179, 2889, 3381, 3282, 3280, 9768, 9859, 3602, 3281, 3182",14
"3182",3182,"2404, 3181, 2982, 3081, 3083, 3180, 230, 6157, 8613, 3382, 3283, 3184, 3281, 3282",14
"3183",3183,"2832, 250, 3093, 2983, 3082, 5396, 4548, 3383, 3284, 3185, 3282, 7472, 3184",13
"3184",3184,"3084, 1913, 2984, 3083, 3085, 3182, 3183, 3384, 3285, 3186, 3283",11
"3185",3185,"2985, 3084, 3183, 745, 3385, 3286, 3187, 3284, 3285, 3186",10
"3186",3186,"3086, 3185, 2986, 3087, 3184, 3386, 3287, 3188, 3285, 5950, 3286",11
"3187",3187,"3087, 3086, 3088, 3185, 6520, 3387, 3288, 3189, 3286, 3287, 3188, 6123",12
"3188",3188,"3187, 181, 3087, 3089, 3186, 548, 3355, 3388, 3289, 3190, 3287, 3288, 3189",13
"3189",3189,"3089, 3188, 3088, 3090, 3187, 3389, 3290, 3191, 3288, 3289",10
"3190",3190,"3090, 2990, 3188, 8396, 3291, 3192, 3289, 7148, 9364, 3290, 3191, 3258",12
"3191",3191,"3091, 3190, 2991, 3092, 3189, 9100, 3292, 3193, 3290, 9791, 3291, 3192",12
"3192",3192,"3092, 3191, 3093, 3190, 6940, 3392, 3293, 3194, 3291, 3292, 3193",11
"3193",3193,"3093, 3192, 2993, 3092, 3094, 3191, 4417, 3393, 3294, 3195, 3292, 3293, 5458",13
"3194",3194,"3094, 1285, 3095, 3192, 3394, 3295, 3196, 3293, 4130, 4285, 3294, 6514",12
"3195",3195,"3095, 2257, 2995, 3094, 3096, 3193, 3395, 3294, 3196",9
"3196",3196,"3096, 2996, 3095, 3097, 3194, 3123, 3195, 8281, 3396, 3297, 3198, 3295, 4113",13
"3197",3197,"1435, 3097, 863, 2997, 3096, 1137, 4938, 3397, 3298, 3199, 4420, 3297, 3198",13
"3198",3198,"3098, 3197, 3097, 3099, 3196, 3398, 3299, 3200, 3297, 3298, 3199",11
"3199",3199,"3198, 2698, 2999, 3098, 3100, 3197, 3399, 3300, 3299, 3200",10
"3200",3200,"3100, 3199, 3198, 3099, 7451, 3400, 3299",7
"3201",3201,"3101, 3102, 3540, 3302, 3203, 4995, 3301, 3202",8
"3202",3202,"3102, 3201, 3002, 3103, 3402, 3303, 3204, 3301, 6825, 3302, 3203",11
"3203",3203,"3202, 3003, 3102, 3104, 3201, 8445, 3944, 3403, 9540, 3205, 3302, 9017, 7134, 3303, 3204",15
"3204",3204,"3203, 1556, 3004, 1187, 3202, 3103, 3661, 3404, 4997, 3303, 3304, 3205",12
"3205",3205,"3105, 3204, 3005, 3104, 3106, 3203, 3405, 5697, 3207, 3305, 3206",11
"3206",3206,"3106, 3205, 3006, 3105, 3107, 3406, 5915, 3305, 3306, 3207",10
"3207",3207,"3107, 3206, 3007, 3106, 3108, 3205, 3407, 3308, 3209, 3306, 4261, 3307, 9243",13
"3208",3208,"3008, 3107, 3109, 3408, 3309, 3210, 3307, 3355, 3308, 3209",10
"3209",3209,"3109, 3208, 3009, 3108, 3110, 3207, 3904, 3409, 3310, 3211, 3308, 3309, 3210",13
"3210",3210,"3110, 3209, 3010, 3111, 3208, 3410, 3311, 3212, 3309, 3310, 3211",11
"3211",3211,"3111, 3210, 3011, 3110, 3112, 3209, 9272, 3411, 3312, 3213, 3310, 9327, 9320, 7268",14
"3212",3212,"945, 3012, 3111, 3210, 2092, 3412, 3313, 3214, 6985, 3312",10
"3213",3213,"3113, 3112, 3211, 8041, 4088, 3413, 5716, 3215, 3312, 3313, 3214, 3666",12
"3214",3214,"3114, 3213, 3014, 3113, 3115, 3212, 5694, 4517, 3414, 3315, 3216, 3314, 3215",13
"3215",3215,"365, 3115, 3214, 3015, 3114, 3116, 3213, 2284, 3316, 3314, 6808, 3315",12
"3216",3216,"3116, 3115, 3117, 3214, 8907, 3416, 3218, 3315, 3316",9
"3217",3217,"1513, 3017, 3116, 4431, 3417, 3318, 3219, 3316, 3375, 3317, 3218",11
"3218",3218,"3118, 3217, 3018, 3117, 3119, 3216, 3418, 3319, 3220, 3317, 3318, 3219",12
"3219",3219,"3034, 3119, 3218, 3118, 3120, 3217, 7503, 9581, 3419, 3320, 3221, 3318, 7839",13
"3220",3220,"3120, 2061, 3020, 3121, 3218, 8741, 4189, 3420, 3321, 3222, 3663, 3221, 8297",13
"3221",3221,"270, 3021, 3120, 3219, 3220, 8899, 3421, 3322, 3223, 3321, 3222",11
"3222",3222,"3122, 3221, 1873, 3022, 3121, 3123, 3220, 3422, 3323, 3224, 3321, 8905, 3322, 3223",14
"3223",3223,"3123, 3222, 3122, 3124, 3221, 3423, 3324, 3225, 3322, 3323, 3224",11
"3224",3224,"3124, 3223, 3024, 3123, 3222, 4068, 3424, 3325, 3226, 3323, 3324, 3225",12
"3225",3225,"3125, 3224, 3025, 3124, 3126, 3223, 3425, 3326, 3227, 3324, 3325, 3226",12
"3226",3226,"3126, 3225, 513, 2736, 3026, 3125, 3127, 3224, 9014, 3426, 3327, 3228, 3325, 3901, 3326, 3227",16
"3227",3227,"3127, 3226, 3055, 3128, 3225, 3427, 3328, 3229, 3326, 8048, 3327, 3228",12
"3228",3228,"3128, 3227, 3028, 3129, 3226, 3428, 3329, 3230, 3327, 6799, 3328, 3229",12
"3229",3229,"3129, 3228, 1894, 3029, 3130, 3227, 3128, 3429, 3330, 3231, 3328, 3329, 3230",13
"3230",3230,"3130, 3229, 1845, 787, 2147, 3228, 1027, 3430, 3331, 3329, 3330, 3231",12
"3231",3231,"3131, 3230, 3031, 3130, 3132, 3229, 1349, 6815, 3332, 3233, 3330, 5977, 3331, 3232",14
"3232",3232,"3132, 3231, 1660, 4443, 5516, 8745, 6979, 3234, 3331, 3332, 3233",11
"3233",3233,"3133, 3232, 2437, 3033, 2320, 3134, 3231, 3433, 3334, 3235, 3332, 7970, 3333",13
"3234",3234,"3134, 3034, 3133, 3135, 3232, 9542, 6008, 3434, 3335, 3236, 3333, 3334, 3235, 6234",14
"3235",3235,"3135, 3234, 3134, 3136, 3233, 3435, 3336, 3237, 3334, 3328, 3335, 3236",12
"3236",3236,"3136, 3235, 3135, 3137, 3234, 4384, 3436, 3337, 3238, 3335, 3336",11
"3237",3237,"3137, 1682, 3037, 3138, 3235, 3437, 3338, 4252, 3336, 3337, 3238",11
"3238",3238,"3138, 3237, 3038, 3137, 3139, 3236, 3438, 3339, 3337, 3338, 3239",11
"3239",3239,"3139, 3238, 3039, 3138, 3140, 9338, 9135, 3439, 3340, 3241, 9573, 7873, 3339, 3240",14
"3240",3240,"3140, 3239, 1085, 3040, 3139, 3141, 4127, 9190, 3341, 3339, 8896, 3340, 3241",13
"3241",3241,"3141, 3240, 3041, 3140, 3142, 3239, 3441, 3342, 3243, 3340, 3341, 3242",12
"3242",3242,"3142, 3241, 3141, 3143, 2127, 6195, 3244, 3341, 6543, 3342, 3243",11
"3243",3243,"3242, 3043, 3142, 3144, 3241, 9717, 3443, 3344, 5193, 3342, 3343, 3244",12
"3244",3244,"3144, 3243, 3044, 3143, 3242, 3444, 3345, 3246, 3343, 4735, 3344, 3245",12
"3245",3245,"3145, 3244, 3045, 3144, 3146, 3346, 3247, 3344",8
"3246",3246,"3146, 1986, 3046, 3145, 3147, 3244, 3446, 3347, 3248, 3345, 9998, 4569, 3397, 3346, 3247",15
"3247",3247,"3147, 3246, 3047, 3146, 3245, 8583, 3447, 3348, 3249, 3346, 5146, 4182, 3347, 3248",14
"3248",3248,"3148, 3247, 3048, 3147, 3149, 3246, 5118, 3448, 3349, 3250, 3347",11
"3249",3249,"3143, 2851, 3049, 3150, 3247, 8421, 7716, 3449, 3350, 3251, 3348, 6544, 3349, 3250",14
"3250",3250,"2863, 3249, 3050, 3149, 3151, 3248, 3351, 3252, 3349, 3350, 9075",11
"3251",3251,"3151, 3051, 3152, 3249, 3451, 4316, 3253, 3350, 8166, 3351, 3252",11
"3252",3252,"3152, 3251, 1410, 3052, 3151, 3153, 3250, 5686, 3452, 3353, 3254, 3351, 3352, 3253",14
"3253",3253,"3153, 3252, 3053, 3152, 3154, 3251, 5063, 3453, 3354, 3255, 3352",11
"3254",3254,"3154, 2088, 3155, 3252, 531, 2600, 4525, 3454, 3355, 3256, 3354, 3255",12
"3255",3255,"3155, 3254, 3055, 3156, 3253, 7509, 3640, 3455, 3257, 3354, 7389, 3355",12
"3256",3256,"3156, 3056, 3155, 3157, 3254, 3456, 3357, 3258, 3356, 3257, 5894",11
"3257",3257,"2890, 3157, 3256, 3057, 3156, 3158, 3180, 3255, 3457, 3358, 3259, 3356, 9885, 6434",14
"3258",3258,"3158, 3190, 3058, 3157, 3159, 3256, 3458, 3359, 3260, 3357, 6009",11
"3259",3259,"2056, 3059, 3158, 3257, 9265, 3459, 3360, 3261, 3358, 8740, 3359, 3260",12
"3260",3260,"3259, 2858, 3159, 3258, 3902, 3460, 3361, 3262, 3359, 3360, 3261, 8377",12
"3261",3261,"3161, 3260, 3259, 3160, 8096, 3461, 3362, 3263, 3360, 3262",10
"3262",3262,"3162, 3261, 3062, 3161, 3163, 3260, 3462, 3363, 3264, 3361, 4832, 3362, 3263",13
"3263",3263,"3163, 3262, 3063, 3162, 3164, 3261, 1228, 5638, 9898, 3873, 3463, 3364, 3362, 3363",14
"3264",3264,"3164, 2409, 3064, 3163, 3165, 3262, 5919, 3464, 3365, 3266, 3363, 3265",12
"3265",3265,"2153, 3165, 3264, 3065, 3164, 3465, 3366, 3364, 3365, 3266",10
"3266",3266,"863, 3166, 3265, 3066, 3167, 3264, 6349, 3466, 5667, 3268, 3365, 5852, 7638, 3366",14
"3267",3267,"3167, 1989, 3067, 3166, 1528, 1051, 7351, 3467, 3269, 3367, 3268",11
"3268",3268,"3168, 3267, 3068, 3169, 3266, 3542, 3369, 3270, 3367, 3856, 3368, 9598",12
"3269",3269,"3069, 3170, 3267, 5824, 3370, 3271, 3368, 3369",8
"3270",3270,"3170, 955, 1891, 3268, 3470, 3371, 3272, 4916, 3370, 3271",10
"3271",3271,"3171, 3270, 3071, 3170, 3172, 3269, 8908, 3471, 3274, 3273, 3370, 3371, 3272",13
"3272",3272,"3172, 3271, 3072, 3171, 3173, 3270, 3835, 3472, 3371, 3273",10
"3273",3273,"3173, 3172, 3174, 3271, 3272, 7765, 3275, 3401, 3373, 3274",10
"3274",3274,"3174, 3273, 3074, 3173, 3175, 3271, 1758, 3474, 3375, 3276, 3373, 3374, 3275",13
"3275",3275,"3175, 3274, 3075, 3174, 3176, 3273, 6692, 3475, 3376, 3277, 3374, 3723, 3276",13
"3276",3276,"1136, 3275, 3076, 3175, 3177, 3274, 3476, 3377, 3278, 3375, 3277",11
"3277",3277,"2838, 3177, 3176, 3178, 3275, 415, 3276, 3477, 3378, 3279, 3376, 3278",12
"3278",3278,"3178, 3277, 3078, 3177, 3179, 3276, 7895, 3478, 3379, 3280, 3377, 3595, 7210",13
"3279",3279,"3079, 3178, 250, 3277, 7276, 3479, 3380, 3281, 3378, 3280",10
"3280",3280,"3180, 3080, 3179, 3181, 3278, 3279, 3480, 3282, 3379, 3380, 3281",11
"3281",3281,"3181, 3280, 1869, 2864, 3081, 3180, 3182, 3279, 3481, 3382, 3283, 3380, 3381",13
"3282",3282,"3182, 3181, 3183, 3280, 3482, 3383, 3381, 3382, 3283, 8135",10
"3283",3283,"2043, 3282, 3083, 3182, 3184, 3281, 8437, 3483, 3384, 3285, 3382, 3383, 3284",13
"3284",3284,"3283, 2164, 3084, 3183, 3185, 4456, 3484, 3385, 3286, 5522, 4032, 3285",12
"3285",3285,"2012, 3185, 3184, 3186, 3283, 3085, 3284, 3485, 3386, 3287, 3384",11
"3286",3286,"3186, 3086, 3185, 3187, 3284, 275, 3486, 3387, 3385, 3386, 3287, 4622",12
"3287",3287,"3187, 3286, 3186, 3188, 3285, 3487, 3289, 3386, 3387, 3288",10
"3288",3288,"3188, 3287, 3088, 3187, 3189, 3389, 3802, 3387, 3388, 3289",10
"3289",3289,"3189, 3288, 590, 1237, 3188, 3190, 3287, 3489, 3390, 3291, 3388, 3389, 3290",13
"3290",3290,"3190, 3289, 3090, 3189, 3191, 3490, 3391, 3292, 3389, 3390, 3291",11
"3291",3291,"3191, 3290, 3091, 3190, 3192, 3289, 3491, 3392, 3293, 3390, 3391, 3292",12
"3292",3292,"3192, 3291, 3092, 3191, 3193, 3290, 3492, 3393, 3294, 3391, 3392",11
"3293",3293,"3193, 3093, 3192, 3194, 3291, 8120, 3493, 3788, 3295, 3392, 3393, 3294, 8870",13
"3294",3294,"3194, 3293, 3094, 3193, 3195, 3292, 3494, 3395, 3296, 3393, 3394",11
"3295",3295,"3095, 3194, 3196, 3293, 1269, 3395, 3396, 3297, 3394, 3296, 6976, 7848",12
"3296",3296,"3295, 1777, 3096, 1073, 3294, 3977, 3496, 3397, 3395, 4959",10
"3297",3297,"3011, 3197, 3097, 3196, 3198, 3295, 3398, 3299, 3396, 3397, 3298",11
"3298",3298,"3198, 3297, 3098, 3197, 1948, 308, 6771, 3498, 3399, 3300, 6205, 3398, 3299",13
"3299",3299,"3298, 758, 3198, 3200, 3297, 3199, 4925, 8428, 8478, 3398, 3399, 3300",12
"3300",3300,"3299, 747, 3199, 3298, 8710, 8161, 3399, 8623",8
"3301",3301,"3201, 3202, 6893, 9844, 3501, 3402, 3303, 3401, 3302",9
"3302",3302,"3202, 3301, 75, 3102, 3201, 3203, 756, 7130, 3502, 3403, 3304, 3401, 3402, 3303",14
"3303",3303,"3203, 3302, 3202, 3301, 3204, 6986, 3503, 9039, 3305, 3402, 3403, 3304",12
"3304",3304,"3204, 3303, 3104, 3302, 5979, 5812, 3504, 3405, 3306, 3403, 3404, 3305",12
"3305",3305,"3205, 3304, 2019, 3071, 3206, 3303, 3505, 3406, 3307, 3404",10
"3306",3306,"3206, 3207, 3304, 3506, 3407, 3308, 3405, 3406, 3307, 7407",10
"3307",3307,"1732, 3207, 3306, 1144, 3107, 3208, 3305, 3507, 3408, 3309, 3406, 3407, 3308",13
"3308",3308,"3208, 3307, 3108, 3207, 3209, 3306, 8802, 3508, 3409, 3407, 3408, 3309",12
"3309",3309,"3209, 3308, 3208, 3210, 3307, 3509, 3410, 3311, 3408, 3409, 3310",11
"3310",3310,"3210, 3309, 2953, 3110, 3209, 3211, 1355, 5416, 3411, 3409, 3410, 3311",12
"3311",3311,"3310, 3111, 3210, 3309, 3511, 3313, 3410, 3411, 3312, 6562",10
"3312",3312,"3212, 3311, 3211, 3213, 6610, 5368, 3512, 3413, 3314, 3411, 3313",11
"3313",3313,"3213, 3113, 3212, 2660, 3311, 3148, 3312, 9524, 3513, 3315, 3412, 3413, 3314",13
"3314",3314,"3214, 3313, 2313, 3114, 3215, 3312, 7285, 3514, 3415, 3316, 3413, 9273, 3414, 3315",14
"3315",3315,"3215, 3314, 2519, 3115, 3214, 3216, 3313, 1052, 1887, 3515, 3416, 3414, 3415, 3316",14
"3316",3316,"2743, 3216, 3315, 3116, 3217, 3314, 3215, 3417, 3318, 4813, 9388, 3416, 3317",13
"3317",3317,"3217, 3316, 3117, 3218, 3517, 3418, 3319, 3416, 9922, 3417, 3318",11
"3318",3318,"3218, 3317, 3118, 3217, 3219, 3316, 3518, 3419, 3320, 3417, 3418, 3319",12
"3319",3319,"3318, 930, 3218, 2916, 3317, 6491, 3519, 3420, 3321, 3418, 3419, 3320",12
"3320",3320,"414, 2391, 3319, 3120, 3219, 3318, 1624, 9627, 7443, 3520, 3322, 3419, 3420, 3321",14
"3321",3321,"3221, 3320, 3121, 3220, 3222, 3319, 9067, 3521, 3422, 3323, 3420, 8257, 3421, 3322",14
"3322",3322,"3222, 3321, 774, 3122, 3221, 3223, 3320, 6097, 3522, 3423, 3324, 3422, 3323",13
"3323",3323,"3223, 3322, 3123, 3222, 3224, 3321, 835, 3523, 3325, 3423, 3324",11
"3324",3324,"3224, 3323, 3124, 3223, 3225, 3322, 3676, 3524, 3425, 3326, 3423, 7601, 3772, 3599, 3424, 3325",16
"3325",3325,"3225, 3324, 1233, 3125, 3224, 3226, 3323, 3505, 3525, 3426, 3327, 3425",12
"3326",3326,"3226, 488, 3126, 3225, 3227, 3324, 3427, 3328, 3425, 4755, 3426, 3327",12
"3327",3327,"3227, 3326, 3127, 3226, 3228, 3325, 8717, 3527, 3428, 3329, 3426, 3328",12
"3328",3328,"3228, 3227, 3229, 3326, 3235, 3327, 8306, 3528, 3429, 3330, 3329",11
"3329",3329,"3229, 3328, 3129, 3228, 3230, 3327, 1551, 3529, 3430, 4006, 3428, 4032, 3330",13
"3330",3330,"3230, 3329, 3130, 3229, 3231, 3328, 3530, 3431, 9493, 3429, 3430, 3331",12
"3331",3331,"3231, 3330, 3131, 3230, 3232, 6151, 3432, 3333, 3430, 3431, 3332",11
"3332",3332,"3232, 3331, 2907, 3132, 3231, 3233, 6479, 3532, 3433, 3431, 3432",11
"3333",3333,"3233, 3133, 3234, 3331, 3533, 3434, 3335, 3432, 3433, 3334, 4120",11
"3334",3334,"3234, 3333, 3134, 3233, 3235, 8720, 3534, 3435, 3336, 3433, 4625, 9044, 6026",13
"3335",3335,"3235, 2034, 3135, 3234, 3236, 3333, 8189, 3535, 3436, 3434, 3435, 3336",12
"3336",3336,"3236, 3335, 3136, 3235, 3237, 3334, 733, 3536, 3437, 3435, 4904, 3436",12
"3337",3337,"3237, 526, 3137, 3236, 3238, 3438, 3339, 3436, 3437, 3338",10
"3338",3338,"1939, 3238, 3337, 3138, 3237, 1437, 9341, 3565, 3538, 3439, 3437, 3438, 3339",13
"3339",3339,"3239, 3338, 3139, 3238, 3240, 3337, 9284, 3440, 3341, 8998, 3439, 3340",12
"3340",3340,"3240, 3339, 3140, 3239, 3241, 6443, 3540, 3441, 3342, 3439, 3440, 7614",12
"3341",3341,"3241, 3141, 3240, 3242, 3339, 961, 3541, 3441, 3342",9
"3342",3342,"3242, 3341, 3142, 3241, 3243, 3340, 7118, 3542, 3443, 5164, 3441, 6168, 3442, 3343",14
"3343",3343,"3243, 3342, 3244, 3543, 3444, 3345, 3442, 4149, 3344",9
"3344",3344,"3244, 3243, 3245, 1827, 3343, 3445, 3346, 3444, 5655",9
"3345",3345,"2998, 3145, 3244, 3246, 3343, 4339, 3545, 3446, 3347, 3444, 3445, 3346",12
"3346",3346,"3246, 3345, 1856, 3146, 3247, 3344, 3245, 3546, 3447, 3348, 3445, 6717, 3446, 3347",14
"3347",3347,"3247, 3346, 425, 2643, 3147, 3246, 3248, 3345, 6432, 3547, 3448, 3349, 3446, 3447, 3348",15
"3348",3348,"2152, 3347, 3148, 3247, 3249, 3346, 7947, 3447, 3448, 3349",10
"3349",3349,"3249, 3348, 3149, 3248, 3250, 3347, 3549, 3450, 3351, 3448, 4307, 3350",12
"3350",3350,"3250, 3349, 368, 3249, 3251, 3451, 3352, 3449, 9315, 3450, 6328",11
"3351",3351,"3251, 3151, 3250, 3252, 3349, 4173, 3551, 6507, 3353, 3450, 3451, 3352",12
"3352",3352,"3252, 3351, 3152, 3253, 3350, 3737, 3453, 3354, 3451, 3452, 3353",11
"3353",3353,"3352, 3153, 3252, 3351, 7365, 7936, 3553, 3454, 3355, 3452, 3354",11
"3354",3354,"3131, 1718, 3254, 3154, 3253, 3255, 3352, 3353, 3554, 3455, 3356, 3453, 3355",13
"3355",3355,"3188, 3255, 3155, 3208, 3254, 3353, 3354, 7708, 3555, 3456, 3357, 3454, 3455, 3356",14
"3356",3356,"3256, 3355, 3156, 1123, 3257, 3354, 8632, 3556, 3457, 3358, 3950, 3456",12
"3357",3357,"2710, 3157, 3256, 3258, 3355, 3557, 3456, 5362, 3457, 8780, 6466",11
"3358",3358,"1951, 3158, 3257, 3259, 3356, 3558, 3459, 3360, 3457, 3458",10
"3359",3359,"3259, 3258, 3260, 8185, 3460, 3361, 3458, 8859, 5076, 3459, 3360, 8474",12
"3360",3360,"3260, 3359, 3259, 3261, 3358, 3560, 3461, 3362, 3459, 3460, 3361",11
"3361",3361,"479, 3360, 1393, 3161, 3260, 3262, 3359, 3561, 3462, 3363, 3460, 3362",12
"3362",3362,"3262, 3361, 3162, 3261, 3263, 3360, 9147, 3461, 3462, 3363",10
"3363",3363,"3263, 3362, 1204, 3163, 3262, 3264, 3361, 9072, 3563, 3464, 3365, 3462, 6777, 3463, 3364",15
"3364",3364,"3363, 3164, 3263, 3265, 3126, 3564, 6962, 3366, 3463, 5780, 3464, 3365",12
"3365",3365,"3265, 3364, 3264, 3266, 3363, 954, 7826, 3565, 3466, 3367, 3464, 3366",12
"3366",3366,"3266, 3365, 3166, 3265, 3364, 6284, 3467, 3368, 3466",9
"3367",3367,"3267, 3167, 3268, 3365, 6460, 3567, 3468, 3466, 3368",9
"3368",3368,"3268, 3367, 3168, 3269, 3366, 3568, 3469, 3370, 3467, 3757, 3468, 3369",12
"3369",3369,"3269, 3368, 3169, 3268, 2178, 5545, 3569, 3470, 3371, 3468, 9777, 3469",12
"3370",3370,"3270, 627, 3170, 3269, 3271, 3368, 6383, 4881, 3570, 3471, 3372, 3469, 3371",13
"3371",3371,"3271, 3171, 3270, 3272, 3369, 3370, 3571, 3472, 3373, 3470, 3372",11
"3372",3372,"3172, 3370, 3371, 3460, 5011, 4472, 3572, 3473, 6403, 3471, 3472, 3373",12
"3373",3373,"3273, 3372, 2245, 3274, 3371, 6376, 3573, 3474, 3375, 3472, 8346, 4481, 3374",13
"3374",3374,"3274, 3373, 1232, 3174, 3275, 9042, 3737, 5230, 3475, 3376, 3473, 3474, 3375",13
"3375",3375,"3374, 881, 3217, 3274, 3276, 3373, 9132, 4967, 3575, 3476, 3377, 3474, 3475",13
"3376",3376,"3176, 3275, 3277, 3374, 3020, 1734, 7358, 3576, 3477, 3817",10
"3377",3377,"3177, 3276, 3278, 3375, 3577, 3478, 3379, 3476, 3477, 3378",10
"3378",3378,"3377, 3178, 3277, 3279, 3578, 3479, 3380, 3477, 4599, 3478, 3379",11
"3379",3379,"3378, 3179, 3278, 3280, 3377, 6441, 5899, 3579, 3480, 3381, 3478, 3479, 3380",13
"3380",3380,"3280, 3379, 3279, 3281, 3378, 3580, 3481, 3382, 3480",9
"3381",3381,"3281, 3181, 2079, 3282, 3379, 3581, 3383, 3480, 3481, 6167",10
"3382",3382,"3282, 1148, 3182, 3281, 3283, 3380, 6321, 4503, 3582, 3483, 3384, 3482, 3383",13
"3383",3383,"3283, 3382, 3183, 3282, 3381, 3583, 3385, 3482, 3483, 3384",10
"3384",3384,"3383, 2172, 1137, 3184, 3283, 3285, 3382, 8486, 7151, 3386, 3483, 3385, 7901",13
"3385",3385,"626, 3384, 3185, 3284, 3286, 3383, 4750, 3387, 8350, 3484, 8695, 5619",12
"3386",3386,"3286, 2617, 3186, 3285, 3287, 3384, 496, 5253, 3388, 3485, 3486, 3387",12
"3387",3387,"1796, 3287, 3386, 3187, 3286, 3288, 3385, 3587, 9585, 3389, 3486, 3487, 3388",13
"3388",3388,"3288, 3387, 3188, 3289, 3386, 3588, 6388, 3390, 7545, 5940, 3488, 3389",12
"3389",3389,"3289, 3388, 3189, 3290, 3387, 3288, 3589, 3490, 3391, 3488, 3489, 3390",12
"3390",3390,"3290, 3389, 3289, 3291, 3388, 3590, 3491, 3392, 3489, 3490, 3391",11
"3391",3391,"3291, 3390, 3290, 3292, 3389, 7404, 3591, 3492, 3393, 3490, 8462, 9265, 3392",13
"3392",3392,"3292, 3391, 3192, 3291, 3293, 3390, 3493, 3394, 3491, 3393",10
"3393",3393,"3293, 3392, 3193, 3292, 3294, 3391, 3494, 7115, 3492, 3493, 3394",11
"3394",3394,"3294, 3393, 2054, 2925, 3194, 3295, 3392, 2952, 4363, 3594, 3396, 3493, 3494, 3395",14
"3395",3395,"3295, 3394, 3195, 3294, 3296, 9004, 3595, 3496, 9562, 3494, 3495, 3396",12
"3396",3396,"3395, 3196, 3297, 3394, 3295, 6461, 3397, 3596, 3497, 3398, 3495",11
"3397",3397,"3297, 3396, 3144, 3197, 3296, 3246, 3597, 3498, 3399, 3398",10
"3398",3398,"3298, 3397, 2684, 3198, 3297, 3299, 3396, 7309, 3497, 3498, 3399",11
"3399",3399,"3299, 3398, 1046, 3199, 3298, 3300, 3397, 3599, 3500, 3498, 6036, 3499, 3400",13
"3400",3400,"712, 3399, 3200, 3600, 3499, 3500",6
"3401",3401,"3301, 3273, 1560, 3302, 808, 3601, 3502, 6626, 3501, 3402",10
"3402",3402,"3302, 3401, 3202, 3301, 3303, 3602, 3503, 3404, 3501, 3502, 3403",11
"3403",3403,"1569, 3303, 3402, 3203, 3302, 3304, 3504, 3405, 3502, 3503, 3404",11
"3404",3404,"3304, 3403, 425, 3204, 3305, 3402, 3604, 3505, 3406, 3503, 3504, 3405",12
"3405",3405,"2551, 3404, 3205, 3304, 3306, 3403, 9033, 3605, 5627, 3504, 3505, 3406",12
"3406",3406,"3306, 3405, 3206, 3305, 3307, 3404, 9932, 4616, 3606, 3507, 3408, 3505, 3506, 3407",14
"3407",3407,"3307, 3406, 1821, 3207, 3306, 3308, 1200, 1594, 4386, 3508, 3409, 3506",12
"3408",3408,"3308, 3208, 3307, 3309, 3406, 9074, 3509, 3410, 9596, 3508, 3409",11
"3409",3409,"3309, 3408, 3209, 3308, 3310, 3407, 6359, 3609, 3510, 3411, 3508, 3509, 3410",13
"3410",3410,"3310, 3409, 3210, 3309, 3311, 3408, 3164, 3511, 3412, 3509, 3510, 3411",12
"3411",3411,"3311, 3410, 3211, 3310, 3312, 3409, 2867, 7214, 3611, 6087, 3413, 3511, 3412",13
"3412",3412,"93, 3411, 2759, 3212, 909, 3313, 3410, 9834, 6527, 3825, 3414, 3511, 7992, 3413",14
"3413",3413,"3313, 3213, 3312, 3314, 3411, 3412, 3613, 3514, 3415, 3512, 3513, 3414",12
"3414",3414,"1605, 3314, 3413, 3214, 3315, 3412, 2545, 6373, 4085, 3614, 3515, 3416, 7140, 3514, 3415",15
"3415",3415,"1966, 3315, 3414, 106, 3314, 3413, 9370, 6274, 4415, 3615, 3516, 3417, 3514, 3515, 3416",15
"3416",3416,"3316, 3415, 3216, 3315, 3317, 3414, 4577, 3616, 3418, 3515, 3516, 3417",12
"3417",3417,"2085, 3317, 3416, 3217, 3318, 3415, 1623, 3316, 3617, 3419, 3516, 3418",12
"3418",3418,"3318, 3218, 3317, 3319, 3416, 3417, 6570, 4311, 3618, 3519, 3420, 7877, 3518, 3419",14
"3419",3419,"3319, 3418, 3219, 3318, 3320, 3417, 7809, 3619, 3520, 9935, 3518, 3519, 3420",13
"3420",3420,"3320, 3419, 3220, 3319, 3321, 3418, 3620, 3521, 3422, 3519, 3520, 3421",12
"3421",3421,"3321, 3420, 3221, 1813, 1614, 3621, 3522, 3520, 3521",9
"3422",3422,"1516, 3322, 3222, 3321, 3420, 4114, 3523, 3424, 3521, 3740, 3423, 7582",12
"3423",3423,"3323, 3422, 3223, 3322, 3324, 3623, 3524, 7827, 3523",9
"3424",3424,"3324, 1958, 3224, 3422, 6435, 3624, 3525, 3426, 3523, 7235, 3524, 3425, 9813",13
"3425",3425,"3325, 3424, 2339, 3225, 3324, 3326, 3132, 4805, 3570, 3625, 3526, 3427, 3525, 3426",14
"3426",3426,"3326, 3425, 1741, 3226, 3325, 3327, 3424, 3626, 3527, 3428, 3525, 6533, 5890, 3526, 3427",15
"3427",3427,"2068, 3426, 3227, 3425, 3326, 3760, 7721, 9446, 9282, 9349, 3627, 3429, 3526, 3527, 3428",15
"3428",3428,"942, 3427, 3228, 3327, 3329, 3426, 3628, 3529, 3430, 3527, 3528, 3429",12
"3429",3429,"332, 3428, 2555, 3229, 3328, 3330, 3427, 3530, 3431, 3528, 3529, 3430",12
"3430",3430,"1973, 3330, 3429, 3230, 3329, 3331, 3428, 3630, 3432, 3529, 3431",11
"3431",3431,"3331, 3330, 3429, 3332, 3430, 3631, 3532, 3433, 3530, 3531, 4721",11
"3432",3432,"3332, 3333, 3430, 3331, 5501, 9613, 6160, 3533, 3434, 3531, 6148, 3532, 3433",13
"3433",3433,"3333, 3432, 3233, 3332, 3334, 3431, 2966, 3633, 3534, 3532, 3533, 3434",12
"3434",3434,"3433, 3234, 3333, 3335, 3432, 3634, 3535, 3436, 3533, 5572, 3435",11
"3435",3435,"3335, 1928, 1911, 3235, 3334, 3336, 2692, 3434, 3536, 3437, 6786, 7908, 3535, 3436",14
"3436",3436,"3336, 3435, 3236, 3335, 3337, 3434, 3636, 3537, 8434, 3536, 3437",11
"3437",3437,"3337, 3436, 3237, 3336, 3338, 3435, 2084, 4197, 3637, 3538, 3439, 3536, 3438",13
"3438",3438,"3338, 3437, 3238, 3337, 3638, 3539, 3440, 3537, 9245, 3538, 3439",11
"3439",3439,"268, 3339, 3438, 3239, 3338, 3340, 3437, 1364, 3824, 3540, 3539, 3440",12
"3440",3440,"3340, 3439, 1174, 3438, 3339, 3955, 3640, 3541, 3442, 3539, 3540, 3441",12
"3441",3441,"1709, 3341, 3440, 3241, 3340, 3342, 3641, 3542, 3540, 4701, 3541, 3442",12
"3442",3442,"3342, 3441, 1529, 3343, 3440, 9449, 9520, 3642, 3543, 3444, 3541, 7143, 3443",13
"3443",3443,"3442, 3243, 3342, 3643, 3544, 3445, 6118, 3543, 7191, 7125",10
"3444",3444,"3344, 3244, 3343, 3345, 3442, 3644, 3545, 3543, 3544, 9052",10
"3445",3445,"3345, 3344, 3346, 3443, 4752, 3645, 3546, 3447, 3544, 3545, 3446",11
"3446",3446,"3346, 3445, 3246, 3345, 3347, 1254, 2732, 1685, 4905, 3646, 3545, 3546",12
"3447",3447,"3347, 2679, 3247, 3346, 3348, 3445, 6599, 3548, 3449, 3546, 9440, 3547, 3448",13
"3448",3448,"3348, 3447, 1657, 3248, 3347, 3349, 3648, 3549, 3450, 8023, 9837, 3548, 3449",13
"3449",3449,"3448, 3249, 3350, 3447, 1386, 3649, 3550, 3451, 3548, 7991, 3450",11
"3450",3450,"3350, 3449, 296, 3349, 3351, 3448, 3650, 3551, 3452, 3550, 3451",11
"3451",3451,"2064, 3351, 3450, 3251, 3352, 3449, 3350, 3651, 3552, 3453, 3550, 3551, 3452",13
"3452",3452,"3352, 3451, 2157, 3252, 3353, 3450, 3652, 3553, 3454, 3551, 3552, 3453",12
"3453",3453,"3452, 3253, 3354, 3451, 1690, 3352, 8098, 9865, 8121, 6117, 3554, 3455, 3553, 3454",14
"3454",3454,"3453, 3254, 3353, 3355, 3452, 4584, 7592, 3555, 3456, 3553, 4950, 3554, 3455",13
"3455",3455,"3355, 3454, 3255, 3354, 3453, 4287, 4312, 3556, 3457, 3554, 3555, 3456",12
"3456",3456,"1970, 3356, 3455, 3256, 3355, 3357, 3454, 7802, 3656, 3557, 3458, 3555, 5498, 3556, 3457",15
"3457",3457,"3357, 3456, 3257, 3356, 3358, 3455, 881, 3657, 3558, 3556, 3458",11
"3458",3458,"3358, 3457, 3258, 894, 3359, 3456, 1437, 7522, 3658, 3559, 3460, 3557, 3459",13
"3459",3459,"3359, 3458, 3259, 3358, 3360, 3659, 3560, 3461, 4808, 7997, 3559, 3460",12
"3460",3460,"1933, 3372, 3360, 3459, 3260, 3359, 3361, 3458, 3660, 3561, 3559, 8832, 5486, 3560, 3461",15
"3461",3461,"3460, 3261, 3360, 3362, 3459, 3562, 3463, 3560, 3561, 3462",10
"3462",3462,"3362, 3461, 3262, 3361, 3363, 2628, 3662, 3563, 3464, 3562, 3463",11
"3463",3463,"3363, 3462, 3263, 3364, 3461, 2027, 3663, 3564, 3465, 3562, 3563, 3464",12
"3464",3464,"1431, 3364, 3463, 3264, 3363, 3365, 3462, 3664, 3565, 3466, 3563, 9673, 3564",13
"3465",3465,"3265, 3463, 3869, 9127, 3665, 3566, 7136, 3565, 3466",9
"3466",3466,"3366, 3465, 3266, 3365, 3367, 3464, 8925, 6558, 3666, 3567, 3468, 3565, 9846, 3566, 3467",15
"3467",3467,"1228, 3466, 3267, 3366, 3368, 3667, 3469, 3566, 3567, 3468",10
"3468",3468,"3368, 3467, 1329, 3367, 3369, 3466, 3569, 3470, 3567, 3568, 3469",11
"3469",3469,"3369, 3468, 3368, 3370, 3467, 3669, 3570, 3471, 3568, 3470",10
"3470",3470,"3469, 2288, 3270, 3369, 3371, 3468, 427, 4030, 3670, 3571, 3472, 3569, 3570, 3471",14
"3471",3471,"3470, 3271, 3370, 3372, 3469, 3609, 5656, 3671, 3572, 3473, 3570, 6498, 3472",13
"3472",3472,"3372, 3471, 3272, 3371, 3373, 3470, 5112, 3672, 3573, 3571, 3572, 3473",12
"3473",3473,"2999, 3472, 3372, 3374, 3471, 2594, 9485, 3673, 3574, 3773, 3573, 3474",12
"3474",3474,"2538, 3374, 3473, 3274, 3373, 3375, 3674, 3575, 3476, 3573, 8873, 3574, 3475",13
"3475",3475,"3375, 3474, 2199, 2814, 3275, 3374, 3675, 3576, 3477, 3574, 3575, 3476",12
"3476",3476,"3475, 3276, 3375, 3377, 3474, 5681, 3676, 3577, 3478, 3575, 5741",11
"3477",3477,"3377, 3277, 3376, 3378, 3475, 3677, 3578, 3479, 3576, 3577, 3478, 4067",12
"3478",3478,"3378, 3477, 3278, 3377, 3379, 3476, 3678, 3579, 3480, 3577, 3578, 3479",12
"3479",3479,"3379, 3478, 1678, 3279, 3378, 1115, 3477, 3679, 3481, 3578, 3579, 3480",12
"3480",3480,"3380, 3479, 3280, 3379, 3381, 3478, 3680, 3581, 3482, 3579, 3580, 3481",12
"3481",3481,"3381, 3480, 2979, 3281, 3380, 3479, 6810, 8386, 3681, 3582, 3483, 3482",12
"3482",3482,"3382, 3481, 2498, 3282, 3383, 3480, 40, 3582, 3682, 3583, 3484, 3581, 8171",13
"3483",3483,"3383, 3283, 3382, 3384, 3481, 3524, 3683, 3584, 3485, 3582, 3583",11
"3484",3484,"357, 3284, 3385, 3482, 8820, 3684, 3585, 3486, 3583, 9310, 3584",11
"3485",3485,"3285, 2593, 3386, 3483, 246, 3685, 4821, 3487, 8483, 6078, 3717, 5342, 3486, 8250",14
"3486",3486,"3386, 3485, 3286, 3387, 3484, 3686, 3488, 3585, 3586",9
"3487",3487,"3387, 1678, 3287, 3485, 3687, 3588, 3489, 3488",8
"3488",3488,"3388, 3389, 3486, 3487, 6266, 4554, 6177, 3688, 3589, 3490, 3587, 9110, 3588, 3489",14
"3489",3489,"3389, 3488, 3289, 3390, 3487, 7187, 3689, 3590, 3491, 3588, 3589, 3490",12
"3490",3490,"3390, 3489, 3290, 3389, 3391, 3488, 817, 3917, 9493, 3591, 4157, 3589, 9597, 3491",14
"3491",3491,"3490, 3291, 3390, 3392, 3489, 3592, 3493, 3590, 5283, 3591",10
"3492",3492,"3292, 3391, 3393, 8455, 8436, 3593, 3494, 3592, 3493, 9964",10
"3493",3493,"3393, 3492, 3293, 3392, 3394, 3491, 6141, 3693, 3594, 3495, 3592, 3593, 3494",13
"3494",3494,"3394, 3493, 641, 3294, 3395, 3492, 3393, 4045, 3694, 7540, 3496, 3593, 3594, 3495",14
"3495",3495,"3395, 3494, 3396, 3493, 9673, 3695, 3596, 3497, 3594, 3595, 3496",11
"3496",3496,"609, 1427, 3495, 3296, 3395, 3494, 898, 5076, 6034, 3597, 3498, 3595, 3497",13
"3497",3497,"3496, 230, 3396, 3398, 3495, 6617, 3697, 3598, 3499, 3596, 3597, 3498",12
"3498",3498,"3398, 3497, 3298, 3397, 3399, 3496, 3500, 3597, 9789, 8335, 9270, 3499",12
"3499",3499,"3399, 3498, 3400, 3497, 3600, 9821, 6305, 9027, 3599, 3500",10
"3500",3500,"1895, 3400, 3499, 3399, 3498, 3700, 3599, 8753, 3600",9
"3501",3501,"3401, 3301, 3402, 3701, 3645, 3503, 3601, 3502",8
"3502",3502,"3402, 3501, 3302, 3401, 3403, 3702, 3504, 3601, 3715, 3602",10
"3503",3503,"3403, 2056, 3303, 3402, 3404, 3501, 3703, 9651, 3505, 3602, 3603, 3504",12
"3504",3504,"3404, 3503, 3304, 3405, 1723, 3502, 3403, 3704, 3506, 3603, 3604",11
"3505",3505,"3405, 3305, 3404, 3406, 3503, 3325, 3705, 3606, 3604, 3605, 3506, 9650",12
"3506",3506,"944, 3406, 3505, 3306, 3407, 3504, 4733, 3706, 3607, 3508, 3606, 3507",12
"3507",3507,"3506, 2175, 3307, 3406, 1542, 3707, 3608, 3509, 3606, 3607, 3508",11
"3508",3508,"3408, 3507, 3308, 3409, 3506, 2428, 3407, 5023, 3708, 3609, 3607, 3608",12
"3509",3509,"3409, 264, 3309, 3408, 3410, 3507, 7836, 3610, 3608, 3640, 3609, 3510",12
"3510",3510,"3410, 3509, 3409, 3710, 3611, 3512, 3609, 3610, 3511",9
"3511",3511,"3411, 3510, 1084, 3311, 3410, 3412, 3612, 3513, 3610, 9090, 3611, 3512",12
"3512",3512,"3511, 3312, 3413, 3510, 2532, 9510, 3712, 3613, 4102, 4894, 3612, 7998",12
"3513",3513,"3413, 664, 3313, 3511, 2194, 3713, 3614, 3515, 3612, 6842, 5442, 3514",12
"3514",3514,"770, 3414, 3513, 2518, 3314, 3413, 3415, 6748, 3615, 6134, 3613, 3614, 3515",13
"3515",3515,"3415, 3514, 3315, 3414, 3416, 3513, 5333, 3616, 3517, 3614, 3615, 3516",12
"3516",3516,"3416, 3515, 3415, 3417, 9142, 6777, 3617, 3518, 3616, 3517",10
"3517",3517,"3516, 3317, 3515, 9042, 5678, 5633, 3919, 3717, 3519, 3616, 7643, 3617, 3518",13
"3518",3518,"3418, 3517, 3318, 3419, 3516, 4299, 3718, 3619, 6115, 3617, 3618, 3519",12
"3519",3519,"3419, 3518, 3319, 3418, 3420, 3517, 3719, 3620, 3521, 3618, 9172, 3619, 3520",13
"3520",3520,"3420, 3519, 125, 3320, 3419, 3421, 2712, 3522, 3619, 7815, 3521",11
"3521",3521,"1754, 3421, 2725, 3321, 3420, 3422, 3519, 3520, 9286, 5815, 3721, 3622, 3523, 3620, 3621",15
"3522",3522,"1743, 2649, 3322, 3421, 3520, 1210, 9291, 6683, 3722, 3524, 3621, 9105, 3523, 6941",14
"3523",3523,"3423, 3522, 3323, 3422, 3424, 3521, 3723, 3624, 3525, 3622, 3623, 7012",12
"3524",3524,"516, 3424, 3324, 3423, 3483, 3522, 3625, 3526, 3623, 3624, 3535",11
"3525",3525,"3425, 3325, 3424, 3426, 3523, 3725, 3626, 3527, 3624, 4482, 3526",11
"3526",3526,"3426, 3525, 941, 3425, 3427, 3524, 5195, 3726, 3627, 3528, 3625, 3626, 3527",13
"3527",3527,"3427, 3526, 3327, 3426, 3428, 3525, 5623, 3668, 3727, 3529, 3626, 9799, 3627, 3528",14
"3528",3528,"3428, 3527, 3328, 3429, 3526, 7713, 3728, 3629, 3530, 3627, 4646, 3628, 3877",13
"3529",3529,"3429, 653, 3329, 3428, 3430, 3527, 3729, 3630, 3531, 3628, 9392",11
"3530",3530,"483, 3330, 3429, 3431, 3528, 3730, 3631, 3532, 3629, 3630, 3531, 6422",12
"3531",3531,"3431, 3530, 3432, 3529, 4035, 3731, 3632, 3533, 3630, 3631, 3532",11
"3532",3532,"3432, 3531, 3332, 3431, 3433, 3530, 3732, 9171, 3534, 7718, 3533",11
"3533",3533,"3433, 3532, 639, 1124, 3333, 3432, 3434, 3531, 3733, 3634, 3535, 3632, 3633, 3534",14
"3534",3534,"3533, 3334, 3433, 3532, 8096, 3734, 3635, 3536, 3633, 3634, 3535",11
"3535",3535,"3435, 3524, 3534, 3335, 3434, 3533, 4568, 8524, 3537, 3634, 3635, 3536",12
"3536",3536,"3436, 3535, 3336, 3437, 3534, 3435, 3736, 3637, 3635, 8565, 3537",11
"3537",3537,"3436, 3438, 3535, 3536, 4273, 3737, 3638, 3539, 9943, 3637, 3538",11
"3538",3538,"3438, 3537, 3338, 3437, 3738, 3639, 3540, 3637, 3638, 3539",10
"3539",3539,"3439, 3538, 3438, 3440, 3537, 218, 7786, 3739, 3640, 3638, 3639, 3540",12
"3540",3540,"3440, 3539, 3441, 3538, 3201, 3439, 3340, 3641, 7828, 3639, 5828, 3541",12
"3541",3541,"3441, 3540, 3341, 3440, 3442, 3741, 3642, 3543, 3640, 3641",10
"3542",3542,"2520, 3342, 3441, 3268, 3742, 3544, 3641, 3642, 3543",9
"3543",3543,"3443, 3542, 3343, 3442, 3444, 3541, 7340, 3743, 3545, 3642, 8350, 3643, 6977",13
"3544",3544,"3444, 3443, 3445, 3542, 7715, 3744, 7919, 3644, 3545",9
"3545",3545,"1900, 3445, 3544, 3345, 3444, 3446, 3543, 3745, 3646, 3547, 3645, 3546",12
"3546",3546,"3446, 3545, 3346, 3445, 3447, 3746, 3647, 3548, 5001, 6376, 4903, 3646, 3547",13
"3547",3547,"3447, 3546, 3347, 3545, 8895, 3648, 3549, 3646, 7955, 3647, 5143",11
"3548",3548,"3448, 3447, 3449, 3546, 3128, 81, 3748, 7187, 3648, 3549",10
"3549",3549,"3548, 3349, 3448, 3547, 8337, 3749, 3650, 3551, 3648, 6792, 3550",11
"3550",3550,"3450, 3549, 3449, 3451, 2421, 5284, 3750, 3651, 3552, 3649, 9223, 3650",12
"3551",3551,"3451, 3351, 3450, 3452, 3549, 3754, 6190, 3645, 3751, 3652, 5353, 3650, 3651, 3552",14
"3552",3552,"3452, 3551, 3451, 3550, 9623, 5262, 5255, 3752, 3653, 3554, 3651, 3652, 6036",13
"3553",3553,"3453, 3353, 3452, 3454, 3753, 3654, 3555, 3652, 5189, 3554",10
"3554",3554,"3454, 3553, 3354, 3453, 3455, 3552, 3754, 3655, 3653, 3654, 3555",11
"3555",3555,"3455, 3554, 3355, 3454, 3456, 3553, 6138, 3755, 3557, 3655, 3556",11
"3556",3556,"3456, 3555, 1529, 3356, 3455, 3457, 3756, 3657, 3558, 3580, 3656, 3557",12
"3557",3557,"3556, 2641, 3357, 3456, 3458, 3555, 7923, 3757, 3658, 3656, 3657, 3558",12
"3558",3558,"3557, 3358, 3457, 3556, 3758, 3659, 3560, 3657, 4743, 3658, 3559",11
"3559",3559,"3459, 3558, 2935, 3458, 3460, 3759, 3561, 3658, 5179, 3659, 3560",11
"3560",3560,"3460, 3559, 3360, 3459, 3461, 3558, 2576, 3760, 3562, 3659, 7745, 3561",12
"3561",3561,"3461, 3560, 3361, 3460, 3559, 6981, 6703, 4277, 3761, 3662, 3563, 3660, 3661, 3562",14
"3562",3562,"3462, 3561, 3461, 3463, 3560, 7588, 3762, 9065, 3564, 3661, 3662, 3563",12
"3563",3563,"3463, 3562, 1277, 3363, 3462, 3464, 3561, 2045, 3763, 3664, 5305, 3662, 3564",13
"3564",3564,"3464, 3364, 3463, 3562, 3563, 5754, 3665, 8050, 3663, 4773, 8841, 3664, 3565",13
"3565",3565,"3465, 3564, 3365, 3464, 3466, 3338, 3666, 3567, 3664, 7374, 7257, 3665, 3566",13
"3566",3566,"3466, 3565, 2053, 3465, 3467, 3766, 3667, 3568, 3665, 3666, 3567",11
"3567",3567,"3467, 3566, 1786, 3367, 3466, 3468, 3565, 4440, 3767, 3668, 3569, 3666, 3667, 3568",14
"3568",3568,"3468, 3567, 2851, 3368, 3039, 3469, 3566, 1400, 3669, 3570, 3668, 3569",12
"3569",3569,"2630, 1186, 3568, 1636, 3369, 3468, 3470, 3567, 8752, 6181, 3769, 3571, 3668, 8535, 3669, 3570",16
"3570",3570,"3470, 3569, 3370, 3469, 3471, 3568, 3425, 6274, 5945, 3770, 3572, 3669, 3670, 3571",14
"3571",3571,"3570, 3371, 3470, 3472, 3569, 3771, 3672, 3573, 3670, 3572",10
"3572",3572,"3472, 3372, 3471, 3570, 1793, 3571, 3772, 3673, 3574, 3672, 3573",11
"3573",3573,"3473, 3572, 3373, 3472, 3474, 3571, 3773, 3674, 3575, 3672, 3673, 3574",12
"3574",3574,"3474, 3573, 3473, 3475, 3572, 2866, 9472, 3774, 3675, 3673, 3674, 3575",12
"3575",3575,"3475, 3574, 3375, 3474, 3476, 3573, 9408, 9172, 3775, 3676, 3577, 4946, 7229, 3675, 3576",15
"3576",3576,"3575, 721, 3376, 3475, 3477, 4157, 3776, 3677, 3578, 3675, 3676, 3577",12
"3577",3577,"3477, 3576, 2014, 3377, 3476, 3478, 3575, 3678, 3579, 3676, 3677, 3578",12
"3578",3578,"2979, 3478, 3577, 3378, 3477, 3479, 3576, 3778, 3679, 3580, 3677, 6950",12
"3579",3579,"3479, 3379, 3478, 3480, 3577, 5375, 3779, 3680, 3581, 3678, 3679, 3580, 8673",13
"3580",3580,"3480, 3579, 3380, 779, 3556, 3578, 3780, 3681, 3582, 3679, 3680, 3581",12
"3581",3581,"3580, 2152, 3381, 3480, 3482, 3579, 3781, 3682, 3583, 3680, 7832, 3582",12
"3582",3582,"3482, 3581, 683, 3382, 3481, 3483, 3580, 225, 3782, 3683, 3681, 3682, 3583",13
"3583",3583,"3483, 3582, 3383, 3482, 3484, 3581, 4475, 3783, 3684, 3585, 3683, 3584",12
"3584",3584,"3484, 3583, 3483, 3784, 3685, 3586, 3683, 4978, 4262, 3684, 3585",11
"3585",3585,"3584, 3484, 3486, 3583, 3785, 3686, 3587, 3684, 8356, 3685, 3586",11
"3586",3586,"3486, 3585, 2981, 3584, 5708, 7651, 4105, 3687, 3588, 3685, 3686, 3587",12
"3587",3587,"3586, 790, 3387, 3488, 3585, 7523, 7156, 3787, 3688, 3589, 3686, 8040, 3687, 3588",14
"3588",3588,"3488, 3587, 3388, 3487, 3489, 3586, 5762, 3590, 4609, 4511, 3688",11
"3589",3589,"3489, 1791, 3389, 3488, 3490, 3587, 4801, 3789, 3690, 6562, 3688, 3689, 3590",13
"3590",3590,"3589, 1425, 3390, 3489, 3491, 3588, 7104, 5097, 3790, 3691, 3592, 3690, 3591",13
"3591",3591,"3491, 3590, 3391, 3490, 3890, 3791, 3692, 3593, 5231, 3724, 3592",11
"3592",3592,"3492, 3591, 14, 3493, 3590, 3491, 3792, 3693, 3594, 9423, 3593",11
"3593",3593,"3493, 3592, 3494, 3591, 3492, 2743, 9464, 3793, 3694, 3595, 3692, 3594",12
"3594",3594,"3494, 3593, 3394, 3493, 3495, 3592, 3683, 3794, 3695, 3596, 3693, 3694, 3595",13
"3595",3595,"3278, 3495, 3594, 3395, 3496, 3593, 71, 3795, 3696, 3597, 3694, 3596",12
"3596",3596,"3595, 3396, 3495, 3497, 3594, 3796, 3697, 3598, 3695, 3696, 3597",11
"3597",3597,"1473, 3497, 3596, 3397, 3496, 3498, 3595, 3797, 3698, 3599, 3696, 4330, 8797, 3598",14
"3598",3598,"3597, 3119, 2183, 3497, 3596, 3798, 3699, 3600, 3697, 3698, 3599",11
"3599",3599,"3499, 3598, 3399, 3500, 3597, 2298, 3324, 3698",8
"3600",3600,"3500, 3400, 3598, 3499, 8199, 9058, 3800, 3699, 3700",9
"3601",3601,"3501, 3401, 3502, 3801, 3702, 7925, 3701, 3602",8
"3602",3602,"3502, 3601, 3402, 3503, 3181, 3703, 3604, 3701, 3702",9
"3603",3603,"3503, 980, 3504, 9365, 3704, 3605, 3702, 7337, 6718, 3703, 3604",11
"3604",3604,"3504, 3603, 3404, 3505, 3602, 9776, 3703, 3704",8
"3605",3605,"3505, 3405, 3150, 3603, 3805, 3706, 3607, 3704, 3705, 3606, 8965",11
"3606",3606,"3506, 3605, 245, 3406, 3505, 3507, 9311, 3806, 3707, 3608, 3705, 4936, 3706, 8245",14
"3607",3607,"3507, 3506, 3508, 3605, 8265, 5108, 3807, 3708, 3609, 3643, 3707, 3608",12
"3608",3608,"3508, 3607, 3507, 3509, 3606, 5833, 3808, 3709, 3610, 3707, 3609",11
"3609",3609,"3471, 3509, 3409, 3508, 3510, 3607, 3608, 3809, 3710, 3611, 3708, 3709, 3610",13
"3610",3610,"3510, 3609, 3511, 3608, 3509, 3810, 3711, 3612, 3709, 3710, 3611",11
"3611",3611,"3511, 3610, 3411, 3510, 3609, 4582, 3811, 3712, 3613, 3710, 3612",11
"3612",3612,"3512, 3511, 3513, 3610, 2469, 3611, 9027, 3812, 3713, 3614, 3711, 6527, 3712, 8158",14
"3613",3613,"3413, 3512, 3514, 3611, 3895, 3813, 3714, 3615, 3712, 3713, 3614",11
"3614",3614,"3514, 3613, 3414, 3513, 3515, 3612, 3814, 3715, 3616, 3713, 3714, 3615",12
"3615",3615,"3515, 3614, 3415, 3514, 1881, 3613, 3815, 3716, 3617, 8267",10
"3616",3616,"2823, 3516, 3416, 3515, 3517, 3614, 6196, 3816, 3717, 3618, 3715, 3716, 3617, 8949",14
"3617",3617,"3517, 3616, 182, 3417, 3516, 3518, 3615, 3817, 3718, 3619, 3716",11
"3618",3618,"3518, 3418, 3519, 3616, 9400, 3818, 3719, 3620, 3717, 4762, 9741, 3845, 3619, 4884",14
"3619",3619,"3519, 3618, 3419, 3518, 3520, 3617, 3819, 3621, 3718, 3719, 3620",11
"3620",3620,"3619, 3420, 3519, 3521, 3618, 357, 3820, 3622, 3719, 3720, 3621, 4156",12
"3621",3621,"3521, 3620, 3421, 3522, 3619, 4450, 8603, 3722, 3623, 3720, 3721, 3622",12
"3622",3622,"2484, 3621, 322, 3521, 3523, 3620, 6117, 3822, 3723, 3624, 3721, 3623",12
"3623",3623,"3523, 3423, 3524, 3621, 3622, 4439, 3645, 3823, 3724, 3625, 3722, 9511, 3723",13
"3624",3624,"3524, 3424, 3523, 3525, 3622, 2295, 8616, 3824, 3725, 3626, 3723, 3724, 3625, 7329",14
"3625",3625,"3624, 3425, 3526, 3623, 3524, 3825, 3726, 3627, 3724, 3725, 3626",11
"3626",3626,"3526, 3625, 3426, 3525, 3527, 3624, 3826, 3727, 3628, 3725, 3726",11
"3627",3627,"3527, 1001, 563, 3427, 3526, 3528, 3625, 5979, 3827, 3728, 3629, 3726, 3727, 3628",14
"3628",3628,"1059, 3528, 3627, 164, 3428, 265, 3529, 3626, 4776, 3828, 3630, 3727, 3728, 3629",14
"3629",3629,"3628, 43, 3528, 3530, 3627, 3730, 3631, 3728, 3729, 3630",10
"3630",3630,"3530, 3629, 3430, 3529, 3531, 3628, 5478, 3830, 3731, 3730",10
"3631",3631,"3531, 3431, 3530, 3629, 8122, 3633, 3730, 4783, 4813",9
"3632",3632,"1534, 1196, 3531, 3533, 45, 2280, 6323, 3733, 3634, 3731, 3732, 3633",12
"3633",3633,"3533, 3632, 3433, 3534, 3631, 6690, 3833, 3734, 3635, 3732, 3733, 3634",12
"3634",3634,"3534, 3633, 3434, 3533, 3535, 3632, 6949, 4234, 3834, 5401, 3636, 3733, 3635",13
"3635",3635,"3535, 3534, 3633, 3536, 3634, 3835, 3736, 3637, 3734, 7078, 3636",11
"3636",3636,"3436, 3634, 3635, 8533, 9653, 3836, 3638, 3735, 3736, 3637",10
"3637",3637,"3537, 3636, 868, 3437, 3536, 3538, 3635, 9092, 3837, 3738, 3639, 3737, 3638",13
"3638",3638,"3538, 3637, 3438, 3537, 3539, 3636, 3838, 3739, 5009, 3639",10
"3639",3639,"3539, 3638, 3538, 3540, 3637, 4579, 3839, 3740, 3641, 3738, 3739, 3640",12
"3640",3640,"3639, 663, 3440, 3539, 3541, 3255, 3509, 3840, 3741, 3642, 3739, 3641",12
"3641",3641,"3541, 3441, 3540, 3542, 3639, 2104, 3640, 9152, 9260, 3742, 3643, 3741, 3642",13
"3642",3642,"3542, 3641, 3442, 3541, 3543, 3640, 9398, 3842, 3743, 3644, 3741, 6876, 3643",13
"3643",3643,"3543, 972, 3443, 3607, 3641, 3642, 3843, 3744, 3645, 3742, 4949, 3743, 3644",13
"3644",3644,"1617, 3544, 3643, 3444, 1337, 2291, 3642, 3745, 3646, 3744, 3645",11
"3645",3645,"197, 3545, 3644, 3445, 3501, 1841, 3643, 3551, 3623, 3845, 3647, 3745, 3646",13
"3646",3646,"3546, 3645, 3446, 3545, 3547, 3644, 9367, 7217, 3846, 3747, 3648, 3745, 3746, 3647",14
"3647",3647,"2608, 3547, 3646, 3546, 3645, 4259, 3748, 3649, 5916, 3747, 3648",11
"3648",3648,"3548, 3647, 3448, 3549, 3646, 3547, 3848, 3749, 3650, 3747, 8513, 3748, 3649",13
"3649",3649,"2247, 3648, 3449, 3550, 3647, 3849, 3750, 3651, 3748, 3749, 3650",11
"3650",3650,"955, 3550, 3649, 3450, 3549, 3551, 3648, 1990, 9882, 3850, 3751, 3652, 3750, 3651",14
"3651",3651,"3551, 3650, 3451, 3550, 3552, 3649, 5270, 3851, 3752, 3653, 3750, 3751, 3652",13
"3652",3652,"3552, 3651, 3452, 3551, 3553, 3650, 7088, 4308, 3852, 3753, 3654, 3751, 3752, 3653",14
"3653",3653,"3652, 3552, 3554, 3651, 6758, 5926, 3853, 3754, 3655, 3752, 3753, 3654",12
"3654",3654,"3554, 3653, 1427, 3553, 3652, 3854, 3755, 3656, 4650, 3754, 3655",11
"3655",3655,"3555, 3654, 3554, 3653, 2372, 8254, 7222, 5358, 3756, 3657, 3754, 3656",12
"3656",3656,"698, 3556, 3655, 3456, 3654, 3557, 3856, 3757, 3658, 3755, 7519, 3756, 3657",13
"3657",3657,"3085, 3557, 3656, 3457, 3556, 3558, 3655, 5244, 3758, 3659, 3756, 3757, 3658",13
"3658",3658,"3558, 3657, 471, 3458, 3557, 3559, 3656, 4591, 3858, 3759, 3660, 3757, 3758, 3659",14
"3659",3659,"3559, 3658, 3459, 3558, 3560, 3657, 3859, 3760, 3758, 3759, 3660",11
"3660",3660,"1480, 2939, 3659, 3460, 3561, 3658, 2217, 8518, 3860, 3759, 6669, 8244, 3661",13
"3661",3661,"3561, 3660, 1695, 3204, 3562, 3861, 3762, 3663, 3760, 9074, 3761, 3662",12
"3662",3662,"3562, 3661, 3462, 3561, 3563, 2020, 7478, 6696, 3862, 3763, 3664, 3761, 3762, 3663",14
"3663",3663,"3662, 3463, 3564, 3661, 2242, 3220, 8298, 3764, 3665, 3763",10
"3664",3664,"3564, 3464, 3563, 3565, 3662, 3864, 3765, 3666, 3764",9
"3665",3665,"3565, 1151, 3465, 3564, 3566, 3663, 6009, 3865, 3766, 3667, 3764, 3765, 3666, 8601",14
"3666",3666,"3213, 3566, 3665, 3466, 3565, 3567, 3664, 2718, 3767, 3765, 3766, 3667",12
"3667",3667,"3567, 3666, 2073, 3467, 3566, 1562, 3665, 3867, 3768, 3669, 3766, 3767, 3668",13
"3668",3668,"3568, 3667, 502, 3567, 3569, 3527, 3868, 3769, 3767, 9981, 5821, 3768, 3669",13
"3669",3669,"3569, 3668, 744, 3469, 3568, 3570, 3667, 997, 9069, 3869, 3770, 3671, 3769, 3670",14
"3670",3670,"3570, 3669, 3470, 1925, 3571, 9370, 7378, 3870, 3771, 3672, 3769, 3770, 3671",13
"3671",3671,"3670, 3471, 3669, 1537, 8953, 3871, 3772, 3770, 3771",9
"3672",3672,"3572, 3472, 3571, 3573, 3670, 6424, 3773, 3674, 3771, 3673",10
"3673",3673,"3573, 3672, 3473, 3572, 3574, 7105, 3873, 3774, 3675, 3772, 9025, 3773, 3674",13
"3674",3674,"3574, 3673, 914, 3474, 3573, 3672, 7512, 8008, 3775, 3773, 4653, 3675",12
"3675",3675,"3575, 3674, 3475, 3574, 3576, 3673, 3875, 3776, 3774, 4596, 3775, 3676",12
"3676",3676,"3576, 3675, 3476, 3575, 3577, 3324, 1364, 3777, 3678, 7936, 3776, 3677",12
"3677",3677,"3577, 3676, 3477, 3576, 3578, 4498, 9983, 3778, 3679, 3776",10
"3678",3678,"3478, 3579, 3676, 2903, 3577, 3878, 3779, 3680, 3778, 3679, 6878",11
"3679",3679,"3579, 3678, 3479, 3578, 3580, 3677, 3879, 3780, 3681, 3778, 3779, 3680",12
"3680",3680,"3580, 3679, 3480, 3579, 3581, 3678, 4724, 3880, 3781, 3682, 3779, 3780, 3681",13
"3681",3681,"3680, 2373, 3481, 3580, 3582, 3679, 3881, 3782, 3683, 3780, 3781, 3682",12
"3682",3682,"3582, 3681, 3482, 3581, 3680, 9236, 3882, 3783, 3684, 8176, 3782, 3683",12
"3683",3683,"3583, 3682, 3483, 3582, 3584, 3681, 3594, 8982, 3685, 3782, 9589, 4508, 3783, 3684",14
"3684",3684,"3584, 3683, 3484, 3583, 3585, 3682, 7550, 3884, 3785, 3686, 3783, 3784, 3685",13
"3685",3685,"3585, 3684, 3485, 3584, 3586, 3061, 3683, 3885, 3786, 3841, 3785, 3686",12
"3686",3686,"3586, 3685, 3486, 3585, 3587, 3684, 3886, 3688, 3785, 3786, 3687",11
"3687",3687,"3587, 3686, 159, 3487, 3586, 5330, 3887, 3788, 3689, 3786, 3787, 3688",12
"3688",3688,"2931, 3588, 3687, 3488, 3587, 3589, 3686, 3888, 3789, 3787, 3689",11
"3689",3689,"3589, 3489, 2388, 3687, 3688, 3869, 3889, 3790, 3691, 9106, 3789, 3690",12
"3690",3690,"3590, 3689, 3589, 551, 4392, 3890, 3791, 8700, 3789, 9157, 3790, 3691",12
"3691",3691,"3690, 3590, 3689, 6130, 3891, 7261, 3693, 3790, 3791, 5090",10
"3692",3692,"1481, 663, 3591, 3593, 8275, 6831, 3892, 7416, 3694, 7114, 3792",11
"3693",3693,"3493, 3592, 3594, 3691, 3893, 3794, 3695, 3793, 3694, 4300",10
"3694",3694,"2120, 3594, 3693, 3494, 3593, 3595, 3692, 3894, 3795, 3696, 3793, 3794",12
"3695",3695,"3495, 3594, 3596, 3693, 3796, 3697, 3795, 3696, 3855",9
"3696",3696,"3596, 3695, 3595, 3597, 3694, 3896, 6172, 3698, 3795, 3697",10
"3697",3697,"1812, 3497, 3596, 3598, 3695, 2512, 3696, 8428, 3798, 3699, 3796, 3797, 3698",13
"3698",3698,"1628, 3598, 3697, 3597, 3696, 3599, 3898, 3799, 3700, 3797, 4474, 5432, 3798, 3699",14
"3699",3699,"3698, 3598, 3600, 3697, 3922, 7371, 3800, 3798, 3799, 3700",10
"3700",3700,"3600, 3699, 3500, 3698, 4614, 3900, 3799, 5919, 6041, 4121, 3800",11
"3701",3701,"3601, 3501, 3602, 1288, 3901, 3802, 3801, 3702",8
"3702",3702,"3602, 3701, 78, 3502, 3601, 3603, 3803, 3704, 3801, 3802",10
"3703",3703,"3603, 1619, 2744, 3503, 3604, 3602, 6280, 3903, 3804, 3705, 3802, 3803, 3704",13
"3704",3704,"3604, 3703, 3504, 3605, 3702, 3603, 3904, 3805, 3706, 3803, 3804, 3705",12
"3705",3705,"3605, 3704, 3505, 3606, 3703, 3905, 3806, 3707, 3804, 8885, 3805, 3706",12
"3706",3706,"3606, 3705, 3506, 3605, 2791, 3704, 8004, 3906, 3807, 3708, 3805, 3806, 3707",13
"3707",3707,"2210, 2327, 3607, 3706, 3507, 3606, 3608, 3705, 3907, 3808, 3709, 3806, 7288, 3807, 3708",15
"3708",3708,"3707, 3508, 3607, 3609, 3706, 3929, 3908, 3809, 3710, 3807, 3808",11
"3709",3709,"3609, 3608, 3610, 3707, 8726, 3909, 3810, 5899, 3808, 4147, 3809, 3710, 6465",13
"3710",3710,"706, 2930, 3610, 3709, 2689, 3510, 3609, 3611, 3708, 5452, 3910, 3811, 3712, 4130, 3810, 3711",16
"3711",3711,"629, 3710, 1386, 3610, 3612, 3911, 7821, 3713, 3810, 3811, 3712, 9425",12
"3712",3712,"3612, 3711, 3512, 3611, 3613, 3710, 3912, 3813, 3714, 3811, 9368",11
"3713",3713,"3613, 2549, 3513, 3612, 3614, 3711, 7312, 3913, 3814, 3715, 3812, 3813, 3714, 5497",14
"3714",3714,"3614, 3713, 3613, 3712, 8566, 3914, 3815, 3716, 3813, 3715",10
"3715",3715,"3502, 3714, 3614, 3616, 3713, 516, 3915, 3816, 3717, 3814, 3716",11
"3716",3716,"1592, 3616, 3715, 3615, 3617, 3714, 3117, 7502, 3817, 3718, 3815, 3816",12
"3717",3717,"3485, 1517, 1758, 3517, 3616, 3618, 3715, 434, 3818, 3816, 3817, 9637",12
"3718",3718,"3518, 3617, 3619, 3716, 9646, 3918, 3819, 3720, 3817, 3818, 3719, 5944",12
"3719",3719,"3619, 3718, 3519, 3618, 3620, 3919, 3820, 3721, 3818, 3819, 3720",11
"3720",3720,"3620, 3719, 3621, 3718, 2533, 3920, 4350, 3722, 3819, 5775, 3721",11
"3721",3721,"3621, 3720, 3521, 3622, 3719, 3921, 3822, 3820, 3821, 3722",10
"3722",3722,"3721, 2238, 3522, 3623, 3720, 3621, 3922, 3823, 3724, 3821, 3822, 3723",12
"3723",3723,"3275, 3623, 3722, 3523, 3622, 3624, 4014, 3923, 3824, 3725, 9939, 3823, 3724",13
"3724",3724,"3591, 3624, 3723, 896, 2615, 3623, 3625, 3722, 4004, 3924, 4995, 7863, 9348, 7654, 3824, 3725",16
"3725",3725,"3625, 3724, 2563, 3525, 3624, 3626, 3723, 1115, 5262, 3925, 3826, 3727, 3825, 3726",14
"3726",3726,"3626, 3725, 430, 3526, 3625, 3627, 3926, 3827, 3728, 3825, 3826, 3727",12
"3727",3727,"3627, 3726, 3527, 3626, 3628, 3725, 8471, 3927, 3828, 3729, 3826, 4788, 3827, 3728",14
"3728",3728,"3628, 3727, 3528, 3627, 3629, 3726, 9082, 3928, 3829, 3730, 3827, 3828, 7387",13
"3729",3729,"3629, 1750, 3529, 3727, 7463, 5788, 3830, 3731, 7658, 3829, 4453",11
"3730",3730,"3630, 111, 3530, 3631, 3728, 3629, 4574, 3831, 4126, 3829, 3830, 3731",12
"3731",3731,"3730, 3531, 3630, 3632, 3729, 2776, 3931, 3832, 3830, 3831, 3732",11
"3732",3732,"3632, 3731, 2409, 3532, 3633, 3932, 3734, 3831, 3832, 3733",10
"3733",3733,"3633, 3732, 3533, 3632, 3634, 244, 5773, 3933, 3834, 3735, 3832, 5668, 3833, 3734",14
"3734",3734,"1733, 3733, 875, 3534, 3633, 3635, 3732, 3842, 4565, 3934, 7198, 3833, 3834, 3735",14
"3735",3735,"514, 3734, 3636, 3733, 5218, 6917, 3935, 3836, 3737, 3834, 3835, 3736",12
"3736",3736,"3636, 3735, 3536, 3635, 2006, 8245, 3936, 3837, 3738, 3835, 3836, 3737",12
"3737",3737,"3637, 3736, 3537, 3374, 3352, 3735, 3937, 3838, 3739, 4869, 3837, 3738",12
"3738",3738,"3737, 3538, 3637, 3639, 3736, 3938, 3839, 3740, 3837, 3838, 3739",11
"3739",3739,"3639, 3738, 547, 3539, 3638, 3640, 3737, 2698, 5568, 3939, 3840, 3838, 3839, 3740",14
"3740",3740,"3422, 3739, 3639, 3738, 6310, 3940, 3841, 3742, 3839, 3840",10
"3741",3741,"3641, 1313, 3541, 3640, 3642, 3941, 3842, 3743, 3840, 3841, 3742, 6529",12
"3742",3742,"3741, 543, 3542, 3641, 3643, 3740, 8303, 3942, 3843, 3744, 5821, 3842, 3743",13
"3743",3743,"3643, 3742, 3543, 3642, 3741, 7458, 3943, 3844, 3842, 3843, 3744",11
"3744",3744,"3644, 3743, 3544, 3643, 3742, 3845, 3746, 3843, 3844, 5340",10
"3745",3745,"3095, 3645, 3545, 3646, 1825, 3644, 276, 3945, 3846, 3746",10
"3746",3746,"3646, 3745, 3546, 3744, 3946, 3847, 3748, 3845, 4976, 3846, 3747",11
"3747",3747,"3647, 3746, 2953, 3646, 3648, 1585, 4036, 3947, 3848, 3749, 3846, 6955, 8588",13
"3748",3748,"3648, 3548, 3647, 3649, 3746, 9663, 3948, 3849, 5299, 3847, 7782, 3749",12
"3749",3749,"3649, 3549, 3648, 3747, 3748, 6277, 3850, 3751, 3848, 3849, 3750",11
"3750",3750,"3650, 3749, 3550, 3649, 3651, 3857, 3851, 3752, 3849, 9110, 3751",11
"3751",3751,"3651, 3750, 3551, 3650, 3652, 3749, 3951, 3852, 3753, 3850, 3752",11
"3752",3752,"3652, 3751, 233, 3552, 3651, 3653, 3750, 7573, 5967, 3853, 3754, 3851, 3852, 3753",14
"3753",3753,"3653, 3752, 3553, 3652, 3751, 3953, 3854, 3755, 3852, 8524, 3754",11
"3754",3754,"3654, 3753, 2393, 3554, 3653, 3655, 3752, 2974, 3551, 3853, 3854, 3755",12
"3755",3755,"24, 3754, 3555, 3654, 3656, 3753, 4510, 3955, 3856, 3757, 3854, 3855, 3756",13
"3756",3756,"3656, 3755, 3556, 3655, 3657, 7070, 3857, 3758, 3855, 3856, 3757",11
"3757",3757,"3657, 3756, 3368, 3557, 3656, 3658, 3755, 798, 3957, 3858, 3759, 3856, 3758",13
"3758",3758,"3658, 3757, 3558, 3659, 3756, 3657, 3958, 3859, 3760, 3857, 3858, 3759",12
"3759",3759,"3659, 3758, 3559, 3658, 3660, 3757, 7351, 8483, 3959, 3860, 3761, 3858, 3760",13
"3760",3760,"3427, 238, 3759, 3560, 3659, 3661, 3758, 1797, 3107, 8516, 7824, 3960, 3861, 3859, 3860",15
"3761",3761,"3661, 3561, 3662, 3759, 9981, 8795, 7546, 3961, 3862, 3765, 3860, 3861, 8324",13
"3762",3762,"3662, 3562, 3661, 9580, 3962, 3863, 3764, 5988, 7117, 3862, 3763",11
"3763",3763,"3663, 3762, 3563, 3662, 2261, 8620, 3963, 3864, 3765, 3862, 3863, 3764",12
"3764",3764,"3664, 3763, 3665, 3762, 3663, 3964, 3865, 3766, 3863, 3864, 3765",11
"3765",3765,"3665, 3764, 3664, 3666, 3761, 3763, 883, 6767, 3965, 3866, 3767, 3864, 3865",13
"3766",3766,"3666, 3566, 3665, 3667, 3764, 3966, 8933, 3768, 3865, 3866",10
"3767",3767,"3667, 39, 3567, 3666, 3668, 3765, 6695, 6054, 3967, 3868, 3769, 3866, 7706, 4544, 3867, 3768",16
"3768",3768,"3668, 3767, 1902, 3667, 3766, 3968, 5754, 3770, 3867, 7258, 9155, 3769",12
"3769",3769,"3669, 3768, 3569, 3668, 3670, 3767, 3017, 3870, 3771, 3868, 3869, 3770",12
"3770",3770,"3670, 3769, 3570, 3669, 3671, 3768, 6952, 3970, 3871, 3772, 3869, 3870, 3771",13
"3771",3771,"3671, 3770, 3571, 3670, 3672, 3769, 3971, 3872, 3773, 3870, 7841, 5714, 3772",13
"3772",3772,"3324, 3771, 3572, 3671, 3673, 3770, 1355, 3972, 3873, 3774, 3773",11
"3773",3773,"3673, 3473, 3573, 3672, 3674, 3771, 68, 3772, 3973, 3874, 3775, 3872, 9169, 3774",14
"3774",3774,"3773, 3574, 3673, 3772, 3675, 3974, 7640, 3776, 3874, 3775",10
"3775",3775,"3675, 3774, 3575, 3674, 3773, 857, 3975, 3876, 3777, 3874, 3776",11
"3776",3776,"3676, 3775, 134, 269, 3576, 3675, 3677, 3774, 3976, 6010, 3778, 3875, 3876, 3777",14
"3777",3777,"54, 3776, 3676, 3775, 3974, 7213, 6555, 3977, 3878, 3779, 3876, 4920, 4045, 3877, 9372",15
"3778",3778,"3678, 2572, 3578, 3677, 3679, 3776, 3978, 3879, 3780, 3877, 3779",11
"3779",3779,"3679, 3778, 3579, 3678, 3680, 3777, 3979, 3880, 3781, 3879, 3780",11
"3780",3780,"3680, 3779, 413, 3580, 3679, 3681, 3778, 3980, 3881, 3782, 3879, 3880, 3781",13
"3781",3781,"3681, 3780, 3581, 3680, 3779, 9735, 6833, 3981, 3882, 3783, 3880, 3881, 3782",13
"3782",3782,"3682, 3781, 3582, 3681, 3683, 3780, 5013, 3883, 4412, 3881, 9639, 3882, 3783",13
"3783",3783,"3683, 3782, 3583, 3682, 3684, 3781, 2563, 4215, 3983, 3884, 3785, 3882",12
"3784",3784,"3684, 3584, 7838, 3984, 3885, 3883, 3867, 3785",8
"3785",3785,"3685, 3784, 3585, 3684, 3686, 3783, 3985, 3886, 3787, 3884, 3885, 6449",12
"3786",3786,"3686, 3685, 3687, 1338, 6816, 3986, 3887, 3885, 3886",9
"3787",3787,"3687, 3587, 3688, 3785, 3888, 3789, 3886, 6181, 3887, 9913",10
"3788",3788,"3293, 1877, 3687, 2276, 6817, 6926, 3988, 3889, 3790, 4187, 3888, 3789, 4935",13
"3789",3789,"3689, 3788, 3589, 3688, 3690, 3787, 1648, 3989, 9231, 3791, 3888, 3889",12
"3790",3790,"3690, 3590, 3689, 3691, 3788, 3990, 3891, 3792, 3889, 3890, 3791",11
"3791",3791,"3691, 3790, 3591, 3690, 3789, 7761, 3991, 3892, 3793, 6158, 3830, 3792",12
"3792",3792,"3692, 3791, 3592, 3790, 5692, 7803, 3893, 3794, 5030, 3892, 3793",11
"3793",3793,"3693, 3792, 3593, 3694, 3791, 3993, 3894, 3795, 3892, 3893, 3794",11
"3794",3794,"3694, 3793, 3594, 3693, 896, 3792, 3994, 3895, 3796, 3894, 3795",11
"3795",3795,"3695, 3794, 3595, 3694, 3696, 3793, 119, 4052, 3896, 3797, 3895, 3796",12
"3796",3796,"3795, 3596, 3697, 3794, 3695, 9739, 4564, 5338, 3897, 3798, 3896, 3797",12
"3797",3797,"3697, 3796, 3597, 3698, 3795, 6645, 3898, 3896, 3897, 3798",10
"3798",3798,"3698, 3797, 3113, 3598, 3697, 3699, 3796, 9162, 3998, 3899, 3800, 8456, 3898, 5980",14
"3799",3799,"3699, 3698, 3700, 7970, 3999, 3900, 3898, 7742, 5914, 3899, 3800",11
"3800",3800,"3700, 3799, 3600, 3798, 3699, 5138, 4882, 4000, 3899, 9494, 3900",11
"3801",3801,"3701, 3601, 3702, 5309, 4001, 3902, 3803, 3901, 3802",9
"3802",3802,"3702, 3801, 3288, 3701, 3703, 4260, 4192, 4002, 3903, 3804, 3901, 3902, 3803",13
"3803",3803,"3703, 3802, 3702, 3704, 3801, 5345, 4003, 3902, 3903, 3804",10
"3804",3804,"3014, 3704, 3803, 1521, 3703, 3705, 3802, 7238, 5121, 4004, 3806, 3903, 3904, 3805",14
"3805",3805,"3705, 3804, 1983, 1884, 3605, 3704, 3706, 2064, 4878, 4005, 3906, 3807, 3904, 3905, 3806",15
"3806",3806,"3706, 3805, 3606, 3705, 3707, 3804, 4006, 3907, 3808, 3905, 3906, 3807",12
"3807",3807,"2554, 3707, 3806, 3607, 3706, 3708, 3805, 4007, 3908, 3809, 3906, 3907, 3808",13
"3808",3808,"3708, 3807, 1254, 3608, 3707, 3709, 3806, 4008, 3909, 3810, 3907, 3908, 3809",13
"3809",3809,"3709, 3808, 3609, 3708, 3807, 4009, 3910, 3908, 3909, 3810",10
"3810",3810,"3710, 3809, 3610, 3709, 3711, 3808, 3911, 3812, 3909",9
"3811",3811,"1815, 3711, 927, 3611, 3710, 3712, 4011, 3813, 3910, 8786, 3911, 6789",12
"3812",3812,"3089, 3612, 3713, 3810, 2817, 4012, 3913, 4588, 3912, 3813",10
"3813",3813,"3713, 3812, 3613, 3712, 3714, 3811, 4013, 3815, 3913, 3814",10
"3814",3814,"1481, 3813, 3614, 3713, 3715, 4014, 3915, 3816, 3913, 6363, 3914, 3815",12
"3815",3815,"3814, 3615, 3714, 3716, 3813, 7373, 4015, 3916, 3817, 3914, 3915, 3816",12
"3816",3816,"3716, 3815, 3616, 3715, 3717, 3814, 6910, 3917, 3818, 3915, 3916, 3817",12
"3817",3817,"3376, 3717, 3816, 3617, 3716, 3718, 3815, 4017, 3918, 3819, 3916, 3917, 3818",13
"3818",3818,"989, 3718, 3817, 3618, 3717, 3719, 3816, 283, 7384, 6252, 4018, 3820, 3917, 3819",14
"3819",3819,"3719, 3818, 3619, 3718, 3720, 3817, 4019, 3821, 3918, 3919, 3820",11
"3820",3820,"3819, 1248, 3620, 3719, 3721, 3818, 8935, 4020, 3822, 3920, 3821",11
"3821",3821,"3721, 3820, 3722, 3819, 6585, 6581, 4021, 3922, 3823, 3920, 5834, 3822",12
"3822",3822,"3722, 1441, 3622, 3721, 3820, 3821, 5327, 4022, 3923, 3824, 3921, 5242, 3823",13
"3823",3823,"3723, 3623, 3722, 3821, 3822, 4023, 3924, 3825, 3922, 3923",10
"3824",3824,"3439, 3724, 1910, 3624, 3723, 3822, 4024, 3925, 3826, 3923, 9804, 3825",12
"3825",3825,"3725, 1083, 3412, 3625, 3726, 3823, 3824, 8272, 4025, 3827, 3924, 3925, 3826",13
"3826",3826,"3726, 3825, 3626, 3725, 3727, 3824, 3927, 3828, 3925, 3926, 3827",11
"3827",3827,"3727, 3826, 3627, 3726, 3728, 3825, 9024, 4027, 3829, 3926, 3927, 3828",12
"3828",3828,"2877, 3728, 3827, 3628, 3727, 3826, 6948, 4028, 3929, 3830, 3927, 3928, 3829",13
"3829",3829,"3729, 3828, 3728, 3730, 3827, 4029, 3930, 3831, 3928, 5575, 7932, 3830",12
"3830",3830,"3730, 3829, 3630, 3731, 3828, 3729, 3791, 5719, 5097, 4030, 3931, 3832, 3929, 3831",14
"3831",3831,"3731, 3830, 658, 3732, 3829, 3730, 4031, 3932, 3833, 3931, 3832",11
"3832",3832,"3732, 3831, 3731, 3733, 3830, 3933, 3931, 3932, 3833",9
"3833",3833,"3733, 3832, 719, 3633, 3049, 3734, 3831, 4033, 3934, 3835, 3932, 3933, 3834",13
"3834",3834,"3734, 3833, 3634, 3733, 3735, 8993, 4034, 6915, 5668, 3934, 3835",11
"3835",3835,"3735, 3834, 3635, 3736, 3833, 3272, 4035, 3936, 3934, 3935, 3836",11
"3836",3836,"3736, 3835, 2073, 3636, 3735, 4036, 3838, 3935, 4379, 3936, 3837",11
"3837",3837,"3737, 3836, 2855, 3637, 3736, 3738, 4037, 3938, 3839, 7372, 3937, 3838",12
"3838",3838,"3738, 3837, 3638, 3737, 3739, 3836, 9156, 5819, 4038, 3939, 3840, 3937, 6179, 7614, 3839",15
"3839",3839,"3739, 3838, 3639, 3738, 3740, 3837, 8685, 4039, 3940, 3841, 3938, 3939, 3840",13
"3840",3840,"3740, 3839, 3640, 3739, 3741, 3838, 4040, 3941, 3842, 3939, 3940, 9111",12
"3841",3841,"3741, 3685, 3740, 3839, 6087, 4041, 3942, 3843, 3940, 3941, 3842",11
"3842",3842,"3734, 3742, 3841, 3642, 3741, 3840, 3743, 3943, 3844, 3941, 5249, 3942, 3843",13
"3843",3843,"1446, 3743, 3842, 3643, 3742, 3744, 3841, 336, 4043, 3944, 3942, 3969, 3943",13
"3844",3844,"3744, 421, 1222, 3743, 3842, 805, 5383, 9304, 8847, 4044, 3945, 3846, 9887, 4777, 3944, 3845",16
"3845",3845,"3618, 3844, 3645, 3746, 3744, 2413, 8697, 3847, 3944, 3846",10
"3846",3846,"3746, 3845, 3745, 3747, 3844, 3646, 8402, 4046, 3947, 3848, 3945, 3946, 3847",13
"3847",3847,"3846, 206, 3746, 3748, 795, 3845, 4047, 3849, 3946, 3947, 7238",11
"3848",3848,"3648, 3747, 3749, 3846, 5747, 4048, 3949, 3850, 3947, 3948, 3849",11
"3849",3849,"3749, 3848, 3649, 3748, 3750, 3847, 4049, 3950, 6390, 3948, 3949, 3850",12
"3850",3850,"3849, 319, 3650, 3751, 3848, 3749, 4050, 3951, 3852, 3949, 3950, 3851",12
"3851",3851,"2661, 3850, 3651, 3750, 3752, 4051, 3952, 3853, 3950, 3951, 7016",11
"3852",3852,"3752, 3652, 3751, 3753, 3850, 6134, 8750, 3953, 3854, 3951, 3853",11
"3853",3853,"3653, 3752, 3754, 3851, 2197, 3852, 4053, 4537, 3952, 3953, 3854",11
"3854",3854,"3754, 3853, 3654, 3753, 3755, 3852, 3955, 8100, 3953, 3954, 3855",11
"3855",3855,"3695, 3755, 3854, 1917, 3756, 4667, 4055, 3956, 3954, 3955",10
"3856",3856,"3756, 3268, 3656, 3755, 3757, 4056, 3957, 3955, 9185, 6813, 3956, 3857, 6306",13
"3857",3857,"3856, 2249, 3750, 3756, 3758, 2557, 4914, 4561, 4057, 3958, 3956, 6212, 3957, 4675",14
"3858",3858,"3758, 2793, 3658, 3757, 3759, 4058, 3959, 3860, 3957, 4371, 3958, 3859",12
"3859",3859,"2620, 3858, 3659, 3758, 3760, 4059, 3960, 5177, 3959",9
"3860",3860,"3760, 267, 2033, 3660, 3759, 3761, 3858, 5752, 4060, 3961, 3862, 3959, 3861",13
"3861",3861,"3761, 3661, 3760, 3860, 4061, 3962, 3863, 8239, 6374",9
"3862",3862,"3762, 243, 1867, 3662, 3761, 3763, 3860, 9347, 4062, 3963, 3864, 3961, 3962, 3863",14
"3863",3863,"3763, 3862, 3762, 3764, 3861, 4063, 3865, 3962, 4094, 3864",10
"3864",3864,"3764, 3863, 3664, 3763, 3765, 3862, 7148, 4064, 3965, 3866, 3963, 3964, 3865",13
"3865",3865,"3129, 3765, 3864, 2458, 3665, 3764, 3766, 3863, 8277, 5603, 4065, 3966, 3867, 3965, 3866",15
"3866",3866,"3766, 3865, 3765, 3767, 3864, 362, 4066, 3967, 3868, 3966, 3867",11
"3867",3867,"3767, 3784, 3866, 3667, 3768, 3865, 4067, 3968, 3869, 3966, 4743, 3967, 3868",13
"3868",3868,"3867, 3668, 3767, 3769, 3866, 456, 7894, 6697, 3969, 3870, 3967, 3968",12
"3869",3869,"3769, 2200, 3465, 3669, 3770, 3867, 3689, 4069, 3871, 3968, 3870",11
"3870",3870,"3770, 3670, 3769, 3771, 3868, 3869, 8547, 3971, 3872, 3969, 3970, 3871",12
"3871",3871,"3870, 3671, 3770, 3869, 4071, 3972, 3873, 3970, 4893, 3971, 3872",11
"3872",3872,"3871, 3771, 3773, 3870, 4849, 4066, 5857, 3874, 6571, 3972, 3873",11
"3873",3873,"3872, 3673, 3772, 3871, 3263, 3988, 4153, 3972, 5690, 3973, 6138",11
"3874",3874,"3774, 3773, 3775, 3872, 9839, 4074, 3975, 3876, 3973, 3974, 3875",11
"3875",3875,"3874, 3675, 3776, 6332, 8549, 8619, 3976, 3877, 3974, 9181, 3975, 8058",12
"3876",3876,"3776, 3775, 3777, 3874, 9145, 3977, 3878, 3976, 3877",9
"3877",3877,"2855, 3528, 3777, 3876, 3778, 3875, 4077, 3978, 3879, 3977, 3878",11
"3878",3878,"1805, 1579, 3877, 1017, 3678, 3777, 3876, 9107, 5114, 4078, 3979, 3880, 3977, 3978",14
"3879",3879,"3779, 2083, 3679, 3778, 3780, 3877, 4079, 3980, 3881, 3978, 3979, 3880",12
"3880",3880,"3780, 3879, 3680, 3779, 3781, 3878, 492, 4080, 3882, 3980, 3881",11
"3881",3881,"3781, 3880, 3681, 3780, 3782, 3879, 4081, 3982, 4247, 3981, 3882",11
"3882",3882,"3782, 3881, 2335, 3682, 3781, 3783, 3880, 4082, 3983, 3884, 3981, 3982, 3883",13
"3883",3883,"3882, 3782, 3784, 7736, 4083, 3984, 3885, 3982, 3983, 3884",10
"3884",3884,"3883, 3684, 3783, 3785, 3882, 4084, 3985, 3886, 3983, 3984, 3885",11
"3885",3885,"3785, 3884, 3685, 3784, 3786, 3883, 5426, 4085, 3986, 3887, 3984, 3985, 7838",13
"3886",3886,"3786, 3686, 3785, 3787, 3884, 4086, 3931, 3985, 3986",9
"3887",3887,"3787, 3687, 3786, 3885, 6112, 3988, 3889, 3986, 3987, 3888, 4833",11
"3888",3888,"208, 3788, 3887, 3688, 3787, 3789, 5241, 3989, 3890, 3987, 3988, 3889",12
"3889",3889,"3789, 3888, 3689, 3788, 3790, 3887, 8511, 4089, 3990, 3891, 3988, 3989, 3890",13
"3890",3890,"3790, 3889, 3591, 3690, 1234, 3888, 4090, 3991, 3892, 6424, 3990, 3891",12
"3891",3891,"2034, 3890, 3691, 3790, 3889, 9258, 4091, 3992, 3893, 3990, 3991, 3892",12
"3892",3892,"3792, 3891, 2276, 3692, 3791, 3793, 3890, 4950, 4092, 3894, 3991, 3992, 3893",13
"3893",3893,"14, 3793, 3892, 3693, 3891, 3792, 1988, 4891, 4093, 3994, 3895, 3992, 9209, 7318, 3894",15
"3894",3894,"3794, 3694, 3793, 3892, 3893, 4094, 3995, 3896, 3993, 4886, 3895",11
"3895",3895,"3795, 3894, 3794, 3893, 3613, 6185, 8243, 4095, 3996, 3994, 4230, 3896",12
"3896",3896,"3796, 3895, 3696, 3795, 3797, 3894, 4096, 3997, 3995, 6257, 3996",11
"3897",3897,"3797, 2021, 3796, 5786, 4097, 3998, 3899, 5597, 6679, 3997, 3898",11
"3898",3898,"3798, 3897, 3698, 3797, 3799, 6889, 4098, 3999, 3967, 3997, 7735, 3998, 3899",13
"3899",3899,"3799, 3898, 3798, 3800, 3897, 3939, 5540, 9285, 4099, 4000, 3998, 3999, 3900",13
"3900",3900,"3800, 3899, 3700, 3799, 4100, 3999, 4000",7
"3901",3901,"3801, 3701, 3802, 3226, 6424, 4871, 9988, 4002, 3903, 3902",10
"3902",3902,"3802, 3901, 3260, 3801, 3803, 9860, 4102, 4003, 3904, 4001, 4002, 3903",12
"3903",3903,"3803, 3902, 3703, 3802, 3804, 3901, 113, 4383, 4103, 3905, 4002, 8735, 3904",13
"3904",3904,"3804, 3903, 3704, 3209, 3805, 3902, 7540, 4104, 4005, 3906, 4003, 4004, 3905",13
"3905",3905,"3805, 3904, 3705, 3806, 3903, 179, 4105, 4006, 6214, 4004, 4869, 4005",12
"3906",3906,"3806, 3035, 3706, 3805, 3807, 3904, 4106, 4007, 3908, 4005, 4006, 3907",12
"3907",3907,"3807, 3906, 3707, 3806, 3808, 4107, 3909, 4006, 3908",9
"3908",3908,"3808, 3708, 3807, 3809, 3906, 3907, 4108, 4009, 3910, 4007, 4008, 3909",12
"3909",3909,"3809, 3908, 3709, 3808, 3810, 3907, 4109, 4010, 3911, 4008, 4009, 3910",12
"3910",3910,"2580, 3909, 3710, 3809, 3811, 3908, 4110, 4011, 3912, 4009, 4771, 4010, 3911",13
"3911",3911,"3811, 3910, 3711, 3909, 3810, 6966, 4111, 4012, 3913, 4010, 4011, 3912",12
"3912",3912,"3812, 3911, 3712, 3910, 4690, 4112, 4013, 3914, 4011, 8646, 4012, 3913",12
"3913",3913,"3813, 3912, 3713, 3812, 3814, 3911, 5679, 7096, 4014, 3915, 4012, 4013, 3914",13
"3914",3914,"3814, 3913, 3714, 3815, 3912, 8558, 4114, 4015, 3916, 4013, 8218, 4014, 3915",13
"3915",3915,"3815, 3914, 3715, 3814, 3816, 3913, 1942, 4115, 4016, 3917, 4015, 3916",12
"3916",3916,"3816, 3915, 3815, 3817, 3914, 1598, 5074, 4116, 4017, 3918, 4016",11
"3917",3917,"3817, 3490, 3818, 3915, 3816, 9452, 4117, 4018, 4016, 4017, 3918",11
"3918",3918,"3917, 3718, 3817, 3819, 3916, 4019, 3920, 4017, 4018, 3919",10
"3919",3919,"3819, 3918, 3719, 172, 3517, 4119, 4020, 3921, 4018, 3920",10
"3920",3920,"3820, 3919, 3720, 1982, 3821, 3918, 2471, 4120, 4021, 5959, 4019, 4020",12
"3921",3921,"3159, 3721, 3822, 3919, 6499, 8342, 6454, 4121, 4022, 3923, 4020, 3945, 4021, 9377",14
"3922",3922,"3699, 3722, 3821, 3823, 4029, 6830, 4122, 4023, 3924, 4022",10
"3923",3923,"3823, 131, 3723, 3822, 3824, 3921, 8649, 4664, 4123, 4024, 3925, 4022, 8001, 4023, 3924",15
"3924",3924,"3923, 3724, 3823, 3825, 3922, 1385, 7890, 5415, 7627, 4025, 5133, 8131, 3925",13
"3925",3925,"3825, 3924, 274, 3725, 3824, 3826, 3923, 4125, 9823, 3927, 4024, 4025, 3926",13
"3926",3926,"776, 3826, 3925, 3726, 3054, 3827, 8367, 4126, 4027, 3928, 4025, 4026, 3927",13
"3927",3927,"3827, 3926, 3727, 3828, 3925, 3826, 4127, 4028, 4800, 4026, 4027, 3928",12
"3928",3928,"3828, 3927, 3728, 3829, 3926, 9718, 8477, 4029, 3930, 4027, 8788, 4028, 3929",13
"3929",3929,"3708, 1513, 3928, 3828, 3830, 2669, 4030, 3931, 4028, 4029, 3930",11
"3930",3930,"3929, 3829, 3928, 4267, 4130, 4031, 3932, 4029, 4030",9
"3931",3931,"3831, 3731, 3830, 3832, 3886, 3929, 4131, 5551, 3933, 4030, 4031, 3932, 5120",13
"3932",3932,"3832, 3931, 3732, 3831, 3833, 3930, 2457, 9251, 6412, 4132, 4033, 3934, 4032, 3933",14
"3933",3933,"2410, 3833, 3932, 3733, 3931, 3832, 762, 4133, 4034, 3935, 4032, 8909, 4033",13
"3934",3934,"3834, 3734, 3833, 3835, 3932, 5780, 4134, 4035, 3936, 4033, 4034, 3935",12
"3935",3935,"3835, 3934, 305, 3735, 3836, 3933, 6604, 4135, 3937, 4034, 4035, 3936",12
"3936",3936,"3836, 3935, 3736, 3835, 3934, 844, 4705, 4136, 4037, 3938, 4035, 8033, 4036, 3937",14
"3937",3937,"3837, 3936, 3737, 3838, 3935, 4137, 4038, 3939, 4036, 9038, 4037, 3938",12
"3938",3938,"3937, 2489, 3738, 3837, 3839, 3936, 4039, 7262, 4037, 9260, 4038, 3939",12
"3939",3939,"3899, 3839, 3938, 2911, 3739, 3838, 3840, 3937, 5109, 4139, 4040, 3941, 4655, 6888, 3940",15
"3940",3940,"3840, 3939, 3740, 3839, 3841, 9503, 8664, 5434, 4140, 4041, 3942",11
"3941",3941,"3841, 271, 3741, 3840, 3842, 3939, 5916, 4141, 4042, 3943, 7751, 4041, 3942, 4931",14
"3942",3942,"3842, 3941, 3742, 3841, 3843, 3940, 4043, 4041, 7813, 4042, 3943",11
"3943",3943,"3843, 3942, 3743, 3842, 3941, 4143, 4044, 9554, 4042, 4043, 3944",11
"3944",3944,"3844, 3943, 3843, 3845, 3203, 2197, 9994, 3972, 3946, 4043, 4124, 8951, 4044, 3945",14
"3945",3945,"3944, 3745, 3921, 3844, 3846, 4145, 4046, 3947, 4044, 8771, 3946",11
"3946",3946,"360, 3846, 3945, 3746, 3847, 3944, 9255, 4541, 4146, 4047, 5585, 4045, 7772, 7298, 4046, 3947",16
"3947",3947,"3847, 3946, 3747, 3846, 3848, 3945, 3079, 4048, 4957, 5043, 4047, 3948",12
"3948",3948,"3848, 3947, 3748, 3849, 6006, 4148, 8353, 3950, 4047, 9637, 4048, 3949",12
"3949",3949,"3849, 3948, 3848, 3850, 3108, 4506, 3951, 4048, 8831",9
"3950",3950,"3850, 3356, 3849, 3851, 3948, 5267, 4051, 4049, 4050, 3951",10
"3951",3951,"3851, 3950, 3751, 3850, 3852, 3949, 6866, 4052, 3953, 4050, 4051, 3952",12
"3952",3952,"3951, 3851, 3853, 1479, 9596, 7172, 4053, 3954, 4051, 4052, 7923",11
"3953",3953,"3853, 3753, 3852, 3854, 3951, 4153, 4054, 3955, 4052, 4053, 3954",11
"3954",3954,"3854, 3953, 2794, 3855, 3952, 4154, 4055, 3956, 4053, 4054, 3955",11
"3955",3955,"3855, 3954, 3755, 3856, 3953, 3440, 3854, 4056, 3957, 4054, 5776, 4055, 3956",13
"3956",3956,"3856, 3955, 537, 3855, 3857, 3954, 4156, 4057, 3958, 4055, 9451, 4056, 3957",13
"3957",3957,"3857, 3956, 1023, 3757, 3856, 3858, 3955, 4157, 4058, 3959, 4057, 3958",12
"3958",3958,"3858, 3957, 1368, 3758, 3857, 1493, 3956, 4158, 4059, 3960, 4057, 5506, 4058, 3959",14
"3959",3959,"3859, 3958, 3759, 3858, 3860, 3957, 4159, 3961, 4058, 7032, 3960",11
"3960",3960,"3959, 2991, 3760, 3859, 237, 3958, 480, 8198, 4061, 3962, 4059, 4060",12
"3961",3961,"3761, 3860, 3862, 1657, 3959, 8471, 4161, 4062, 4060, 4061, 3962",11
"3962",3962,"3862, 3961, 3762, 3861, 3863, 3960, 4162, 3964, 4061, 4062, 3963",11
"3963",3963,"3962, 3763, 3862, 3864, 9793, 4501, 4163, 4064, 3965, 4062, 4063, 3964",12
"3964",3964,"3864, 3963, 3764, 1950, 3962, 7259, 5227, 4164, 4065, 3966, 4063, 4064, 4797",13
"3965",3965,"3865, 3765, 3864, 1737, 3963, 9830, 4165, 4066, 3967, 4064, 4065, 6410",12
"3966",3966,"3866, 3766, 3865, 3867, 3964, 4693, 4067, 3968, 4065, 9065, 4066, 3967",12
"3967",3967,"3867, 3966, 3767, 3866, 3868, 3898, 3965, 374, 4167, 4068, 3969, 4067, 3968",13
"3968",3968,"3152, 3868, 3967, 3768, 3867, 3869, 3966, 4168, 4069, 3970, 4067, 4068, 3969",13
"3969",3969,"3968, 3868, 3870, 3967, 3843, 7650, 4169, 4070, 3971, 4068, 3970",11
"3970",3970,"3870, 3969, 3770, 3871, 3968, 804, 7779, 4170, 4069, 4070, 3971",11
"3971",3971,"3871, 3970, 2745, 3771, 3969, 3870, 4431, 4171, 3973, 4070, 4071, 3972",12
"3972",3972,"3872, 3971, 3772, 3871, 3873, 3944, 4172, 4071, 5721, 4072, 3973",11
"3973",3973,"3873, 3972, 3773, 2289, 3874, 3971, 9629, 4173, 4074, 3975, 6089, 4073, 3974",13
"3974",3974,"3874, 3973, 2961, 3777, 3774, 3875, 2395, 4174, 4075, 4073, 4074, 3975",12
"3975",3975,"405, 3875, 3974, 3775, 3874, 3973, 4671, 4175, 4076, 4074, 4075",11
"3976",3976,"3876, 1100, 3776, 3875, 976, 4996, 4176, 4077, 3978, 4075, 7798, 4076",12
"3977",3977,"3877, 3296, 3777, 3876, 3878, 6816, 4177, 4078, 3979, 4076, 5545, 7180, 4077, 4462",14
"3978",3978,"3878, 1705, 3778, 3877, 3879, 3976, 4178, 4079, 3980, 4077, 4078, 3979",12
"3979",3979,"3879, 3978, 3779, 3878, 3977, 4179, 4080, 3981, 4078, 7063, 4079, 3980",12
"3980",3980,"3880, 3979, 3780, 3879, 551, 3978, 7963, 6922, 4180, 4081, 3982, 4079, 4481, 4080, 3981",15
"3981",3981,"3881, 3980, 820, 3781, 3882, 3979, 8958, 4342, 4181, 4082, 3983, 4080, 7692, 4081, 3982",15
"3982",3982,"3882, 3981, 3881, 3883, 3980, 4182, 4083, 3984, 7645, 4082, 3983",11
"3983",3983,"3883, 3982, 3783, 3882, 3884, 3981, 8929, 8978, 9104, 5984, 4183, 4084, 3985, 4082, 4083, 3984",16
"3984",3984,"3884, 3983, 3784, 3883, 3885, 3982, 4184, 4085, 4083, 4084, 3985",11
"3985",3985,"3885, 3984, 2193, 3785, 3884, 3886, 3983, 4185, 4086, 3987, 4084, 4085, 3986",13
"3986",3986,"3886, 3985, 3786, 3885, 3887, 4087, 3988, 4085, 4775, 4086, 3987",11
"3987",3987,"3887, 3986, 1998, 552, 3888, 3985, 4187, 4088, 4086, 4087, 3988",11
"3988",3988,"3888, 3987, 1160, 3873, 3788, 3887, 3889, 3986, 4224, 9690, 4188, 4089, 4087, 5326, 3989",15
"3989",3989,"3889, 3988, 3789, 3888, 9719, 4189, 8501, 3991, 4088, 4089",10
"3990",3990,"3890, 3790, 3889, 3891, 4190, 4091, 3992, 4089, 9835, 4090, 3991",11
"3991",3991,"3891, 3990, 3791, 3890, 3892, 3989, 4191, 4092, 7134, 4090, 4091, 3992",12
"3992",3992,"3892, 3991, 3891, 3893, 3990, 3162, 2226, 8626, 8321, 5145, 4093, 3994, 4091, 4092",14
"3993",3993,"3793, 3894, 1034, 9510, 4193, 4094, 3995, 7331, 8188, 4093",10
"3994",3994,"417, 2356, 3893, 3895, 3992, 3794, 7673, 4194, 3996, 3995",10
"3995",3995,"474, 3894, 3896, 3993, 3994, 6762, 4195, 4096, 3997, 4094, 4095, 3996",12
"3996",3996,"3896, 3995, 3895, 3994, 5367, 4196, 4097, 3998, 4095, 9553, 5858, 4096, 3997",13
"3997",3997,"3897, 3996, 1613, 3896, 3898, 3995, 1997, 8748, 4197, 4098, 3999, 4096, 4097, 3998",14
"3998",3998,"3898, 3997, 3798, 3897, 3899, 3996, 4099, 4000, 4097, 5635, 4098, 3999",12
"3999",3999,"3899, 3998, 2385, 3799, 3898, 3900, 3997, 4199, 4100, 4098, 4099, 4000",12
"4000",4000,"3900, 3999, 3800, 3899, 3998, 8262, 4200, 7301, 4100",9
"4001",4001,"2131, 3801, 3902, 6554, 4201, 4102, 4003, 4101, 4002",9
"4002",4002,"3902, 4001, 3802, 3901, 3903, 72, 9999, 4202, 4103, 4101, 4102, 4003",12
"4003",4003,"1800, 4002, 3803, 3902, 3904, 4001, 4104, 4005, 4102, 4103, 4004",11
"4004",4004,"3904, 4003, 3724, 3804, 3905, 4204, 4006, 8631, 5278, 4104, 4005",11
"4005",4005,"3905, 4004, 3805, 3904, 3906, 4003, 4006, 4205, 7215, 4007, 4104",11
"4006",4006,"3906, 4005, 3329, 3806, 3905, 3907, 4004, 4206, 4107, 4008, 4105, 4106, 4007",13
"4007",4007,"4006, 3807, 3906, 3908, 4005, 4207, 4108, 4009, 4107, 4008",10
"4008",4008,"3908, 4007, 969, 3808, 1902, 3909, 4006, 4208, 4109, 4010, 4108, 4009",12
"4009",4009,"3909, 4008, 3809, 3908, 3910, 4007, 7619, 4209, 4110, 4011",10
"4010",4010,"3910, 1464, 3909, 3911, 4008, 7545, 4210, 4111, 4012, 4109, 4110, 4011",12
"4011",4011,"1225, 3911, 4010, 3811, 3910, 3912, 4009, 6597, 5289, 4211, 4112, 4013, 4110, 4111, 4012",15
"4012",4012,"3912, 4011, 3812, 3911, 3913, 4010, 4212, 4113, 4014, 4111, 4112, 4013",12
"4013",4013,"3913, 4012, 3813, 3912, 3914, 4011, 1981, 4213, 4114, 4015, 4112, 4113",12
"4014",4014,"3914, 3814, 3913, 2810, 4012, 3723, 4214, 4016, 4113, 4114, 4015",11
"4015",4015,"3915, 4014, 3815, 3914, 806, 4013, 4215, 4017, 4114, 4016",10
"4016",4016,"3916, 4015, 282, 3915, 3917, 4014, 4791, 4216, 4117, 4018, 4115, 4017",12
"4017",4017,"3917, 4016, 3817, 3916, 3918, 1174, 4015, 4118, 4019, 4116, 4117, 4018",12
"4018",4018,"3918, 4017, 230, 3818, 3917, 3919, 4016, 9764, 8687, 4218, 4119, 9053, 4117, 4118, 4019",15
"4019",4019,"2687, 4018, 3819, 3918, 3920, 4017, 1869, 7087, 4219, 4021, 4119, 4020",12
"4020",4020,"1050, 3920, 4019, 3820, 3919, 3921, 4220, 5066, 4119, 4120",10
"4021",4021,"3921, 3821, 3920, 4019, 5048, 4221, 4122, 5549, 4120, 4121, 4022, 8772",12
"4022",4022,"3922, 4021, 3822, 3921, 3923, 105, 84, 7966, 7117, 4024, 4121, 4122, 4023",13
"4023",4023,"3923, 4022, 3823, 3922, 4223, 4124, 4025, 4122, 4123, 4024",10
"4024",4024,"4023, 3824, 3923, 3925, 4022, 1302, 4125, 4026, 4124",9
"4025",4025,"3925, 3825, 3924, 3926, 4023, 4225, 4126, 4027, 4124, 4125, 4026",11
"4026",4026,"2314, 3926, 4025, 3927, 4024, 3030, 7871, 4226, 4127, 4028, 4125, 4027",12
"4027",4027,"3927, 4026, 3827, 3926, 3928, 4025, 4227, 4128, 4029, 4126, 4127, 4028",12
"4028",4028,"3928, 4027, 1547, 3828, 3927, 3929, 4026, 4228, 4129, 4030, 4127, 4128, 4029",13
"4029",4029,"3922, 3929, 4028, 3829, 3928, 3930, 4027, 1911, 4229, 4130, 4031, 4030",12
"4030",4030,"3470, 3930, 4029, 3929, 3931, 4028, 3830, 4131, 4032, 4129, 4130",11
"4031",4031,"3931, 3831, 3930, 4029, 2497, 4231, 4132, 4130, 8049, 9643",10
"4032",4032,"2547, 3932, 2779, 3284, 3933, 4030, 3329, 8152, 4232, 4133, 4034, 4131, 4132",13
"4033",4033,"3933, 3833, 3932, 3934, 4861, 4233, 4035, 4132, 4133",9
"4034",4034,"3934, 3834, 3933, 3935, 4032, 1926, 8984, 4135, 4036, 4133, 4134, 4035, 9709",13
"4035",4035,"3935, 4034, 990, 3531, 3835, 3934, 3936, 4033, 4235, 4136, 4037, 7845, 7526, 4135, 4036",15
"4036",4036,"3936, 4035, 3747, 3836, 3937, 4034, 4236, 4137, 4348, 5005, 7040, 6772, 4136, 4037",14
"4037",4037,"3937, 4036, 1960, 3837, 3936, 3938, 4035, 4237, 4138, 4039, 4136, 4137",12
"4038",4038,"3938, 1442, 3838, 3937, 1606, 4040, 8149, 4138, 4039, 5812",10
"4039",4039,"4038, 3839, 3938, 4037, 7946, 4239, 4140, 4041, 4138, 5465",10
"4040",4040,"3840, 3939, 4038, 6127, 6572, 7235, 4141, 4042, 4140, 4041",10
"4041",4041,"3941, 4040, 2918, 3841, 3940, 3942, 4039, 4241, 6884, 4140, 9168, 4141, 4042",13
"4042",4042,"3942, 4041, 555, 3941, 3943, 4040, 4431, 4242, 4143, 4044, 4141, 4142",12
"4043",4043,"1177, 3943, 3843, 3942, 3944, 8122, 4144, 4142, 4143, 4044, 7019",11
"4044",4044,"3944, 4043, 3844, 3943, 3945, 4042, 8295, 4244, 5589, 4046, 4143, 4144",12
"4045",4045,"3777, 3946, 3494, 4245, 4146, 4047, 4144, 6786, 7634",9
"4046",4046,"3946, 3846, 3945, 4044, 2168, 4246, 4147, 4145, 8430, 4047, 7246",11
"4047",4047,"3947, 4046, 3847, 3946, 3948, 4045, 4247, 4148, 4147, 4048",10
"4048",4048,"1484, 3948, 4047, 3848, 3947, 3949, 2367, 4628, 4248, 4149, 4050, 4147, 4049",13
"4049",4049,"4048, 3849, 3950, 7632, 4249, 4150, 4051, 4148, 5169, 4149, 4050",11
"4050",4050,"3950, 4049, 3850, 3951, 4048, 4250, 4151, 4052, 4149, 4150, 4051",11
"4051",4051,"3951, 4050, 3851, 3950, 3952, 4049, 578, 4251, 4152, 4150, 4151, 4052",12
"4052",4052,"222, 2225, 3952, 4051, 824, 3951, 3953, 4050, 3795, 6176, 5293, 4252, 4153, 4054, 7091, 4152, 4053",17
"4053",4053,"231, 3953, 4052, 3853, 3954, 3952, 4253, 4154, 4055, 4152, 7142, 4054",12
"4054",4054,"3954, 4053, 3953, 3955, 4052, 6905, 7548, 4254, 4155, 4056, 4154, 4055",12
"4055",4055,"3955, 4054, 3855, 3954, 3956, 4053, 4255, 4156, 4057, 4286, 9285, 4056",12
"4056",4056,"3956, 2191, 3856, 3955, 1398, 4054, 4055, 4256, 4157, 6275, 4155, 6749, 4156, 4057",14
"4057",4057,"2372, 3957, 4056, 3857, 3956, 3958, 4055, 7863, 4253, 4257, 4158, 4059, 4156, 4058",14
"4058",4058,"3958, 3858, 3957, 3959, 4057, 4258, 4159, 4060, 4158, 4059",10
"4059",4059,"4058, 3859, 3958, 3960, 4057, 4259, 4160, 4061, 4158, 4060",10
"4060",4060,"3960, 289, 3860, 3961, 4058, 4059, 4300, 7427, 4260, 4161, 4062, 4159, 6543, 4160, 4061",15
"4061",4061,"3961, 4060, 3861, 3960, 3962, 4059, 4261, 4162, 4160, 4062",10
"4062",4062,"3962, 3862, 3961, 3963, 4060, 4061, 4163, 4064, 4161, 4162, 4063",11
"4063",4063,"3963, 4062, 1441, 3863, 3009, 3964, 6844, 4263, 4164, 4065, 4162, 9020, 4163, 4064",14
"4064",4064,"3964, 4063, 3864, 3963, 3965, 4062, 4264, 4165, 4066, 4163, 4164, 4065",12
"4065",4065,"3965, 4064, 3865, 3964, 3966, 4063, 4265, 4166, 4067, 4165, 4066",11
"4066",4066,"3966, 4065, 1809, 3120, 3866, 3965, 4064, 3872, 8877, 4266, 4167, 4068, 8873, 7688, 4166, 4067",16
"4067",4067,"2427, 3477, 3967, 4066, 2943, 3162, 3867, 3966, 3968, 4065, 4267, 4168, 4167, 4068",14
"4068",4068,"3968, 4067, 3224, 3967, 3969, 4066, 4169, 4070, 4167, 4168, 4069",11
"4069",4069,"4068, 3869, 3968, 3970, 4269, 4170, 4071, 4168, 6708, 4169, 4070",11
"4070",4070,"3970, 4069, 573, 3969, 3971, 4068, 8707, 8019, 4270, 4171, 4072, 4169, 5952, 4071",14
"4071",4071,"3971, 4070, 3871, 3972, 4069, 6079, 4271, 4172, 4073, 4170, 4523, 4171, 4072",13
"4072",4072,"1565, 3972, 4071, 1584, 2767, 4070, 4272, 4093, 4074, 4171, 4172, 4073",12
"4073",4073,"3973, 4072, 2424, 3974, 4071, 4273, 4172, 4173, 4074",9
"4074",4074,"3974, 4073, 3874, 3973, 3975, 4072, 5620, 4274, 4175, 4173, 4174, 4075",12
"4075",4075,"3975, 4074, 3974, 3976, 4176, 4077, 4174, 5159, 4175, 4076",10
"4076",4076,"3976, 4075, 3975, 3977, 4276, 4177, 4078, 4175, 4680, 4851, 4176, 4077",12
"4077",4077,"3977, 4076, 3877, 3976, 3978, 4075, 4178, 4079, 4176, 4177, 4078",11
"4078",4078,"3978, 4077, 3878, 3977, 3979, 4076, 5861, 4278, 4179, 4080, 4177, 4178, 4079",13
"4079",4079,"3979, 4078, 3879, 3978, 3980, 4077, 4081, 4178, 4179, 4080",10
"4080",4080,"2768, 3980, 4079, 3880, 3979, 3981, 4078, 4280, 4181, 4082, 4179, 7587",12
"4081",4081,"3981, 3881, 3980, 4079, 4183, 4703, 4182, 4083, 4180, 4181, 4082, 9547",12
"4082",4082,"3982, 4081, 184, 3882, 3981, 3983, 4080, 4282, 4183, 4084, 4181, 4083",12
"4083",4083,"3983, 4082, 3883, 3982, 3984, 4081, 4184, 4085, 4183, 4084",10
"4084",4084,"3984, 4083, 3884, 3983, 3985, 4082, 1697, 7337, 4284, 4185, 4086, 4184, 4085",13
"4085",4085,"3985, 4084, 3885, 3984, 3986, 4083, 3414, 4958, 4184, 4185, 4086",11
"4086",4086,"3986, 4085, 3886, 3985, 4084, 3987, 4286, 4187, 4088, 4186, 4087",11
"4087",4087,"3987, 4086, 3988, 3986, 5281, 4287, 4188, 4186, 4187, 4088",10
"4088",4088,"4087, 819, 3213, 3987, 3989, 4086, 4288, 4189, 4090, 4187, 8035, 4188, 4089",13
"4089",4089,"3989, 4088, 3889, 3988, 3990, 1500, 9640, 8312, 4201, 4190, 4091, 4188, 4189",13
"4090",4090,"3990, 1838, 1829, 3890, 3991, 4088, 4290, 4191, 4092, 5044, 7948, 4091",12
"4091",4091,"3991, 4090, 3891, 3990, 3992, 4089, 4192, 4190, 6016, 4191, 4092",11
"4092",4092,"3992, 4091, 3892, 3991, 4090, 4193, 4191, 8974, 4192, 4093",10
"4093",4093,"3993, 4092, 3893, 3992, 2052, 4072, 4680, 4194, 4095, 4193, 4094",11
"4094",4094,"2794, 3863, 4093, 3894, 3993, 3995, 7931, 7656, 4195, 4096, 4193, 7200, 4194, 4095",14
"4095",4095,"3995, 4094, 3895, 3996, 4093, 1149, 9897, 6937, 4295, 4196, 4097, 4194, 8217, 4195, 4096",15
"4096",4096,"3996, 4095, 664, 3896, 3995, 3997, 4094, 4296, 4197, 4098, 4195, 9702, 4196, 4097",14
"4097",4097,"3997, 4096, 3897, 3996, 3998, 4095, 2610, 4198, 7823, 4196, 4197",11
"4098",4098,"3998, 655, 3898, 3997, 3999, 4096, 4298, 4199, 4100, 4198, 4099",11
"4099",4099,"3999, 4098, 3899, 3998, 4299, 5669, 4199, 4100",8
"4100",4100,"4000, 4099, 3900, 3999, 4098, 4322, 4300, 4199, 4200",9
"4101",4101,"4001, 4002, 8975, 7129, 4301, 4202, 5738, 4201, 4102",9
"4102",4102,"4002, 4101, 3512, 3902, 4001, 4003, 257, 7591, 4302, 4203, 4104, 8383, 9500, 4202",14
"4103",4103,"4003, 3903, 4002, 4303, 4204, 4105, 4202, 4104",8
"4104",4104,"4004, 3904, 4003, 4005, 4102, 4103, 4442, 4304, 4205, 4106, 4203, 4105",12
"4105",4105,"313, 2688, 3905, 3586, 4006, 4103, 4104, 7967, 4206, 4204, 4205, 4106",12
"4106",4106,"4006, 4105, 3906, 4104, 4306, 4207, 4108, 4206, 4107",9
"4107",4107,"4007, 4106, 3907, 4006, 9666, 6138, 4820, 4307, 4208, 4109, 4206, 4910, 8086, 4207, 4108",15
"4108",4108,"4008, 4107, 3908, 4007, 4106, 61, 8557, 9519, 7183, 4308, 4209, 4207, 4208, 4109",14
"4109",4109,"4108, 3909, 4008, 4010, 4107, 6997, 9109, 4210, 9600, 4208, 4209, 4110",12
"4110",4110,"4010, 4109, 3910, 4009, 4011, 4211, 4112, 4210, 4111",9
"4111",4111,"4011, 4110, 1793, 3911, 4010, 4012, 9624, 4113, 4211, 4112",10
"4112",4112,"4012, 4111, 3912, 4011, 4013, 4110, 3121, 4312, 4114, 4211, 4212, 4113",12
"4113",4113,"3196, 4013, 4112, 4012, 4014, 4111, 4313, 4214, 4212, 4213, 4114",11
"4114",4114,"4014, 4113, 3422, 3914, 4013, 4015, 4112, 7359, 4116, 4213, 4214, 4115",12
"4115",4115,"893, 4114, 3915, 4016, 6354, 4216, 4117, 4214, 5225, 4215, 4116",11
"4116",4116,"1582, 4115, 3916, 4017, 4114, 4316, 4217, 4118, 4215, 6322, 4216, 4117",12
"4117",4117,"4017, 4116, 1300, 3917, 4016, 4018, 4115, 2289, 9127, 4218, 4119, 4216, 4217",13
"4118",4118,"4018, 2731, 4017, 4116, 1494, 5269, 4217, 5787, 4318, 4219, 9699, 4119",12
"4119",4119,"4019, 4118, 519, 3127, 3919, 4018, 4020, 4117, 4319, 4121, 4218, 4219, 4120",13
"4120",4120,"3090, 3333, 4020, 4119, 3920, 4021, 8089, 4221, 4122, 4219, 5786, 4220, 4121",13
"4121",4121,"4021, 4120, 3921, 4022, 4119, 1423, 3700, 8860, 4321, 4222, 4123, 4122",12
"4122",4122,"4022, 4121, 3922, 4021, 4023, 4120, 4322, 4223, 4124, 4221, 4222, 4123",12
"4123",4123,"4023, 4122, 3923, 4121, 8939, 5852, 4323, 4224, 4125, 4222, 4223, 4124",12
"4124",4124,"4024, 4123, 3944, 4023, 4025, 4122, 5442, 4324, 4225, 4126, 4223, 6005, 4224, 4125",14
"4125",4125,"4025, 4124, 3925, 4026, 4123, 4024, 4325, 4226, 4127, 4224, 4126",11
"4126",4126,"3730, 3926, 4025, 4027, 4124, 4125, 8284, 7642, 7020, 4128, 6786, 4226, 4127",13
"4127",4127,"4027, 4126, 124, 3927, 4026, 4028, 4125, 3240, 4327, 4228, 4226, 8230, 4227, 4128",14
"4128",4128,"4028, 4127, 4027, 4126, 4328, 4229, 4227, 4228, 4129",9
"4129",4129,"3175, 4128, 1045, 4028, 4030, 9725, 4329, 4230, 4131, 4228, 4229, 4130",12
"4130",4130,"4030, 4129, 2064, 3194, 3710, 3930, 4029, 4031, 7130, 9716, 4330, 4231, 4132, 4229, 5734, 8576, 4230, 4131",18
"4131",4131,"4130, 2465, 3931, 4030, 4032, 4129, 4331, 4232, 4230, 4132",10
"4132",4132,"1583, 4032, 4131, 1392, 3932, 4031, 4033, 4130, 347, 4233, 8280, 4231, 4232, 4133",14
"4133",4133,"4033, 4132, 3933, 4032, 4034, 974, 4333, 4135, 4233, 4134",10
"4134",4134,"4034, 4133, 3934, 4233, 5021, 4334, 5637, 9792, 4135",9
"4135",4135,"4035, 4134, 3935, 4034, 4133, 7892, 4335, 4236, 4137, 4234, 4235",11
"4136",4136,"4036, 3135, 3936, 4035, 4037, 4336, 4237, 4138, 4235, 4236, 4137",11
"4137",4137,"4037, 4136, 3937, 4036, 717, 4135, 4337, 4238, 4139, 4236, 7383, 4237, 4138",13
"4138",4138,"4038, 4137, 4037, 4039, 4136, 4338, 4239, 4238, 4139",9
"4139",4139,"4138, 3939, 4137, 5163, 4675, 4240, 4141, 4238, 8867, 4239, 4140",11
"4140",4140,"4040, 4139, 3940, 4039, 1680, 4041, 4340, 4241, 4239, 4240",10
"4141",4141,"4041, 3941, 4040, 4042, 4139, 8080, 4341, 4242, 4143, 4240, 4241, 4142, 7191",13
"4142",4142,"4042, 4141, 1303, 4043, 2487, 9690, 4243, 4144, 9499, 4242, 4143",11
"4143",4143,"4043, 4142, 3943, 4042, 4044, 4141, 8458, 8443, 4244, 4145, 4242, 4243, 4144",13
"4144",4144,"4044, 4143, 4043, 4045, 4142, 8155, 4344, 4245, 4146, 4243, 4244, 4145",12
"4145",4145,"4144, 3945, 4046, 4143, 4246, 4147, 4244, 4245, 4146",9
"4146",4146,"4145, 3946, 4045, 1376, 4144, 2210, 4346, 4247, 4148, 4246",10
"4147",4147,"4047, 3709, 4046, 4048, 4145, 5489, 4347, 4248, 4149, 4246, 4247, 4148",12
"4148",4148,"2706, 4147, 3948, 4047, 4049, 4146, 9482, 4249, 7530, 4247, 9949, 4203, 8973, 4149",14
"4149",4149,"4049, 4148, 4048, 4050, 4147, 3343, 8349, 5982, 4349, 4250, 4151, 4248, 4249",13
"4150",4150,"4050, 4049, 4051, 4350, 4251, 4152, 4250, 4151",8
"4151",4151,"4051, 4150, 1257, 4050, 4149, 4351, 4252, 4153, 4251, 4152",10
"4152",4152,"4052, 4151, 2254, 4051, 4053, 4150, 9035, 4253, 4154, 4251, 4252, 4153",12
"4153",4153,"4152, 3953, 4052, 4151, 3873, 9810, 4353, 4254, 4155, 4253",10
"4154",4154,"4054, 152, 3954, 4053, 4152, 9140, 4354, 4156, 4254, 4155",10
"4155",4155,"4154, 1443, 4054, 4056, 4153, 6947, 4355, 4157, 4254, 4255, 4156",11
"4156",4156,"1786, 3620, 4056, 4155, 1094, 3956, 4055, 4057, 4154, 4356, 4257, 4158, 4255, 4256, 4157",15
"4157",4157,"2731, 4156, 2641, 3490, 3957, 4056, 3576, 4155, 8207, 6223, 4258, 4159, 9671, 4257, 4158",15
"4158",4158,"1700, 4058, 4157, 3958, 4057, 4059, 4156, 4358, 4259, 4160, 4258",11
"4159",4159,"1436, 3959, 4058, 4060, 4157, 6903, 4359, 4260, 4161, 5888, 4259, 4160",12
"4160",4160,"4060, 4159, 576, 2663, 4059, 4061, 4158, 4360, 4261, 4162, 4259, 4260, 4161",13
"4161",4161,"4160, 3961, 4060, 4062, 4159, 5280, 8437, 4361, 4262, 4163, 4260, 4789, 4261, 4162",14
"4162",4162,"4062, 4161, 3962, 4061, 4063, 4160, 7253, 6653, 4362, 4263, 4164, 4261, 4262, 4163",14
"4163",4163,"4063, 4162, 3963, 4064, 4161, 4062, 4363, 4264, 4165, 4263",10
"4164",4164,"4064, 3964, 4063, 4162, 1428, 4376, 6589, 4364, 9299, 4166, 8128, 4264, 4165, 8656",14
"4165",4165,"4065, 4164, 1295, 3965, 4064, 4163, 5859, 9291, 4365, 4266, 4167, 4264, 8182, 4265, 4166",15
"4166",4166,"4066, 4165, 4065, 2361, 4164, 4326, 4267, 4168, 4265, 4266, 4167",11
"4167",4167,"4067, 4166, 3967, 4066, 4068, 4165, 4367, 4169, 4880, 4267",10
"4168",4168,"4068, 3968, 4067, 4069, 4166, 1962, 1882, 4368, 4170, 4267, 4268, 4169, 9690",13
"4169",4169,"4069, 4168, 3969, 4068, 4070, 4167, 4369, 4270, 4171, 4268, 9600, 4269, 4170",13
"4170",4170,"4169, 454, 3970, 4069, 4071, 4168, 9695, 8457, 4271, 4172, 4270, 4171",12
"4171",4171,"4071, 4170, 1108, 3971, 4070, 4072, 4169, 3137, 5638, 4272, 4524, 4271",12
"4172",4172,"4072, 412, 3972, 4071, 4073, 4170, 1852, 6310, 4372, 4273, 4174, 4271, 4308",13
"4173",4173,"4073, 3156, 3973, 4074, 3351, 7935, 4274, 7893, 4272, 4880, 4273, 4174",12
"4174",4174,"4074, 4173, 2944, 3974, 4075, 4172, 9053, 4176, 4273, 5737, 4274, 4175",12
"4175",4175,"4075, 4174, 276, 3975, 4074, 4076, 4375, 4276, 4177, 4274, 4275, 4176",12
"4176",4176,"4076, 4175, 905, 3976, 4075, 4077, 4174, 4376, 4277, 4537, 4275, 4276, 4177",13
"4177",4177,"4077, 4176, 353, 3977, 4076, 4078, 4175, 9406, 4377, 4278, 4179, 4276, 4277, 4178",14
"4178",4178,"2958, 4078, 4177, 2950, 3978, 4077, 4079, 4378, 4180, 4277, 8111",11
"4179",4179,"4079, 1234, 3979, 4078, 4080, 4177, 1263, 6276, 4379, 4280, 4181, 4279",12
"4180",4180,"3980, 4081, 4178, 2232, 1042, 4380, 4281, 4182, 4181",9
"4181",4181,"2234, 4081, 4180, 3981, 4080, 4082, 4179, 4381, 4282, 6404, 4280, 4281, 4182",13
"4182",4182,"4181, 3982, 4081, 4180, 3247, 4382, 4283, 4184, 9731, 4282",10
"4183",4183,"4083, 4081, 3983, 4082, 4383, 4284, 4185, 4283, 6678",9
"4184",4184,"4084, 3984, 4085, 4182, 4083, 4708, 8552, 4384, 4285, 4283, 4284, 4185",12
"4185",4185,"4085, 4184, 3985, 4084, 4183, 5409, 4385, 4286, 4284, 6028, 4285",11
"4186",4186,"4086, 1487, 4087, 6327, 4287, 4188, 9691, 7737, 4286, 4187",10
"4187",4187,"4087, 4186, 3788, 3987, 4086, 4088, 4387, 4189, 4286, 6380, 4287, 4188",12
"4188",4188,"4088, 4187, 3988, 4087, 4089, 4186, 4388, 4289, 4190, 4287, 4288, 4189",12
"4189",4189,"1079, 4089, 4188, 3989, 4088, 3220, 4187, 4290, 4191, 4288, 4289, 4190",12
"4190",4190,"4189, 2575, 3990, 4089, 4188, 4091, 4283, 4390, 4291, 4192, 4289, 4290, 4191",13
"4191",4191,"1113, 4091, 4190, 3991, 4090, 4092, 4189, 4391, 4292, 8826, 4290, 4192",12
"4192",4192,"4092, 4191, 4190, 3802, 4091, 7690, 4392, 4293, 4194, 4292, 4193",11
"4193",4193,"369, 4093, 4192, 3993, 4094, 4092, 5225, 4393, 4294, 4195, 4293, 4194",12
"4194",4194,"4094, 4193, 2133, 3994, 4095, 4192, 4093, 4295, 4196, 8563, 8546, 4294, 4195",13
"4195",4195,"4095, 4194, 3995, 4096, 4193, 4094, 7089, 6588, 4395, 4296, 4197, 4294, 4295, 4196",14
"4196",4196,"4096, 4195, 3996, 4095, 4097, 4194, 9059, 4396, 4297, 4295, 4296",11
"4197",4197,"4097, 1191, 380, 3997, 4096, 3437, 4195, 4397, 7835, 4199, 4296, 4198",12
"4198",4198,"4098, 4197, 4097, 1491, 1767, 6524, 6063, 4398, 8406, 4200, 4905, 4298, 4199",13
"4199",4199,"4099, 4198, 851, 3999, 4098, 4100, 4197, 8847, 4399, 4300, 4298, 4299, 4200",13
"4200",4200,"4100, 4199, 4000, 1847, 4198, 4400, 4299, 4300",8
"4201",4201,"4101, 4001, 4089, 4401, 4302, 4203, 6377, 4202",8
"4202",4202,"4102, 4201, 4002, 4101, 4103, 4402, 4303, 4301, 4302, 4203",10
"4203",4203,"4202, 991, 4102, 4104, 4201, 2211, 4148, 5456, 4403, 4304, 4205, 5728, 4303",13
"4204",4204,"4004, 4103, 4105, 2942, 5200, 4404, 4305, 4206, 4303, 4304, 4205",11
"4205",4205,"4105, 4204, 2381, 4005, 4104, 4203, 4252, 4405, 5047, 4304, 4305, 4206",12
"4206",4206,"4106, 4205, 4006, 4105, 4107, 4204, 7108, 4307, 4208, 4305, 4306, 4207",12
"4207",4207,"4107, 4206, 4007, 4106, 4108, 494, 7019, 4407, 4308, 4209, 4306, 4307, 4208",13
"4208",4208,"2925, 4108, 4207, 4008, 4107, 4109, 4206, 4408, 4309, 4307, 4308, 4209",12
"4209",4209,"4109, 4208, 4009, 4108, 2367, 4207, 5836, 4409, 4310, 4211, 4309, 4210",12
"4210",4210,"4110, 4209, 4010, 4109, 1266, 420, 1494, 5724, 4410, 4311, 4212, 4310",12
"4211",4211,"4111, 4011, 4112, 4209, 1362, 4110, 6406, 5295, 4411, 4312, 4310, 4311, 4212",13
"4212",4212,"4112, 4211, 4012, 4113, 4210, 4412, 4313, 4214, 4311, 4312, 4213",11
"4213",4213,"4113, 4212, 1295, 4013, 4114, 4628, 4413, 4314, 4215, 4312, 8327, 4313, 4214",13
"4214",4214,"4114, 4213, 4014, 4113, 4115, 4212, 2378, 8863, 5231, 4414, 4315, 4216, 4313, 4314",14
"4215",4215,"4115, 4015, 4116, 4213, 3783, 4415, 4316, 4314, 4403, 4315, 4216",11
"4216",4216,"4116, 4215, 4016, 4117, 4214, 4115, 4416, 4317, 4218, 4315, 4417, 4316, 4217",13
"4217",4217,"4117, 4216, 4116, 4118, 4916, 4318, 4219, 7652, 7966, 4317",10
"4218",4218,"2254, 4018, 4117, 4119, 4216, 4418, 4319, 6662, 4317, 4318, 4219, 7862",12
"4219",4219,"4119, 4218, 1061, 4019, 4118, 4120, 4217, 4419, 4320, 4221, 4910, 4319, 4220",13
"4220",4220,"4120, 4219, 4020, 4420, 4321, 4222, 4319, 9274, 4221",9
"4221",4221,"4021, 4120, 4122, 4219, 4220, 4421, 4322, 4223, 4320, 4321, 4222",11
"4222",4222,"4122, 4221, 4121, 4123, 4220, 4422, 4323, 4224, 4321, 4322, 4223",11
"4223",4223,"4123, 4222, 4023, 4122, 4124, 4221, 4423, 4324, 4225, 4322, 4323, 4224",12
"4224",4224,"1701, 4124, 4223, 3988, 4123, 4125, 4222, 7860, 4424, 5118, 4226, 4323, 4898, 4324, 4225",15
"4225",4225,"4224, 4025, 4124, 4223, 8008, 9325, 4425, 4326, 4227, 4324, 9006, 4325, 4226",13
"4226",4226,"4126, 4225, 4026, 4125, 4127, 4224, 4426, 4327, 4228, 4325, 4326, 4227",12
"4227",4227,"4127, 4226, 4027, 4128, 4225, 4427, 4328, 4229, 4326, 4327, 4228",11
"4228",4228,"4128, 4227, 4028, 4127, 4129, 4226, 7809, 4428, 4329, 4230, 5511, 8992, 6483",13
"4229",4229,"4129, 4029, 4128, 4130, 4227, 7414, 4429, 4330, 4231, 4328, 4329, 4230",12
"4230",4230,"4130, 4229, 4129, 4131, 4228, 3895, 9495, 8448, 4430, 4331, 4232, 4329, 7082",13
"4231",4231,"1580, 4031, 4130, 4132, 4229, 4431, 4332, 4233, 4330, 4331, 4232",11
"4232",4232,"4132, 4231, 4032, 4131, 4230, 8708, 5939, 4432, 4325, 4234, 4332, 4233",12
"4233",4233,"4133, 4232, 4033, 4132, 4134, 4231, 4248, 4433, 4334, 4235, 4332, 4333, 4234",13
"4234",4234,"4233, 786, 1086, 3634, 4135, 4232, 4434, 4335, 4236",9
"4235",4235,"4135, 4035, 4136, 4233, 2888, 4435, 4237, 4334, 8210, 8563, 4335, 4236, 5207",13
"4236",4236,"4136, 4235, 4036, 4135, 4137, 4234, 5934, 4337, 4238, 4335, 4336",11
"4237",4237,"4137, 4037, 4136, 4235, 7422, 9531, 8876, 4872, 4437, 4239, 4336, 4238, 7456",13
"4238",4238,"2791, 4138, 720, 4137, 4139, 4236, 2556, 4237, 4339, 4240, 4337, 4656, 4338",13
"4239",4239,"4139, 4039, 4138, 4140, 4237, 4439, 4340, 4241, 4338, 4339, 4240",11
"4240",4240,"4140, 4239, 4141, 4238, 4139, 7195, 4440, 4341, 4242, 7792, 4340, 4241",12
"4241",4241,"4141, 4240, 4041, 4140, 4239, 4441, 4342, 4243, 4340, 4341, 4242",11
"4242",4242,"3035, 4142, 4241, 4042, 4141, 4143, 4240, 4343, 4244, 4341, 4342, 4243",12
"4243",4243,"3115, 4143, 4242, 4142, 4144, 4241, 8258, 4344, 4245, 4342, 4343, 4244",12
"4244",4244,"4144, 4243, 4044, 4145, 4242, 4143, 2528, 4444, 4345, 4246, 4343, 9078, 8831, 4245",14
"4245",4245,"4145, 4244, 4045, 4144, 4243, 5954, 4445, 4346, 4247, 6398, 8987, 4345, 7487",13
"4246",4246,"4146, 4046, 4147, 4244, 794, 4145, 4446, 4347, 4345, 4247",10
"4247",4247,"4147, 3881, 4047, 4146, 4148, 4245, 4246, 4447, 4348, 4249, 4346, 4347, 4248",13
"4248",4248,"620, 4247, 4048, 4147, 4149, 4233, 528, 4448, 9579, 4250, 4249",11
"4249",4249,"3155, 4149, 4248, 1036, 4049, 4148, 4247, 4449, 4350, 4348, 4349, 4250",12
"4250",4250,"4150, 4249, 4050, 4149, 4248, 5711, 4450, 4351, 4252, 4349, 4350, 4251",12
"4251",4251,"4151, 4250, 4051, 4150, 4152, 2144, 4451, 4352, 4253, 4350, 8815, 4351, 4252",13
"4252",4252,"4251, 3237, 4052, 4205, 4151, 4250, 4152, 4452, 4353, 4254, 4351, 5437, 4352, 4253",14
"4253",4253,"1733, 4153, 4252, 4053, 4057, 4251, 4152, 7947, 4453, 4354, 4255, 4352, 5210, 4353",14
"4254",4254,"4154, 2718, 4054, 4153, 4155, 4252, 4454, 4355, 4256, 9321, 4354",11
"4255",4255,"4155, 4055, 3095, 4156, 4253, 4455, 4356, 4257, 4354, 4355, 4256, 5175",12
"4256",4256,"4156, 4255, 4056, 2498, 4254, 4456, 9914, 4258, 9248, 4356, 4257",11
"4257",4257,"4157, 4256, 4057, 4156, 4255, 5896, 4457, 4358, 4356, 4357, 4258",11
"4258",4258,"2748, 4158, 4257, 4058, 4157, 4256, 4458, 7604, 4609, 4357, 9407, 4259",12
"4259",4259,"4159, 4258, 4059, 4158, 4160, 3647, 4459, 4360, 4261, 4358, 4359, 5679",12
"4260",4260,"4160, 3802, 4060, 4159, 4161, 4460, 4361, 4262, 4359, 4360, 4261",11
"4261",4261,"4161, 4260, 3207, 4061, 4160, 4162, 4259, 2773, 4362, 4263, 4360, 4262",12
"4262",4262,"4162, 4261, 1450, 4161, 1916, 4260, 3584, 8795, 8279, 4462, 4264, 4361, 7868, 4362",14
"4263",4263,"4163, 2407, 4063, 4162, 4261, 647, 4463, 4265, 4362, 4363, 4264",11
"4264",4264,"4164, 4263, 4064, 4163, 4165, 4262, 4464, 4365, 6251, 9672, 4364, 4265",12
"4265",4265,"4165, 4264, 1828, 4065, 4166, 4263, 8662, 4465, 4366, 4267, 4364, 4266",12
"4266",4266,"2042, 4166, 4265, 4066, 4165, 1084, 7092, 4466, 4367, 4365, 4366",11
"4267",4267,"4167, 3930, 4067, 4166, 4168, 4265, 6213, 5218, 4467, 4368, 4269, 4366, 4367, 4268",14
"4268",4268,"4168, 4267, 1976, 4169, 9385, 7445, 9937, 4369, 4367, 5231, 4368, 4269",12
"4269",4269,"4169, 4268, 4069, 4267, 6826, 4469, 4370, 4271, 4368, 4369, 4270",11
"4270",4270,"4170, 4269, 751, 4070, 4169, 1664, 4470, 4371, 4272, 7150, 6865, 4370, 4271",13
"4271",4271,"4171, 4270, 371, 4071, 4170, 4172, 4269, 4370, 5905, 4471, 4372, 7155, 4272",13
"4272",4272,"4271, 4072, 4171, 4173, 4270, 4681, 4472, 9503, 4371, 4372, 4273",11
"4273",4273,"4173, 4272, 8, 3537, 4073, 4172, 4174, 4473, 4373, 4274",10
"4274",4274,"1251, 4174, 4273, 4074, 4173, 4175, 8703, 4474, 4375, 6266, 4373, 4275",12
"4275",4275,"4175, 1944, 4176, 4274, 4376, 4277, 4374, 6470, 6665, 4463, 4276",11
"4276",4276,"4176, 4275, 4076, 4175, 4177, 2501, 4476, 4278, 4375, 8190, 4614, 4376, 4277",13
"4277",4277,"4177, 4276, 3561, 4176, 4178, 4275, 4477, 4378, 4376, 4377, 4278",11
"4278",4278,"4277, 4078, 4177, 4276, 7080, 8560, 4379, 4280, 4377, 4378, 4279",11
"4279",4279,"4179, 4278, 477, 5831, 5144, 4281, 4378, 6292, 4379",9
"4280",4280,"4080, 4179, 4181, 4278, 2271, 4381, 4282, 4379, 4380, 4281, 5145",11
"4281",4281,"4181, 4280, 4180, 1205, 4279, 2889, 4481, 4382, 4283, 7805, 4381, 4282",12
"4282",4282,"4182, 4281, 4082, 4181, 1896, 4280, 4482, 4383, 4284, 4381, 4836, 4382, 4283",13
"4283",4283,"4183, 4282, 4182, 4184, 4281, 4190, 4483, 4384, 4382, 4284",10
"4284",4284,"4184, 4283, 2074, 4084, 4183, 4185, 4282, 4484, 4385, 6763, 4384, 4285",12
"4285",4285,"4185, 4284, 4184, 3194, 8545, 4485, 4386, 4287, 9528, 4385, 4286",11
"4286",4286,"4186, 4285, 4055, 4086, 4185, 4187, 350, 2777, 4486, 4288, 4385, 4386",12
"4287",4287,"4187, 2984, 4087, 4186, 4188, 4285, 3455, 8095, 4289, 4386, 4387, 4288",12
"4288",4288,"4188, 4287, 4088, 4189, 4286, 8224, 6444, 5135, 4488, 4389, 4290, 4387, 6303, 4388, 4370",15
"4289",4289,"3162, 4189, 4188, 4190, 4287, 4489, 4390, 4291, 4388, 6113, 4389, 4290",12
"4290",4290,"4190, 4289, 4090, 4189, 4191, 4288, 4490, 4391, 4292, 4389, 4390, 8465",12
"4291",4291,"2625, 4190, 4289, 4491, 4392, 4293, 4390, 4391, 4292",9
"4292",4292,"4192, 4291, 4191, 2778, 4290, 9139, 4492, 4393, 4294, 4391, 9723, 4392, 4293",13
"4293",4293,"4193, 4292, 4192, 4291, 6573, 4456, 4493, 4394, 4295, 4392",10
"4294",4294,"140, 4194, 4193, 4195, 4292, 5330, 4494, 4395, 8246, 4393, 5394, 4296, 4394, 4295",14
"4295",4295,"4195, 4294, 4095, 4194, 4196, 4293, 4495, 4396, 4394, 4395",10
"4296",4296,"4196, 4294, 4096, 4195, 4197, 4496, 4397, 4298, 4395, 4396, 4297",11
"4297",4297,"1543, 1830, 4296, 4196, 1792, 3071, 1673, 9922, 4497, 4299, 4396, 6792, 4397, 4298",14
"4298",4298,"4198, 4297, 4098, 4199, 4296, 4498, 4399, 4300, 4397, 4398, 5347",11
"4299",4299,"4199, 4099, 4200, 4297, 3518, 4400, 4398, 5123, 4399, 4300",10
"4300",4300,"3693, 4200, 4299, 4060, 4100, 4199, 4298, 4500, 4399, 4400",10
"4301",4301,"2668, 4101, 4202, 4501, 4402, 4303, 4401, 4302",8
"4302",4302,"4202, 4301, 4102, 4201, 4502, 4401, 4402, 4303",8
"4303",4303,"2181, 4203, 4302, 93, 2939, 4103, 4202, 4204, 4301, 6160, 4503, 4404, 4402, 4403, 4304",15
"4304",4304,"4204, 4303, 4104, 4203, 4205, 4504, 4405, 4306, 4403, 6523, 4404, 4305",12
"4305",4305,"2, 4205, 4304, 4204, 4206, 379, 8642, 4406, 4307, 4404, 5233, 5481, 4405, 4306",14
"4306",4306,"4206, 4305, 4106, 4207, 4304, 1522, 7115, 4308, 4405, 4406, 4307",11
"4307",4307,"3349, 4207, 4306, 257, 4107, 4206, 4208, 4305, 4507, 4408, 4309, 4406, 4308",13
"4308",4308,"4172, 4208, 4108, 4207, 3652, 4306, 4307, 5238, 5322, 4508, 4409, 4310, 4407, 4408",14
"4309",4309,"4209, 1444, 4208, 4307, 7996, 4509, 4410, 4311, 4408, 6889, 9585, 4310, 5161",13
"4310",4310,"4210, 4309, 2095, 1138, 4209, 4211, 4308, 9391, 4510, 4411, 4312, 4409, 8005, 7704, 4410",15
"4311",4311,"4211, 2077, 3418, 4210, 4212, 4309, 436, 4511, 4412, 4410, 7980, 4411, 4312",13
"4312",4312,"4212, 4311, 3455, 4112, 4211, 4213, 4310, 6331, 5244, 4512, 4413, 4314, 4411, 4412, 4313",15
"4313",4313,"4213, 4312, 4113, 4212, 4214, 8775, 4513, 4414, 4315, 4412, 4413, 4314",12
"4314",4314,"4214, 4313, 4213, 4215, 4312, 4514, 4415, 4316, 4413, 4414",10
"4315",4315,"4215, 2150, 4214, 4216, 4313, 7161, 4515, 4416, 4317, 4414, 4415, 4316",12
"4316",4316,"4216, 4315, 3251, 4116, 4215, 4314, 2453, 1434, 7313, 4415, 4416, 4317",12
"4317",4317,"1690, 4217, 4316, 2556, 1388, 4216, 4218, 4315, 4517, 4418, 4319, 4416, 4417, 4318",14
"4318",4318,"4218, 4317, 4118, 4217, 5448, 4518, 4320, 4417",8
"4319",4319,"4219, 1979, 4119, 4218, 4220, 4317, 419, 6593, 4519, 4321, 4418, 4419, 4320",13
"4320",4320,"4319, 4219, 4221, 4318, 7989, 4520, 4421, 4322, 4420, 4321",10
"4321",4321,"4221, 4320, 1399, 2734, 4121, 4220, 4222, 4319, 4521, 4422, 4323, 4420, 4421",13
"4322",4322,"4222, 4122, 4221, 4223, 4320, 4100, 6986, 4423, 4324, 4422, 4323, 7736",12
"4323",4323,"4223, 4322, 4123, 4222, 4224, 4321, 4523, 4424, 4325, 4422, 6494, 4423, 4324",13
"4324",4324,"4224, 4323, 4124, 4223, 4225, 4322, 4524, 4425, 4326, 4423, 7345, 4424",12
"4325",4325,"4225, 2988, 27, 4125, 4226, 4232, 4323, 4525, 4426, 4327, 4424, 4425",12
"4326",4326,"4226, 681, 4225, 4227, 4324, 4166, 4526, 4427, 4328, 4943, 4327, 9738",12
"4327",4327,"4227, 4326, 4127, 4226, 4325, 4802, 4527, 4329, 4426, 4427, 4328",11
"4328",4328,"4327, 704, 4128, 4227, 4229, 4326, 9796, 4330, 4427, 4428, 4329",11
"4329",4329,"2848, 4229, 4328, 4129, 4228, 4230, 4327, 7756, 4430, 4331, 4429, 4330",12
"4330",4330,"4329, 4130, 4229, 4231, 4328, 3597, 5888, 4431, 4332, 4429, 4879, 4331",12
"4331",4331,"1315, 4231, 4330, 4131, 4230, 4329, 5697, 4531, 9826, 4333, 8192, 4431, 4332",13
"4332",4332,"850, 4232, 4331, 4231, 4233, 4330, 4532, 4433, 4334, 4431, 4432, 4333",12
"4333",4333,"4233, 4332, 4133, 4331, 4533, 4434, 4335, 4432, 4433, 4334",10
"4334",4334,"4333, 4134, 4233, 4235, 4332, 5385, 4534, 4435, 4336, 4553, 4335",11
"4335",4335,"3020, 4235, 4334, 4135, 4234, 4236, 4333, 7198, 4535, 4337, 4434, 4435, 4336",13
"4336",4336,"4236, 4335, 4136, 4237, 4334, 2244, 4536, 4437, 4338, 4435, 4337",11
"4337",4337,"4336, 4137, 4236, 4238, 4335, 7996, 4537, 4438, 4436, 9652, 4988, 4338, 6848",13
"4338",4338,"4238, 4337, 4138, 3114, 4239, 4336, 4538, 4340, 6937, 4339",10
"4339",4339,"4239, 4338, 3091, 4238, 3345, 9489, 7769, 4539, 4440, 4341, 4438, 7637, 4439, 4340",14
"4340",4340,"4240, 4339, 4140, 4239, 4241, 4338, 4441, 5638, 4439, 4440, 4341",11
"4341",4341,"4241, 4340, 4141, 4240, 4242, 4339, 4442, 5905, 4441, 4342",10
"4342",4342,"4242, 4341, 3981, 4241, 4243, 5597, 4542, 4443, 4344, 4441, 4343",11
"4343",4343,"4243, 4242, 4244, 4342, 6108, 4543, 4444, 4345, 4442, 5707, 4443, 4344",12
"4344",4344,"948, 4343, 4144, 4243, 4342, 3012, 4544, 4445, 4444, 4345",10
"4345",4345,"2606, 4245, 4344, 4244, 4246, 4343, 6536, 9806, 4545, 4446, 4347, 4444, 4346",13
"4346",4346,"4345, 4146, 4245, 4247, 5120, 4546, 4447, 4348, 4445, 4446, 4347",11
"4347",4347,"4247, 4346, 4147, 4246, 4345, 7900, 4547, 4448, 4446, 4348",10
"4348",4348,"2637, 4036, 4247, 4249, 4346, 4347, 4449, 4447, 4448",9
"4349",4349,"4249, 1297, 4149, 4250, 1127, 4449, 6742, 4549, 4450, 4351, 4448, 4948, 4350",13
"4350",4350,"4250, 4349, 3720, 4150, 4249, 4251, 2923, 1630, 7821, 4550, 4451, 4352, 4449",13
"4351",4351,"4251, 4151, 4250, 4252, 4349, 4551, 4452, 4353, 4450, 4451, 4352",11
"4352",4352,"4252, 4351, 2709, 4251, 4253, 4350, 1744, 5304, 4552, 5132, 4354, 4451",12
"4353",4353,"4253, 4153, 4252, 2014, 4351, 8117, 4553, 4454, 4355, 4452, 4453, 4354",12
"4354",4354,"4254, 4353, 4154, 4253, 4255, 4352, 5761, 4455, 4356, 4453, 4454, 4355",12
"4355",4355,"4255, 4354, 4155, 4254, 596, 4353, 2915, 629, 8859, 4555, 4456, 4454, 4356",13
"4356",4356,"4256, 4355, 4156, 4255, 4257, 4354, 4556, 4457, 4358, 4455, 6763, 6737, 4456, 4357",14
"4357",4357,"4257, 4356, 1353, 2278, 4258, 4458, 4359, 4456, 4457, 4358",10
"4358",4358,"4357, 4158, 4257, 4259, 4356, 4558, 4459, 4360, 4457, 8979, 4458, 4359",12
"4359",4359,"4259, 4358, 4159, 4260, 4357, 4786, 4460, 4361, 4458, 4459, 4360",11
"4360",4360,"4260, 4359, 4160, 4259, 4261, 4358, 8882, 4560, 4461, 4362, 4459, 4460, 4361",13
"4361",4361,"4360, 4161, 4260, 4262, 4359, 4561, 4462, 4363, 4460, 4461, 4362",11
"4362",4362,"4262, 4361, 4162, 4261, 4263, 4360, 4562, 4463, 4364, 4462, 4363",11
"4363",4363,"4263, 4362, 4163, 3394, 4361, 4563, 4365, 4462, 4463, 4364",10
"4364",4364,"3084, 4264, 4363, 2677, 4164, 4265, 4362, 4465, 4366, 4463, 4464, 4365",12
"4365",4365,"2269, 4364, 4165, 4264, 4363, 4266, 2725, 4466, 4367, 4464, 4465",11
"4366",4366,"4266, 3001, 2186, 4265, 4267, 4364, 1306, 8990, 8593, 4566, 4467, 4466",12
"4367",4367,"4267, 4167, 4266, 4268, 4365, 985, 4567, 4468, 4369, 4368, 6393",11
"4368",4368,"4268, 4367, 2587, 4168, 4267, 4269, 4568, 4469, 4370, 5322, 4369",11
"4369",4369,"4269, 4368, 2206, 4169, 4268, 4367, 1944, 4569, 4371, 4468, 4469, 4370",12
"4370",4370,"4270, 4288, 4369, 4269, 4271, 4368, 4570, 4471, 4372, 9053, 4470",11
"4371",4371,"3858, 4270, 4272, 4369, 4571, 4472, 4373, 4470, 4471, 4372, 4918",11
"4372",4372,"4272, 4371, 4172, 4271, 4370, 9411, 5236, 4572, 4473, 4374, 4471, 5978, 4472, 4373",14
"4373",4373,"4273, 4372, 1829, 4274, 4371, 7280, 5040, 4573, 4474, 4375, 5089, 4473, 4374",13
"4374",4374,"4373, 77, 4275, 4372, 2174, 9070, 5676, 5396, 4574, 7371, 4473, 7033, 5153",13
"4375",4375,"4175, 4274, 4276, 4373, 5193, 4575, 4476, 4377, 4474, 6298, 4475",11
"4376",4376,"4276, 4164, 4176, 4277, 4275, 6596, 4477, 4378, 4475, 5451, 4476, 4377, 4428",13
"4377",4377,"4277, 4376, 4177, 4278, 4375, 4577, 4478, 4379, 4476, 4477, 4378",11
"4378",4378,"4278, 4377, 4178, 4277, 4279, 4376, 4578, 4479, 4380, 4477, 8422, 9162",12
"4379",4379,"4279, 3836, 4179, 4278, 4280, 4377, 6088, 4579, 4480, 4381, 4478, 4479, 4764",13
"4380",4380,"4280, 4180, 4378, 720, 4580, 4481, 4382, 4479, 4381",9
"4381",4381,"4281, 4380, 4181, 4280, 4282, 4379, 6707, 4581, 4482, 4383, 5275, 4481, 4382",13
"4382",4382,"4282, 4381, 4182, 4281, 4283, 4380, 9085, 7037, 9692, 4384, 4481, 4482, 8416",13
"4383",4383,"1421, 4183, 4282, 3903, 4381, 4583, 4484, 4385, 5525, 4483, 4384",11
"4384",4384,"4284, 4383, 3236, 4184, 4283, 1148, 4382, 4584, 4485, 4386, 4483, 8302, 4484, 4385",14
"4385",4385,"4285, 4384, 4185, 4284, 4286, 4383, 410, 4585, 4486, 4387, 4386",11
"4386",4386,"4286, 4385, 3407, 4285, 4287, 4384, 4586, 4487, 4388, 4485, 4486, 4387",12
"4387",4387,"4287, 4386, 4187, 4288, 4385, 4587, 4488, 4389, 4486, 9474, 4487, 4388",12
"4388",4388,"4288, 4387, 4188, 4289, 4386, 9915, 4489, 4390, 4487, 4488",10
"4389",4389,"4289, 4288, 4290, 4387, 7632, 7271, 4589, 4490, 4391, 4488, 9338, 4390, 9002",13
"4390",4390,"151, 4290, 4389, 4190, 4289, 4291, 4388, 4590, 4491, 4392, 4489, 4490, 4391",13
"4391",4391,"4291, 4390, 4191, 4290, 4292, 4389, 8623, 8897, 4491, 4392",10
"4392",4392,"4292, 4391, 4192, 4291, 4293, 4390, 3690, 9688, 7922, 4493, 4394, 4491, 4492, 4393",14
"4393",4393,"4392, 4193, 4292, 4294, 7182, 4593, 4494, 4395, 4492, 4758, 4493, 4394",12
"4394",4394,"4294, 4393, 372, 4293, 4295, 4392, 4594, 4495, 4396, 4493, 4494, 4395",12
"4395",4395,"379, 4295, 4394, 4195, 4294, 4296, 4393, 9971, 4595, 4506, 4397, 4494, 4495, 4396",14
"4396",4396,"68, 4296, 4395, 4196, 4295, 4297, 4394, 7006, 4596, 4497, 4398, 4495, 4496, 4397",14
"4397",4397,"4297, 4396, 1352, 4197, 4296, 4298, 4395, 6991, 4399, 7104, 4497, 4398",12
"4398",4398,"4298, 4397, 769, 4198, 4299, 4396, 4598, 4499, 4400, 4497, 4498, 4399",12
"4399",4399,"4299, 4398, 4199, 4298, 4300, 4397, 6244, 4599, 4500, 4498, 4499, 4400",12
"4400",4400,"1286, 4300, 4399, 4200, 4299, 4398, 4741, 4600, 4500",9
"4401",4401,"4301, 2186, 4201, 4302, 9233, 9468, 4502, 4403, 4581, 4402",10
"4402",4402,"4302, 4401, 4202, 4301, 4303, 4602, 4404, 4501, 8208, 4403",10
"4403",4403,"4303, 4402, 4215, 4203, 4304, 4401, 1018, 4603, 4504, 4405, 6671, 4503, 4404",13
"4404",4404,"4304, 4403, 4204, 4303, 4305, 4402, 4604, 4505, 4406, 4504, 4405",11
"4405",4405,"4305, 4404, 4205, 4304, 4306, 4403, 4605, 5646, 4407, 4504, 4505",11
"4406",4406,"4306, 3054, 397, 4305, 4307, 4404, 4606, 4507, 4505, 4506, 4407",11
"4407",4407,"4406, 4207, 4308, 4405, 4607, 4508, 4409, 4506, 7839, 4507, 4408, 7778",12
"4408",4408,"2860, 4308, 4407, 4208, 4307, 4309, 166, 1551, 4608, 4509, 4507, 4508, 4409",13
"4409",4409,"4408, 2429, 4209, 4308, 4310, 4407, 7690, 5442, 4609, 4411, 4508, 4509, 4410",13
"4410",4410,"4310, 4409, 4210, 4309, 4311, 4511, 4509, 4510, 4411",9
"4411",4411,"4311, 4410, 4211, 4310, 4312, 4409, 4611, 4512, 4510, 4412",10
"4412",4412,"4312, 4411, 3782, 4212, 4311, 4313, 2018, 4612, 4511, 4512, 4413",11
"4413",4413,"4313, 4412, 4213, 4312, 4314, 4613, 4514, 4512, 7038, 4513, 4414",11
"4414",4414,"4314, 4413, 4214, 4313, 4315, 2836, 4515, 4416, 4513, 6412, 4514, 4415",12
"4415",4415,"4315, 4414, 4215, 4314, 4316, 3415, 4615, 4516, 4417, 4514, 4515, 4416",12
"4416",4416,"4316, 4415, 4216, 4315, 4317, 4414, 645, 8549, 4616, 6620, 4418, 5469, 4516, 4417",14
"4417",4417,"4317, 4416, 3193, 4318, 4415, 1704, 4216, 4617, 4419, 4516, 4418",11
"4418",4418,"4417, 4218, 4317, 4319, 4416, 7535, 4618, 4519, 4420, 4517, 7729, 4518, 4419",13
"4419",4419,"4319, 4418, 4219, 4417, 7242, 9619, 4619, 4520, 4421, 4518, 6350, 9089, 6981",13
"4420",4420,"4320, 3197, 4220, 4321, 4418, 8880, 4620, 4521, 4422, 7707, 5342, 4520, 4421",13
"4421",4421,"4321, 4420, 128, 4221, 4320, 4419, 8837, 4621, 4522, 4423, 4520, 4521, 4422",13
"4422",4422,"4322, 4421, 4222, 4321, 4323, 4420, 928, 4622, 4523, 4521, 4522",11
"4423",4423,"4323, 4223, 4322, 4324, 4421, 1411, 4623, 4425, 4522, 5391, 4523, 4424, 7171",13
"4424",4424,"2952, 4324, 4423, 4224, 4323, 4325, 7410, 4624, 4525, 4426, 4523, 4524, 4425",13
"4425",4425,"4325, 4424, 4225, 4324, 4423, 4625, 4526, 4427, 4524, 5993, 4525, 4426",12
"4426",4426,"4425, 4226, 4325, 4327, 4424, 4626, 4428, 8259, 4427",9
"4427",4427,"4327, 4227, 4326, 4328, 4425, 4426, 7562, 4627, 4528, 4429, 4526, 4527, 4428",13
"4428",4428,"4328, 4376, 4427, 4228, 786, 4426, 902, 8493, 4628, 4529, 4430, 4528",12
"4429",4429,"4329, 1784, 4229, 4330, 4427, 4530, 4528, 4529, 4430",9
"4430",4430,"4429, 4230, 4428, 4329, 9520, 4432, 4529, 4530, 4431",9
"4431",4431,"4331, 4430, 1216, 3217, 4231, 4330, 4332, 3971, 4042, 4631, 4433, 4530, 4531, 4432",14
"4432",4432,"4332, 4431, 4232, 4333, 4430, 5019, 4533, 4434, 4531, 4532, 4433",11
"4433",4433,"4333, 4432, 4233, 4332, 4431, 4633, 4534, 4501, 4532, 4533, 4434",11
"4434",4434,"1167, 4433, 2030, 4234, 4333, 4335, 4432, 4634, 4535, 4436, 4533, 4534, 4435",13
"4435",4435,"4335, 4434, 4235, 4334, 4336, 2721, 8210, 5973, 4635, 4536, 4534, 5778, 4436",13
"4436",4436,"1737, 4435, 1723, 422, 4337, 4434, 4636, 4537, 4438, 4535, 4536, 4437",12
"4437",4437,"4436, 4237, 4336, 695, 5376, 9135, 4838, 4637, 4538, 4439, 4536, 4537, 4438",13
"4438",4438,"1465, 4437, 4337, 4339, 4436, 4638, 4539, 4537, 4538, 4439",10
"4439",4439,"4339, 4438, 4239, 3623, 4340, 4437, 7733, 5709, 4639, 4540, 4538, 6908, 4539, 4440",14
"4440",4440,"4340, 4439, 1359, 2092, 4240, 4339, 143, 3567, 4541, 4442, 4539, 4540, 4441",13
"4441",4441,"4341, 4440, 1645, 4241, 4340, 4342, 1589, 4641, 4542, 4540, 9450, 4541",12
"4442",4442,"4104, 4341, 4343, 4440, 8961, 6074, 4642, 4543, 4444, 4541, 4542, 4443, 9472",13
"4443",4443,"4343, 4442, 3232, 1975, 4342, 2763, 1811, 4643, 7669, 4445, 4542, 7271, 4444",13
"4444",4444,"4344, 4443, 4244, 4343, 4345, 4442, 4644, 4545, 4446, 4543, 4544, 4445",12
"4445",4445,"363, 4444, 4245, 4344, 4346, 4443, 4645, 4546, 4447, 4544, 5574, 4545, 4446",13
"4446",4446,"4346, 4445, 4246, 4345, 4347, 4444, 6698, 5314, 5039, 4646, 4547, 4448, 4545, 5829, 4546, 4447",16
"4447",4447,"4446, 4247, 4346, 4348, 4445, 5053, 4647, 4548, 4449, 6381, 9058, 4448",12
"4448",4448,"4348, 4447, 4248, 4347, 4349, 4446, 4648, 4549, 4450, 4547, 6990, 4548, 5045",13
"4449",4449,"4349, 1770, 4249, 4348, 4350, 4447, 9431, 4550, 4451, 4549, 4450",11
"4450",4450,"4449, 3621, 4250, 4349, 4351, 4448, 1165, 9447, 4650, 4551, 4452, 4549, 4451",13
"4451",4451,"4351, 4450, 687, 4251, 4350, 4352, 4449, 4651, 4552, 4453, 4550, 4452",12
"4452",4452,"4252, 4351, 4353, 4450, 4451, 4652, 4553, 4454, 4552, 4453",10
"4453",4453,"3729, 4353, 4452, 4253, 4354, 4451, 4653, 4554, 4455, 4552, 4553, 4454",12
"4454",4454,"4354, 4453, 4254, 4353, 4355, 4452, 4858, 4555, 4456, 4553, 4554, 4455",12
"4455",4455,"4454, 4255, 4356, 4453, 4354, 6859, 8779, 4556, 4457, 4554, 4456",11
"4456",4456,"3284, 4356, 4256, 4355, 4357, 4454, 4293, 4455, 7002, 4656, 4458, 4986, 4556",13
"4457",4457,"3146, 4357, 2060, 4257, 4356, 4358, 4455, 4657, 4558, 4459, 4556, 4557, 4458",13
"4458",4458,"4358, 4457, 4258, 4357, 4359, 4456, 4658, 4559, 4460, 4557, 4558, 4459",12
"4459",4459,"4359, 4458, 4259, 4358, 4360, 4457, 9029, 4659, 4560, 4461, 4558, 4559, 4460",13
"4460",4460,"1248, 4360, 4459, 1766, 4260, 4359, 4361, 4458, 4669, 4559, 4560, 4461",12
"4461",4461,"4361, 4460, 4360, 4459, 7933, 4661, 4463, 4560, 4561, 4462",10
"4462",4462,"3977, 4362, 4461, 963, 4262, 4361, 4363, 4662, 4563, 4464, 4561, 4562, 4463",13
"4463",4463,"4275, 4363, 4462, 4263, 4362, 4364, 4461, 7551, 4663, 4564, 4465, 4562, 4464",13
"4464",4464,"4364, 4264, 4365, 4462, 4463, 4664, 4466, 4563, 8368, 4564, 4465",11
"4465",4465,"4365, 4464, 4265, 4364, 4463, 4665, 4566, 4467, 4564, 4565",10
"4466",4466,"4366, 2507, 4266, 4365, 4464, 4666, 4567, 4565, 4752, 4566, 4467",11
"4467",4467,"2514, 4466, 4267, 4366, 4465, 4667, 4568, 4469, 7842, 4567, 4468",11
"4468",4468,"2165, 4467, 4367, 4369, 4668, 4569, 4470, 4567, 5562, 8565, 4568, 4469",12
"4469",4469,"4369, 4468, 2001, 4269, 4368, 4467, 514, 6252, 4669, 4570, 4471, 4568, 4470",13
"4470",4470,"4370, 4469, 4270, 4371, 4468, 4670, 4571, 4472, 4569, 4471",10
"4471",4471,"4371, 3146, 4271, 4370, 4372, 4469, 4470, 5317, 4939, 4671, 4572, 4473, 4570, 9180",14
"4472",4472,"4372, 4272, 4371, 4470, 3372, 2713, 5385, 6153, 4672, 4571, 4572, 4719, 6630",13
"4473",4473,"4373, 4273, 4372, 4374, 4471, 4673, 4574, 4475, 8708, 4573, 4474",11
"4474",4474,"3126, 4473, 3698, 4274, 4373, 4375, 1161, 7317, 4496, 4674, 4575, 4476, 9276, 4475",14
"4475",4475,"4375, 3583, 4376, 4473, 2864, 4474, 5250, 4675, 4574, 4575, 4476",11
"4476",4476,"4376, 4475, 129, 4276, 4375, 4377, 4474, 848, 8111, 6251, 4676, 8787, 9886, 9156",14
"4477",4477,"4377, 4277, 4376, 4378, 1732, 2197, 6076, 5331, 4677, 4578, 4479, 4576, 4577",13
"4478",4478,"4377, 4379, 9095, 6938, 4579, 4480, 4577, 7034, 4578, 4479, 5089",11
"4479",4479,"4379, 4478, 1989, 4378, 4380, 4477, 4679, 4580, 4481, 4578, 4579, 4480",12
"4480",4480,"4479, 4379, 4478, 4842, 4482, 4579, 5878, 4580, 4481",9
"4481",4481,"2657, 3373, 4381, 4480, 3980, 4281, 4380, 4382, 4479, 2695, 7977, 4582, 4483, 4580, 4581, 4482",16
"4482",4482,"3525, 4382, 4481, 4282, 4381, 4480, 4682, 4583, 4484, 4581, 4582, 4483",12
"4483",4483,"4383, 4482, 4283, 4384, 4481, 7005, 4584, 4485, 4582, 4583, 4484",11
"4484",4484,"4384, 4483, 4284, 4383, 11, 4482, 4684, 4585, 4486, 4583, 4584, 4485",12
"4485",4485,"4484, 439, 4285, 4384, 4386, 4483, 4685, 4586, 4487, 4584, 4585, 4486",12
"4486",4486,"4386, 4485, 1524, 4286, 4385, 4387, 4484, 5650, 4587, 4488, 4585, 8641, 6087, 4586, 4487",15
"4487",4487,"4387, 4486, 4386, 4388, 4485, 667, 5166, 4588, 4489, 4586, 4587",11
"4488",4488,"2787, 4388, 1221, 4288, 4387, 4389, 4486, 1648, 4688, 4589, 8150, 4588, 4489",13
"4489",4489,"4488, 2323, 4289, 4390, 4487, 4388, 8747, 4950, 4689, 4590, 4491, 4588, 4490",13
"4490",4490,"4390, 169, 4290, 4389, 4489, 4690, 4591, 4492, 4589, 8587, 4590, 4491",12
"4491",4491,"4391, 4490, 4291, 4390, 4392, 4489, 4691, 4592, 4493, 4590, 5304, 4591, 4492",13
"4492",4492,"4392, 4491, 4292, 4393, 4490, 7230, 4692, 4494, 4591, 4592, 4493",11
"4493",4493,"4393, 4492, 732, 4293, 4392, 4394, 4491, 5479, 4693, 4594, 4495, 4592, 4593, 4494",14
"4494",4494,"4394, 4493, 4294, 4393, 4395, 4492, 5532, 4694, 4595, 4496, 4593, 4594, 4495",13
"4495",4495,"4395, 4494, 396, 4295, 4394, 4396, 4493, 4695, 4596, 4497, 4594, 4942, 4595, 4496",14
"4496",4496,"4396, 4495, 1740, 4296, 4494, 4474, 4696, 4597, 4595, 7604, 4497",11
"4497",4497,"1386, 2038, 4397, 4496, 4297, 4396, 4398, 4495, 4736, 4697, 4499, 4596, 9649, 4597, 4498",15
"4498",4498,"4398, 4497, 4298, 4399, 3677, 4698, 4599, 4500, 8119, 4598, 4499",11
"4499",4499,"4399, 4498, 4398, 4497, 4699, 4600, 4598, 4587, 4599, 4500",10
"4500",4500,"4400, 4499, 4300, 4399, 4498, 9543, 7087, 8131, 4600",9
"4501",4501,"4301, 4402, 4433, 3963, 4602, 4503, 6527, 4601, 4502",9
"4502",4502,"4501, 2299, 4302, 4401, 4702, 4603, 4504, 4601, 4602, 4503",10
"4503",4503,"4403, 4502, 4303, 3382, 4501, 7210, 4703, 4505, 4602, 6267, 4504",11
"4504",4504,"4404, 4503, 2913, 4304, 4403, 4405, 4502, 4704, 4605, 4506, 4603, 4604, 4505",13
"4505",4505,"4405, 4504, 4404, 4406, 4503, 7917, 8091, 4606, 4507, 4604, 4649, 4605, 4506",13
"4506",4506,"4406, 4505, 3949, 4395, 4407, 4504, 4706, 4607, 4508, 4605, 4606, 4507",12
"4507",4507,"4407, 4506, 4307, 4406, 4408, 4505, 7085, 8541, 4608, 4606, 4607",11
"4508",4508,"4408, 3683, 4308, 4407, 4409, 4506, 4553, 4708, 4609, 4607, 4608, 4509",12
"4509",4509,"4409, 4508, 424, 4309, 4408, 4410, 8811, 4709, 4610, 4511, 4608, 6562, 4609, 4510",14
"4510",4510,"1627, 4410, 4509, 4310, 3755, 4411, 8222, 4710, 4611, 4512, 4609, 4856, 4610, 4511",14
"4511",4511,"3588, 4510, 4311, 4410, 4412, 4509, 4711, 4612, 4513, 4610, 4611, 4512",12
"4512",4512,"4412, 4511, 4312, 4411, 4413, 4510, 1301, 4712, 8552, 4514, 4513",11
"4513",4513,"4413, 4512, 964, 4313, 1183, 4414, 4511, 4614, 4515, 4612, 4514",11
"4514",4514,"4414, 4314, 4413, 4415, 4512, 4513, 4714, 4615, 4516, 4613, 7748, 4614, 4515",13
"4515",4515,"4415, 4514, 4315, 4414, 4513, 9100, 4715, 4616, 4517, 4614, 4615, 4516",12
"4516",4516,"4416, 4515, 3026, 4415, 4417, 4514, 45, 4716, 4617, 4518, 4615, 4517",12
"4517",4517,"4317, 4418, 4515, 3214, 4516, 4519, 4616, 4617, 4518",9
"4518",4518,"4418, 4517, 4318, 4419, 4516, 4755, 4718, 4619, 4520, 4617, 4618, 4519",12
"4519",4519,"4518, 4319, 4418, 4517, 4719, 4620, 4521, 4618, 4619, 4520",10
"4520",4520,"4420, 4519, 4320, 4419, 4421, 4518, 9542, 4720, 4621, 4522, 4619, 4620, 4521",13
"4521",4521,"4421, 4520, 4321, 4420, 4422, 4519, 7113, 4721, 4622, 4523, 4620, 4621, 4522",13
"4522",4522,"4422, 4521, 4421, 4423, 4520, 4722, 4623, 4524, 4621, 4622",10
"4523",4523,"4423, 4071, 4323, 4422, 4424, 4521, 4723, 4624, 4525, 7686, 9614, 4623, 4524",13
"4524",4524,"4424, 4523, 4171, 4324, 4425, 4522, 4724, 4625, 4526, 4623, 4624, 4525",12
"4525",4525,"626, 4425, 4524, 813, 4325, 4424, 4523, 3254, 4725, 4626, 4527, 4624, 4526",13
"4526",4526,"4326, 4425, 4427, 4524, 4525, 7051, 4726, 4627, 4528, 5040, 4626, 4527",12
"4527",4527,"4427, 4526, 20, 4327, 4525, 721, 8569, 4727, 7971, 4626, 6457",11
"4528",4528,"4428, 78, 4427, 4429, 4526, 4728, 4629, 4530, 4628, 4529",10
"4529",4529,"4429, 4528, 4428, 4430, 2946, 9424, 4630, 4629, 4530",9
"4530",4530,"4430, 4529, 612, 4431, 4528, 4429, 4532, 4629, 4630",9
"4531",4531,"4431, 1244, 4331, 4432, 9419, 9238, 4731, 4632, 4533, 4630, 7253, 4631, 4532, 6494",14
"4532",4532,"4432, 4531, 4332, 4433, 4530, 4732, 4633, 4534, 4631, 4632, 4533",11
"4533",4533,"4433, 4532, 4333, 4432, 4434, 4531, 4733, 4535, 4632, 4633",10
"4534",4534,"2978, 4434, 4334, 4433, 4435, 4532, 4625, 4734, 4635, 4536, 4633, 9121, 4634, 7507",14
"4535",4535,"1394, 2256, 4335, 4434, 4436, 4533, 5166, 4735, 4636, 4537, 4634, 4640, 4635, 4536, 4758",15
"4536",4536,"4436, 4535, 1881, 4336, 4435, 4437, 4534, 4736, 4637, 4538, 4635, 4636, 4537",13
"4537",4537,"4437, 4536, 3853, 4176, 4337, 4436, 4438, 4535, 8811, 6044, 5693, 4737, 4539, 4636, 5517, 4637, 4538",17
"4538",4538,"4438, 4537, 4338, 4437, 4439, 4536, 9529, 4738, 4639, 4540, 4638, 4539",12
"4539",4539,"663, 2760, 4439, 4538, 4339, 4438, 4440, 1349, 4537, 8611, 4739, 4640, 4638, 4639, 4540",15
"4540",4540,"4440, 4539, 1694, 206, 4439, 4441, 4538, 8300, 4641, 4542, 4639",11
"4541",4541,"4441, 3946, 4440, 4442, 4741, 4642, 4543, 4640, 4573, 4641, 4542",11
"4542",4542,"4442, 4541, 4342, 4441, 4443, 4540, 6910, 9449, 4643, 4544, 5894, 6702, 4543",13
"4543",4543,"4542, 279, 4343, 4442, 4444, 4541, 4644, 4545, 4642, 7612, 4643, 4544",12
"4544",4544,"4444, 4543, 4344, 4445, 4542, 3767, 4744, 4645, 4546, 4643, 4644",11
"4545",4545,"4445, 4345, 4444, 4446, 4543, 4745, 4646, 4547, 4644, 5364, 4645, 4546",12
"4546",4546,"4446, 4545, 4346, 4445, 4544, 4746, 4647, 4548, 4645, 5662, 4547",11
"4547",4547,"4546, 4347, 4446, 4448, 4545, 4648, 4549, 4646, 4647, 4548",10
"4548",4548,"4448, 4547, 1083, 3183, 4447, 4546, 5503, 9581, 4748, 4649, 4550, 4647, 4648, 4549",14
"4549",4549,"4449, 4548, 4349, 4448, 4450, 4547, 4749, 4650, 4551, 9789, 4649, 4550",12
"4550",4550,"4549, 4350, 4449, 4451, 4548, 6612, 4624, 4651, 4552, 4649, 4650, 4551",12
"4551",4551,"1872, 4550, 417, 4351, 4450, 6, 4549, 8381, 4751, 4652, 4650, 9107, 4552",13
"4552",4552,"4452, 4551, 4352, 4451, 4453, 4550, 9646, 7072, 4752, 4653, 4554, 4651, 4652",13
"4553",4553,"4453, 4334, 4353, 4452, 4454, 310, 4508, 4753, 4654, 4555, 4653, 4554, 8165",13
"4554",4554,"4454, 4553, 3488, 4453, 4455, 4552, 9165, 9269, 4655, 4556, 4653, 4654, 4555",13
"4555",4555,"4554, 4355, 4553, 4454, 6574, 4755, 4656, 6125, 4655, 4556",10
"4556",4556,"4456, 4555, 4356, 4455, 4457, 4554, 4756, 4558, 4655, 8472, 4557",11
"4557",4557,"4457, 884, 4458, 4556, 4658, 4559, 4656, 5349, 6374, 4657, 4558",11
"4558",4558,"4458, 4557, 4358, 4457, 4459, 4556, 4758, 4659, 4560, 4657, 4658, 9730",12
"4559",4559,"4459, 4458, 4460, 4557, 4938, 4660, 4561, 4658, 4659, 4560",10
"4560",4560,"4460, 4559, 4360, 4459, 4461, 4558, 4760, 4661, 7631, 4659, 4561",11
"4561",4561,"4461, 2313, 4361, 4462, 4559, 3857, 4560, 9648, 4662, 4660, 4562",11
"4562",4562,"4462, 4362, 4463, 4561, 4762, 4663, 4564, 4661, 4972, 9502, 9344, 4563",12
"4563",4563,"4562, 4363, 4462, 4464, 7191, 6671, 6389, 4763, 4662, 7095, 4663, 4564",12
"4564",4564,"4464, 4563, 504, 3796, 4463, 4465, 4562, 4764, 4665, 4566, 4663, 4664, 4565",13
"4565",4565,"4465, 4564, 958, 3734, 4466, 1372, 317, 7474, 4666, 4567, 4664, 4665, 4566",13
"4566",4566,"1895, 4466, 4565, 1778, 4366, 4465, 4564, 4766, 4667, 4568, 4665, 4666, 4567",13
"4567",4567,"4467, 4566, 4367, 4466, 4468, 4565, 4767, 4668, 4569, 4666, 4667, 4568",12
"4568",4568,"4468, 4567, 948, 3535, 4368, 4467, 4469, 4566, 5370, 4668, 4569",11
"4569",4569,"4568, 4369, 4468, 4470, 4567, 3246, 4769, 4670, 5421, 4668, 4570",11
"4570",4570,"4569, 4370, 4469, 4471, 2266, 697, 4770, 4671, 4572, 4571, 7629",11
"4571",4571,"2034, 4570, 4371, 4470, 4472, 4771, 4672, 4573, 4670, 4671, 4572",11
"4572",4572,"4472, 4571, 4372, 4471, 4570, 7274, 6033, 4772, 4673, 4574, 7906, 4573",12
"4573",4573,"3158, 4473, 4373, 4571, 163, 4541, 4572, 8212, 4773, 4674, 4575, 4574",12
"4574",4574,"4573, 3730, 773, 4374, 4473, 4475, 4572, 8176, 4774, 4675, 4673, 4575",12
"4575",4575,"4475, 4574, 4375, 4474, 4573, 4775, 4676, 4577, 7855, 4675",10
"4576",4576,"2101, 2648, 4477, 1709, 4776, 4677, 4578, 4675, 4676, 4577",10
"4577",4577,"4477, 4576, 4377, 2135, 4478, 4575, 3416, 4777, 4678, 4676, 4677, 4578",12
"4578",4578,"4478, 4577, 4378, 4477, 4479, 4576, 9792, 4778, 4679, 4580, 4677, 4678, 4579",13
"4579",4579,"4479, 4578, 3639, 4379, 4478, 4480, 4803, 7925, 4680, 4581, 4678, 4679, 4580",13
"4580",4580,"4480, 4579, 4380, 4479, 4481, 4578, 1971, 6912, 9527, 4681, 4582, 4679, 6371",13
"4581",4581,"4401, 4481, 4381, 4482, 4579, 901, 9708, 4682, 4680, 6263, 4582",11
"4582",4582,"4482, 4581, 4481, 4483, 4580, 3611, 77, 4782, 4683, 4681, 4583",11
"4583",4583,"1112, 4483, 4582, 4383, 4482, 4484, 5599, 4783, 4684, 4585, 4682, 8303, 4683, 4584",14
"4584",4584,"3454, 4484, 4583, 4384, 4483, 4485, 8120, 4784, 4685, 4586, 4683, 4684, 4585",13
"4585",4585,"4485, 4584, 4385, 4484, 4486, 4583, 5769, 4587, 4684, 6243, 4586",11
"4586",4586,"4486, 4585, 4386, 4485, 4487, 4584, 4786, 4687, 4588, 4685, 4686, 4587",12
"4587",4587,"4487, 4586, 4387, 4499, 4486, 4585, 9935, 4787, 4688, 4589, 4686, 5081, 4687",13
"4588",4588,"4488, 3812, 2103, 4487, 4489, 4586, 7728, 5656, 4689, 4590, 4687, 4688, 8702",13
"4589",4589,"1538, 4389, 4488, 4490, 4587, 9055, 4789, 4690, 4591, 4688, 4689, 4590",12
"4590",4590,"4490, 4589, 4390, 4489, 4491, 4588, 684, 4790, 4592, 4689, 4690, 4591",12
"4591",4591,"4491, 4590, 4490, 4492, 4589, 3658, 2485, 8407, 4791, 4593, 4691, 4592",12
"4592",4592,"4492, 4591, 4491, 4493, 4590, 4693, 4594, 4691, 4692, 4593",10
"4593",4593,"4493, 4592, 2355, 2736, 4393, 4494, 4591, 4793, 4694, 4595, 4692, 8438, 4693, 4594",14
"4594",4594,"4494, 4593, 4394, 4493, 4495, 4592, 4695, 4693, 4694, 4595",10
"4595",4595,"4495, 4594, 392, 4395, 4494, 4496, 4593, 6268, 4696, 7298, 4694, 4695, 4596",13
"4596",4596,"3675, 4595, 4396, 4495, 4497, 4796, 4697, 4598, 4695, 4696, 4597",11
"4597",4597,"4497, 4596, 4496, 4797, 4698, 4599, 4696, 4697, 4598",9
"4598",4598,"4498, 4597, 4398, 4499, 4596, 4798, 4699, 4600, 6735, 4698, 4599",11
"4599",4599,"4499, 4598, 3378, 4399, 4498, 4597, 8962, 4799, 4700, 4698, 4699, 4600",12
"4600",4600,"4500, 4599, 4400, 4499, 4598, 1857, 4800, 4700",8
"4601",4601,"4501, 4502, 4801, 4702, 4701, 4602",6
"4602",4602,"4502, 4601, 4402, 4501, 4503, 4802, 4703, 4604, 4701, 4702, 4603",11
"4603",4603,"4602, 4403, 4502, 4504, 8128, 4803, 4704, 4605, 4702, 8724, 4703, 6903",12
"4604",4604,"4504, 684, 4404, 4505, 4602, 4804, 4705, 4606, 4703, 4986, 5041, 4704, 4605",13
"4605",4605,"4505, 4604, 4405, 4504, 4506, 4603, 5530, 4607, 4704, 4705, 4606",11
"4606",4606,"4506, 4605, 4406, 4505, 4507, 4604, 4765, 4806, 4707, 7748, 4607",11
"4607",4607,"4507, 4606, 4407, 4506, 4605, 4508, 4807, 4708, 4609, 4707, 4608",11
"4608",4608,"4508, 4607, 4408, 4507, 4509, 2855, 1608, 43, 5562, 4808, 4709, 4610, 8543",13
"4609",4609,"4509, 3588, 2104, 4258, 4409, 4508, 4510, 4607, 4809, 4710, 4611, 4708, 4610",13
"4610",4610,"4510, 1448, 4509, 4511, 4608, 4609, 4810, 4711, 4612, 4709, 4710, 4611",12
"4611",4611,"4511, 4610, 4411, 4510, 1583, 4609, 34, 6339, 4712, 4613, 4710, 4711, 4612",13
"4612",4612,"4611, 4412, 4511, 4513, 4610, 4812, 4713, 4614, 4711, 4712",10
"4613",4613,"32, 4413, 4514, 4611, 8907, 4813, 4714, 4615, 4712, 4713, 7306",11
"4614",4614,"4514, 4276, 4515, 4612, 3700, 4513, 4814, 4715, 4714, 4615",10
"4615",4615,"4515, 4614, 4415, 4514, 4516, 4613, 1032, 9792, 4716, 4714, 8904, 4715",12
"4616",4616,"4416, 4515, 4517, 3406, 7201, 5509, 6902, 4715, 5415, 4716, 4617",11
"4617",4617,"4517, 4616, 4417, 4516, 4518, 4817, 4619, 4716, 7675, 4717, 4618",11
"4618",4618,"449, 4518, 4617, 4418, 4519, 5307, 8144, 4719, 4620, 4717, 5321, 4619",12
"4619",4619,"4519, 4618, 4419, 4518, 4520, 4617, 7656, 4819, 4720, 4621, 4718, 4719, 4620",13
"4620",4620,"4520, 4619, 4420, 4519, 4521, 4618, 9296, 4721, 4719, 4720, 4621",11
"4621",4621,"4521, 4620, 1806, 2151, 4421, 4520, 4522, 4619, 7762, 4821, 4722, 4623, 4720, 4869, 4721, 4622",16
"4622",4622,"3286, 4522, 4621, 4422, 4521, 4822, 4723, 4624, 4721, 8685, 4623",11
"4623",4623,"4523, 4423, 4522, 4524, 4621, 4622, 4823, 4724, 4625, 4722, 4723, 4624",12
"4624",4624,"4524, 4623, 2727, 4424, 4523, 4525, 4550, 4622, 4824, 4725, 4626, 4723, 4724, 4625",14
"4625",4625,"4534, 4624, 3334, 4425, 4524, 4623, 857, 9844, 7382, 4726, 4627, 4724, 6112, 4626",14
"4626",4626,"4526, 4625, 4426, 4525, 4527, 4624, 4826, 4727, 4628, 4725, 4726, 4627",12
"4627",4627,"4626, 4427, 4526, 4625, 6390, 4827, 8672, 4629, 4726, 4727, 4628",11
"4628",4628,"4528, 4627, 4428, 1387, 4626, 4048, 4213, 4729, 4727, 4713, 4629",11
"4629",4629,"4529, 4628, 4528, 4530, 4627, 5740, 4829, 4730, 4728, 4729, 4630",11
"4630",4630,"4530, 4629, 400, 4531, 4529, 4830, 4731, 4632, 4729, 4730, 4631",11
"4631",4631,"4531, 4630, 4431, 1833, 4532, 7198, 4831, 4633, 4730, 4703, 6583, 4731",12
"4632",4632,"4532, 30, 188, 4531, 4533, 4630, 2617, 8447, 4733, 6184, 4731, 4732, 4633",13
"4633",4633,"4533, 4632, 4433, 4532, 4534, 4631, 4833, 4734, 4635, 4732, 4733",11
"4634",4634,"4534, 2541, 4434, 4535, 8452, 4735, 4733, 4771, 7633, 6090, 4635",11
"4635",4635,"4535, 4634, 4435, 4534, 4536, 4633, 4835, 4736, 4637, 4734, 4735, 6058",12
"4636",4636,"569, 2365, 4536, 4436, 4535, 4537, 4836, 4737, 4638, 4735, 8099, 5971, 4736, 4637",14
"4637",4637,"4537, 4636, 4437, 4536, 4635, 4814, 8921, 4837, 4738, 4639, 8546, 9492, 4638",13
"4638",4638,"4538, 4637, 4438, 4539, 4636, 9469, 4838, 4739, 4640, 4737, 9188, 4738, 9507",13
"4639",4639,"4539, 4439, 4538, 4540, 4637, 4740, 4641, 4738, 4739, 5968",10
"4640",4640,"4535, 4539, 4541, 4638, 4840, 4741, 4642, 4739, 5955, 4641",10
"4641",4641,"4541, 4640, 4441, 4639, 4540, 4643, 4841, 4740, 4741, 4642",10
"4642",4642,"4641, 4442, 4541, 4543, 4640, 4842, 4743, 4644, 4741, 4742, 4643",11
"4643",4643,"4543, 4642, 997, 1066, 4443, 4542, 4544, 4641, 9461, 5738, 4843, 4744, 8982, 4742, 8846",15
"4644",4644,"2782, 4544, 4444, 4545, 4642, 4543, 4844, 4745, 4646, 4743, 4744, 4645",12
"4645",4645,"4545, 4644, 4445, 4544, 4546, 4746, 4647, 4745, 4646",9
"4646",4646,"4645, 3528, 4446, 4545, 4547, 4644, 4846, 4747, 4648, 4745, 4746, 4647",12
"4647",4647,"4547, 4646, 4447, 4546, 4548, 4645, 6336, 7156, 4748, 4649, 4746, 5274, 4648",13
"4648",4648,"4548, 4647, 4448, 4547, 4646, 5450, 5533, 4749, 4650, 4747, 4748, 4649",12
"4649",4649,"4549, 4648, 4505, 4548, 4550, 4647, 5685, 4750, 4651, 4748, 4749, 4650",12
"4650",4650,"4550, 4649, 2429, 3654, 4450, 4549, 4551, 4648, 2202, 4850, 4749, 5613, 4651",13
"4651",4651,"4650, 1038, 4451, 4550, 4552, 4649, 4851, 4752, 4653, 4750, 4751, 4652",12
"4652",4652,"4552, 4651, 4452, 4551, 169, 5419, 6227, 4654, 4751, 4653",10
"4653",4653,"1073, 3674, 4553, 4652, 4453, 4552, 4554, 4651, 6854, 4853, 4655, 4752, 4753, 4654",14
"4654",4654,"4554, 4653, 4553, 4652, 8642, 4854, 4755, 4656, 4753, 4692, 4754, 4655",12
"4655",4655,"4555, 4654, 3939, 4554, 4556, 4653, 4756, 4657, 4754, 4755",10
"4656",4656,"4238, 4456, 4555, 4557, 4654, 583, 8748, 4856, 4757, 4658, 4756, 4657",12
"4657",4657,"4557, 4656, 4457, 4558, 4655, 4857, 4758, 4659, 6138, 4757, 4658",11
"4658",4658,"4558, 4657, 2217, 4458, 4559, 4656, 4557, 9206, 4858, 4759, 4660, 4757, 4758, 4659",14
"4659",4659,"4559, 4658, 4459, 4558, 4560, 4657, 8061, 7569, 4859, 4760, 4661, 4758, 4759, 4660",14
"4660",4660,"4659, 4559, 4561, 4658, 778, 6980, 9813, 7907, 4860, 4761, 4662, 4803, 4661",13
"4661",4661,"4660, 4461, 4560, 4562, 4659, 5246, 6496, 4861, 4762, 4663, 8456, 4662",12
"4662",4662,"4462, 4561, 4563, 4660, 372, 4661, 4731, 6418, 4763, 4761, 4762, 4663",12
"4663",4663,"4563, 4662, 4463, 4562, 4564, 4661, 4863, 4764, 4665, 4762, 4763, 4664",12
"4664",4664,"4564, 4663, 4464, 3923, 4565, 4666, 4763, 4764, 4665",9
"4665",4665,"4565, 4664, 4465, 4564, 4566, 4663, 4865, 4766, 4764, 4765, 4666",11
"4666",4666,"4566, 4665, 4466, 4565, 4567, 4664, 6735, 4866, 4767, 4668, 4765, 4766, 4667",13
"4667",4667,"4567, 4666, 4467, 4566, 442, 3855, 4768, 4766, 4767, 4668",10
"4668",4668,"4568, 4667, 4468, 4567, 4569, 4666, 1449, 4868, 6486, 4670, 4767, 4768, 4669",13
"4669",4669,"4668, 2898, 4460, 4469, 4869, 4770, 4671, 9551, 4769",9
"4670",4670,"232, 4470, 4569, 4571, 4668, 1148, 4771, 4769, 4770, 4671",10
"4671",4671,"727, 1020, 1421, 4571, 4670, 3975, 4471, 4570, 4669, 9657, 4871, 4772, 4673, 4770, 6894, 4771, 4672",17
"4672",4672,"4671, 4472, 4571, 339, 4872, 4674, 4771, 4772",8
"4673",4673,"4473, 4572, 4574, 4671, 4873, 4774, 4772, 4773, 4674, 5080",10
"4674",4674,"4673, 4474, 4573, 4672, 2312, 7206, 4874, 4775, 4676, 4773, 4774",11
"4675",4675,"3857, 4575, 4139, 4475, 4574, 4576, 5117, 4875, 4677, 4774, 7090, 4775",12
"4676",4676,"4576, 1325, 4476, 4575, 4577, 4674, 4876, 7074, 4678, 4775, 4677",11
"4677",4677,"4577, 4477, 4576, 4578, 4675, 4676, 4877, 4778, 4679, 4776, 4777, 4678",12
"4678",4678,"4578, 4677, 2362, 4577, 4579, 4676, 4878, 4779, 4680, 4777, 4778, 4679",12
"4679",4679,"1331, 4579, 4678, 4479, 4578, 4580, 4677, 4879, 4780, 4681, 4778, 9765, 4779, 4680",14
"4680",4680,"4679, 4076, 4579, 4581, 4678, 4093, 6244, 4880, 4781, 4682, 4779, 4780, 4681",13
"4681",4681,"4272, 4680, 4580, 4582, 4679, 2045, 4782, 4683, 4780, 7236, 4682",11
"4682",4682,"4681, 4482, 4581, 4583, 4680, 4882, 4783, 4684, 4781, 4782, 4683",11
"4683",4683,"4583, 4682, 4582, 4584, 4681, 4784, 4685, 4782, 4783, 4684",10
"4684",4684,"4584, 4683, 844, 1220, 4484, 4583, 4585, 4682, 4884, 4785, 4686, 4783, 4784, 4685",14
"4685",4685,"4684, 4485, 4584, 4586, 4683, 4885, 4786, 4687, 4784, 5026, 4686",11
"4686",4686,"4586, 4587, 4684, 4685, 4886, 4787, 4688, 4785, 4786, 4687",10
"4687",4687,"4587, 4686, 610, 2415, 4586, 4588, 4685, 4887, 4788, 4689, 4786, 8976, 4787, 4688",14
"4688",4688,"540, 4588, 4687, 4488, 4587, 4589, 4686, 7965, 4888, 4789, 4690, 4787, 4788, 4689",14
"4689",4689,"4589, 4688, 4489, 4588, 4590, 4687, 4889, 4790, 8719, 4788, 4789, 4690",12
"4690",4690,"4590, 4689, 3912, 4490, 4589, 4688, 859, 9582, 7447, 4890, 4692, 4789, 4790, 4691",14
"4691",4691,"4591, 4690, 4491, 4592, 4891, 4792, 4693, 4790, 4791",9
"4692",4692,"4592, 3015, 288, 4492, 4654, 4593, 4690, 1176, 9988, 5428, 4793, 4694, 4791, 4693",14
"4693",4693,"4593, 3966, 4493, 4592, 4594, 4691, 4692, 4893, 4794, 4695, 4792, 4694",12
"4694",4694,"4594, 1797, 4494, 4593, 4595, 4692, 4693, 7905, 5264, 4894, 4795, 4696, 5004, 4794, 4695",15
"4695",4695,"4595, 4694, 4495, 4596, 4693, 4594, 6168, 4895, 4796, 4794, 4795, 4696",12
"4696",4696,"4596, 4695, 4496, 4595, 4597, 4694, 1189, 4896, 4797, 4795, 4796, 4697",12
"4697",4697,"4597, 4696, 4497, 4596, 5635, 4897, 4699, 4796, 4797, 4698",10
"4698",4698,"4598, 4697, 4498, 4597, 4599, 4898, 4799, 4700, 4797, 9395, 4798, 4699",12
"4699",4699,"4599, 4698, 4499, 4598, 4697, 4842, 4899, 4800, 4798, 4799, 4700",11
"4700",4700,"4600, 4699, 4599, 4698, 4900, 4799, 9554, 4800",8
"4701",4701,"4601, 3441, 4602, 9352, 4802, 4801, 4702",7
"4702",4702,"4602, 4701, 682, 4502, 4601, 4603, 8257, 4902, 9441, 4704, 4801, 4802, 4703",13
"4703",4703,"4603, 4702, 4081, 4503, 4602, 4604, 4631, 1229, 4903, 4804, 4705, 4802, 4803, 4704",14
"4704",4704,"4604, 4703, 4504, 4603, 4605, 4702, 7200, 4904, 4805, 4706, 5298, 9373, 4804, 4705",14
"4705",4705,"2018, 4605, 4704, 4604, 3936, 4703, 4905, 4806, 4707, 4804, 4805, 4706",12
"4706",4706,"4705, 4506, 4704, 8927, 4906, 4807, 4708, 8645, 4806, 4707",10
"4707",4707,"4607, 4706, 4606, 4705, 4907, 4808, 4709, 4806, 4807",9
"4708",4708,"2299, 4184, 1372, 4508, 4607, 4609, 4706, 115, 4908, 4710, 4807, 4808, 4709, 5259",14
"4709",4709,"4708, 4509, 4608, 4610, 4707, 5912, 4909, 4810, 4711, 4809, 4710",11
"4710",4710,"1451, 4610, 4709, 4510, 4609, 4611, 4708, 1182, 9195, 4881, 4910, 4811, 4712, 4809, 9861, 4711",16
"4711",4711,"2478, 4611, 4710, 4511, 4610, 4612, 4709, 567, 79, 6901, 4810, 8740, 4712",13
"4712",4712,"4612, 4711, 4512, 4611, 4613, 4710, 4912, 4714, 4811, 4812, 4713",11
"4713",4713,"4613, 4628, 4712, 4612, 1282, 8071, 4913, 4715, 4812, 4813, 4714",11
"4714",4714,"4614, 4713, 4514, 4613, 4615, 4712, 4914, 4815, 4716, 4813, 4814, 4715",12
"4715",4715,"4615, 4714, 4515, 4614, 4616, 4713, 4915, 4816, 4814, 9717, 4716",11
"4716",4716,"4616, 4715, 4516, 4615, 4617, 4714, 7812, 6851, 4916, 4817, 4718, 4815, 4816, 4717",14
"4717",4717,"4617, 4716, 4618, 4917, 4818, 4719, 4816, 8267, 4817",9
"4718",4718,"2769, 4518, 4619, 4716, 4819, 4720, 4818",7
"4719",4719,"3108, 4472, 4619, 969, 4519, 4618, 4620, 4717, 647, 4919, 4820, 4721, 4818, 4720, 5881",15
"4720",4720,"4620, 4719, 4520, 4619, 4621, 4718, 4920, 4821, 4722, 4819, 4985, 4820, 4721",13
"4721",4721,"3431, 4621, 4720, 4521, 4622, 4719, 4620, 4921, 4822, 4723, 4821, 4722",12
"4722",4722,"4721, 4522, 4621, 4623, 4720, 6845, 4922, 4823, 4821, 4822, 4723",11
"4723",4723,"4623, 4722, 4523, 4622, 4624, 4721, 2076, 9686, 4823, 4724",10
"4724",4724,"4624, 4723, 4524, 4623, 4625, 3680, 4924, 4825, 4726, 4823, 4824, 4725",12
"4725",4725,"4724, 606, 4525, 4624, 4626, 7038, 4925, 4727, 4824, 4825, 4726",11
"4726",4726,"4626, 4725, 4526, 4625, 4627, 4724, 659, 4926, 4827, 4728, 4825, 4826",12
"4727",4727,"4627, 1619, 4527, 4626, 4628, 4725, 4927, 4828, 4729, 4826, 4827, 8565",12
"4728",4728,"4528, 4629, 4726, 4928, 6030, 4730, 4827, 8516, 4729",9
"4729",4729,"4629, 4628, 4630, 4727, 4728, 8871, 9263, 4830, 4828, 4829, 4730",11
"4730",4730,"4630, 4729, 2027, 174, 4629, 4631, 4728, 4930, 4831, 4732, 4829, 4830, 4731",13
"4731",4731,"4631, 4730, 4531, 4630, 4632, 4662, 7224, 4931, 4832, 4733, 4830, 4831, 8785",13
"4732",4732,"4632, 4532, 2139, 4633, 4730, 4932, 4833, 4734, 4832, 4733",10
"4733",4733,"4633, 4732, 4533, 4632, 4634, 4731, 3506, 4933, 4834, 4832, 4833, 4734",12
"4734",4734,"4733, 4534, 4633, 4635, 4732, 4934, 4835, 9642, 4834",9
"4735",4735,"4635, 1068, 4535, 4634, 4636, 3244, 6629, 5046, 4935, 4836, 4737, 4834, 4736",13
"4736",4736,"4636, 4735, 4536, 4635, 27, 4497, 5572, 7640, 4835, 4836, 4737",11
"4737",4737,"4736, 4537, 4636, 4638, 4735, 4937, 4838, 4739, 4836, 4837, 4738",11
"4738",4738,"4638, 4737, 1028, 4538, 4637, 4639, 4938, 4839, 4740, 4837, 9911, 4838, 4739",13
"4739",4739,"4639, 4738, 4539, 4638, 4640, 4737, 5896, 4840, 4741, 4839, 4740",11
"4740",4740,"2286, 4739, 52, 4641, 4738, 148, 4639, 9771, 9289, 4940, 4841, 4742, 6828, 4741",14
"4741",4741,"4641, 4740, 4541, 4640, 4642, 4739, 4400, 4941, 4743, 4840, 4841, 4742",12
"4742",4742,"4642, 4741, 1455, 4643, 4740, 4942, 4843, 4744, 4841, 4956, 4842, 7999",12
"4743",4743,"1544, 3558, 4642, 4644, 4741, 3867, 5639, 6757, 4943, 5744, 4744",11
"4744",4744,"4644, 4743, 4544, 4643, 4742, 8836, 4944, 4746, 4843, 4844, 4745",11
"4745",4745,"4645, 4744, 4545, 4644, 4646, 1694, 4945, 4846, 4747, 4844, 4845",11
"4746",4746,"4646, 864, 4546, 4647, 4744, 4645, 6379, 4946, 4847, 4748, 4845, 4846, 4747, 8800",14
"4747",4747,"4746, 810, 4646, 4648, 4745, 1227, 9642, 4947, 8704, 4749, 4748",11
"4748",4748,"4648, 3133, 4548, 4647, 4649, 4746, 4747, 4948, 4849, 9723, 4848, 4749",12
"4749",4749,"4649, 4748, 2723, 4549, 4650, 4747, 4648, 4949, 4850, 4751, 4848, 6937, 4750",13
"4750",4750,"3385, 2445, 4649, 4651, 194, 4749, 4950, 4851, 4752, 4849, 4850",11
"4751",4751,"4651, 881, 4551, 4652, 4749, 4951, 4852, 4753, 4850, 5903, 4851, 4752",12
"4752",4752,"22, 4466, 4751, 1941, 3445, 4552, 4651, 4653, 4750, 6155, 4952, 4853, 4754, 4852, 4753",15
"4753",4753,"4653, 4752, 4553, 4654, 4751, 6290, 4953, 4854, 4755, 4852, 7066, 4853, 4754",13
"4754",4754,"4654, 4753, 1715, 4655, 4752, 7713, 4954, 5200, 4756, 4853, 8921, 9103, 8729, 4755",14
"4755",4755,"4655, 2357, 4555, 4654, 4753, 4518, 3326, 4754, 9222, 4856, 4757, 4854, 9904, 8314, 7302, 4855",16
"4756",4756,"4656, 4556, 4754, 4655, 5306, 7585, 5746, 4956, 4857, 4758, 4855, 4856, 4757",13
"4757",4757,"4657, 4756, 4656, 4658, 4755, 239, 2079, 6689, 9208, 4957, 4858, 4856, 4758",13
"4758",4758,"4535, 4658, 4757, 4393, 4558, 4657, 4659, 4756, 4958, 4859, 4760, 5128, 4858, 4759",14
"4759",4759,"4659, 4758, 1463, 4658, 9822, 4959, 4860, 4761, 4858, 4859, 4760",11
"4760",4760,"4759, 4560, 4659, 544, 4758, 4960, 4762, 4859",8
"4761",4761,"385, 290, 4660, 4662, 4759, 3108, 6023, 5721, 4862, 4763, 4860, 4861, 4762",13
"4762",4762,"4662, 4761, 3618, 4562, 4661, 4663, 4760, 4962, 4863, 4764, 4861, 4862, 4763",13
"4763",4763,"4663, 4762, 2982, 4563, 4662, 4664, 4761, 2557, 9660, 7482, 4963, 4864, 4765, 8543, 4863, 4764",16
"4764",4764,"4379, 4664, 4763, 4564, 4663, 4665, 4762, 4964, 4865, 4766, 5505",11
"4765",4765,"4665, 4606, 4666, 4763, 9327, 6935, 4965, 4767, 4864, 4865, 8091",11
"4766",4766,"4666, 4566, 4665, 4667, 4764, 4966, 4867, 4768, 4865, 5592, 4866, 4767",12
"4767",4767,"4667, 4766, 947, 4666, 4668, 4765, 4567, 41, 9547, 4868, 4769, 4866, 4867, 4768",14
"4768",4768,"4668, 4767, 4766, 4667, 7780, 4968, 4869, 4770, 4867, 4868, 4845",11
"4769",4769,"4669, 471, 4569, 4670, 4767, 4969, 5377, 4771, 4868, 9299, 4770",11
"4770",4770,"4670, 4769, 4570, 4669, 4671, 4768, 4970, 4869, 4870",9
"4771",4771,"4671, 3910, 4634, 4571, 4670, 4672, 4769, 4971, 4773, 4870, 4871, 4772",12
"4772",4772,"4672, 4771, 4572, 4671, 4673, 4972, 4774, 4871, 4872, 4773",10
"4773",4773,"4673, 4772, 3564, 4573, 2055, 4674, 4771, 9535, 4874, 4775, 4872, 4873",12
"4774",4774,"3101, 4674, 4574, 4673, 4675, 4772, 2210, 4875, 4873, 4874, 4775, 7398",12
"4775",4775,"4675, 4774, 3986, 4575, 4674, 4676, 4773, 4876, 4777, 4874, 8916, 4875, 4776",13
"4776",4776,"4775, 4576, 1008, 4677, 3628, 5565, 4976, 9149, 4875, 6667, 4876, 4777",12
"4777",4777,"4677, 4776, 1975, 4577, 4678, 4775, 3844, 4977, 4878, 4779, 4960, 9006, 4778",13
"4778",4778,"948, 4678, 4777, 4578, 4677, 4679, 4978, 6325, 4780, 4877, 4878, 4779",12
"4779",4779,"4679, 4778, 4678, 4680, 4777, 4979, 4781, 7858, 4879, 4780",10
"4780",4780,"4680, 4779, 4679, 4681, 4778, 5947, 4881, 4782, 4879, 4781",10
"4781",4781,"4780, 4680, 4682, 4779, 4981, 4882, 4783, 4880, 4883, 6987, 4881, 4782",12
"4782",4782,"4682, 4781, 4582, 4681, 4683, 4780, 4982, 4883, 4784, 4881, 7213, 4783",12
"4783",4783,"3631, 4683, 4782, 4583, 4682, 4684, 4781, 9479, 4983, 4884, 7540, 4883, 4784",13
"4784",4784,"4684, 4783, 615, 4584, 4683, 4685, 4782, 4984, 4885, 4786, 8933, 8050, 4884, 4785",14
"4785",4785,"2247, 4784, 4684, 4686, 9020, 4985, 4787, 4884, 4885, 4786",10
"4786",4786,"4686, 4785, 4359, 4586, 4685, 4687, 4784, 2047, 4986, 4788, 4885, 4787",12
"4787",4787,"4687, 4786, 4587, 4686, 4688, 4785, 4987, 4888, 4789, 4886, 4887, 4788",12
"4788",4788,"4688, 4787, 273, 4687, 4689, 4786, 3727, 4988, 4790, 4887, 8095, 4789",12
"4789",4789,"4689, 4788, 4589, 4688, 4690, 4787, 4161, 5738, 4989, 6424, 4791, 4888",12
"4790",4790,"2262, 4690, 4590, 4689, 4691, 4788, 5286, 4990, 4891, 4792, 4889, 7581, 4791",13
"4791",4791,"4691, 4790, 4016, 4591, 4692, 4789, 4991, 4793, 4890, 9069, 4792",11
"4792",4792,"2895, 4691, 4693, 4790, 3127, 4791, 5493, 4992, 4893, 4794, 4892, 4793",12
"4793",4793,"4792, 4593, 4692, 4791, 6488, 4993, 4894, 4795, 4893, 4794",10
"4794",4794,"4694, 4793, 4693, 4695, 4792, 9476, 4994, 4895, 4796, 4893, 4894, 4795",12
"4795",4795,"4695, 4794, 3098, 644, 4694, 4696, 4793, 4995, 4797, 9245, 4895, 4796",12
"4796",4796,"4696, 4795, 4596, 4695, 4697, 4794, 4996, 4897, 4895, 4896, 7328",11
"4797",4797,"3964, 4697, 4696, 4698, 4795, 4597, 4997, 4898, 4799, 4896, 8115, 4897",12
"4798",4798,"4698, 4598, 2624, 4699, 2813, 2127, 4998, 4899, 4897, 4898, 4799, 7227",12
"4799",4799,"4699, 4798, 4599, 4698, 4700, 4797, 1723, 9846, 7339, 4999, 4900, 4898, 7478, 6804, 4899",15
"4800",4800,"4700, 3927, 4600, 4699, 2640, 607, 8824, 4899",8
"4801",4801,"4701, 4601, 4702, 3589, 5277, 5001, 4803, 4901, 4802",9
"4802",4802,"4327, 4702, 4801, 4602, 4703, 4701, 5002, 4903, 4804, 4901, 4902, 4803",12
"4803",4803,"4660, 4703, 4802, 4603, 4801, 4579, 4904, 4805, 4902, 8883, 4903, 4804",12
"4804",4804,"4704, 4803, 4604, 4703, 4705, 4802, 5004, 4905, 4806, 4903, 4805",11
"4805",4805,"4705, 4804, 3425, 4704, 4803, 5863, 7265, 6684, 4904, 4905",10
"4806",4806,"4706, 2976, 4606, 4705, 4707, 4804, 5006, 4907, 4808, 4905, 4906, 4807",12
"4807",4807,"4707, 4806, 4607, 4706, 4708, 7811, 5007, 4908, 4809, 4906, 4992, 4907, 4808",13
"4808",4808,"4708, 4807, 2851, 3459, 4608, 4707, 4806, 1966, 995, 5033, 9442, 8105, 4923, 4810, 5628, 4908, 4809",17
"4809",4809,"4709, 4808, 4609, 4710, 4807, 5009, 4910, 4811, 4908, 4909, 9201",11
"4810",4810,"2947, 4610, 4709, 4711, 4808, 5010, 4911, 4812, 4909, 4876, 4811",11
"4811",4811,"4810, 4710, 4712, 4809, 7890, 5418, 5923, 4813, 4910, 4911, 4969",11
"4812",4812,"4712, 4612, 4713, 4810, 9925, 5012, 4913, 4814, 4911, 4912, 4813",11
"4813",4813,"3631, 4713, 4812, 3316, 4613, 4714, 4811, 5013, 4914, 4815, 4912, 4913, 4814",13
"4814",4814,"4714, 4813, 915, 459, 4637, 4614, 4715, 4812, 5014, 4915, 4816, 4913, 4914, 4815",14
"4815",4815,"4814, 1720, 4714, 4716, 4813, 5015, 4916, 4914, 4915, 4816",10
"4816",4816,"4716, 4815, 4715, 4717, 4814, 5016, 4917, 4915, 4916, 4817",10
"4817",4817,"4717, 4816, 1165, 4617, 4716, 1745, 2453, 8480, 4918, 4819, 4917, 4818",12
"4818",4818,"4718, 4817, 4717, 4719, 5018, 4919, 4917, 9085, 4819",9
"4819",4819,"4818, 4619, 4720, 4817, 4718, 5019, 4920, 4821, 4918, 4919, 4820",11
"4820",4820,"4720, 4819, 4719, 4107, 9755, 9916, 5684, 7184, 5020, 4822, 4919, 4821",12
"4821",4821,"4721, 4820, 3485, 4621, 4720, 4722, 4819, 5021, 4922, 4823, 5026, 4921, 4822",13
"4822",4822,"4722, 4821, 4622, 4721, 4820, 5253, 9080, 5022, 4923, 4824, 4921, 4922, 4823",13
"4823",4823,"4723, 4822, 4623, 4722, 4724, 4821, 2857, 9643, 9393, 4924, 4825, 4922, 4923, 4824",14
"4824",4824,"4724, 4823, 4624, 4725, 4822, 5024, 4925, 4923, 7683, 4924, 4825",11
"4825",4825,"4725, 4824, 4724, 4726, 4823, 5025, 4926, 4827, 4924, 9113, 5810, 4826",12
"4826",4826,"4726, 4825, 4626, 4727, 79, 5026, 4927, 4828, 4925, 6355, 4926, 4827",12
"4827",4827,"1760, 4727, 4826, 1227, 1808, 4627, 4726, 4728, 4825, 5027, 4928, 4829, 4926, 4927, 4828",15
"4828",4828,"4827, 2759, 4727, 4729, 4826, 7430, 6943, 5028, 4929, 4830, 4927, 4829",12
"4829",4829,"4729, 2454, 374, 1355, 4629, 4730, 4827, 153, 4828, 5029, 4930, 4831, 4830",13
"4830",4830,"4730, 4829, 4630, 4729, 4731, 4828, 7912, 5030, 4931, 4832, 4929, 9878, 7493, 8436",14
"4831",4831,"4731, 4631, 4730, 1042, 4829, 1177, 5031, 8893, 4930, 4931, 4832",11
"4832",4832,"4732, 4831, 4731, 4733, 4830, 3262, 6996, 5032, 4933, 4834, 4931, 4932",12
"4833",4833,"3887, 4733, 4633, 4732, 5033, 4934, 4835, 4932, 4933, 4834",10
"4834",4834,"4734, 4833, 4733, 4735, 4832, 5034, 4935, 4836, 4933, 4835",10
"4835",4835,"4834, 4635, 4734, 4736, 4833, 5035, 4936, 4837, 4934, 4935, 4836",11
"4836",4836,"4736, 4835, 4636, 4735, 4737, 4834, 4282, 6480, 5036, 4937, 4838, 4936",12
"4837",4837,"4737, 4637, 4738, 4835, 5037, 4839, 4838",7
"4838",4838,"2334, 4738, 4638, 4737, 4437, 4836, 4837, 5038, 4939, 4840, 4937, 4938, 4839",13
"4839",4839,"4739, 4838, 2272, 4738, 4837, 8352, 4841, 7691, 5039, 4938, 8512, 4840",12
"4840",4840,"4839, 4640, 4739, 4741, 4838, 1832, 9014, 5040, 4941, 4939, 4940, 4841",12
"4841",4841,"4741, 4840, 4641, 4740, 4742, 4839, 2211, 5041, 4942, 4843, 4940, 4941",12
"4842",4842,"4742, 4480, 4642, 4699, 7718, 5042, 4943, 4844, 4941, 9368, 4942, 4843",12
"4843",4843,"4842, 4643, 4742, 4744, 4841, 7752, 5043, 4845, 9136, 4844",10
"4844",4844,"4744, 4843, 4644, 4745, 4842, 5044, 4945, 4846, 4943, 4944, 4845",11
"4845",4845,"4745, 4768, 4844, 4746, 4843, 9960, 9147, 5045, 9913, 4847, 4944, 4945",12
"4846",4846,"2588, 4746, 2412, 4646, 4745, 4844, 8739, 5046, 4947, 4945, 4946, 4847",12
"4847",4847,"4846, 4746, 4845, 8969, 9215, 5047, 4948, 4849, 4946, 4947, 4848",11
"4848",4848,"2224, 4748, 4847, 4749, 6108, 6134, 5048, 4949, 4850, 4947, 6372, 9605, 7487, 4948, 4849",15
"4849",4849,"3872, 4848, 4748, 4750, 4847, 9574, 5049, 4851, 4948, 4949, 4850",11
"4850",4850,"4750, 4849, 4650, 4749, 4751, 4848, 5050, 4951, 4852, 4949, 4851",11
"4851",4851,"4751, 4850, 463, 4076, 4651, 4750, 2830, 4849, 2861, 4952, 4951, 7609",12
"4852",4852,"4752, 2309, 4751, 4753, 4850, 5052, 4953, 4854, 4951, 4952, 4853",11
"4853",4853,"4753, 4852, 1527, 2150, 4653, 4752, 4754, 7753, 9291, 7424, 4954, 4855, 4952, 8187, 4953, 4854",16
"4854",4854,"4853, 4654, 4753, 4755, 4852, 7727, 6082, 5054, 4955, 4856, 4953, 4855",12
"4855",4855,"4755, 4756, 4853, 4854, 5457, 5055, 4956, 4954, 4955, 4856",10
"4856",4856,"4756, 4855, 4656, 4755, 4757, 4854, 3064, 1793, 4510, 5039, 9710, 4955, 4956",13
"4857",4857,"4657, 4756, 5057, 4958, 5801, 4956, 7472, 9911, 4957, 4858",10
"4858",4858,"4758, 4857, 2026, 1044, 4658, 4757, 4759, 4454, 6921, 5058, 4959, 4957, 4859",13
"4859",4859,"4759, 4659, 4758, 4760, 450, 4858, 4960, 4861, 4958, 4959, 4860",11
"4860",4860,"2927, 4859, 4660, 4759, 4761, 9372, 5060, 4961, 4862, 4959, 4960, 4861",12
"4861",4861,"4761, 4860, 4661, 4033, 4762, 4859, 5061, 8529, 4863, 4960, 4961, 4862",12
"4862",4862,"4762, 4861, 4761, 4860, 6942, 4963, 4864, 4961, 6835, 4962, 4863",11
"4863",4863,"4862, 4663, 4762, 4861, 3008, 4763, 5101, 5063, 4865, 4962, 4963, 4864",12
"4864",4864,"4863, 173, 4763, 4765, 4862, 5064, 4965, 4866, 4963, 4964, 6995",11
"4865",4865,"4765, 4665, 4764, 4766, 4863, 6591, 6091, 5608, 4867, 4964, 4965, 4866",12
"4866",4866,"4766, 4865, 4666, 4767, 4864, 6733, 5066, 4967, 4868, 4965, 5521, 4966, 4867",13
"4867",4867,"4767, 4866, 4766, 4768, 4865, 8558, 5067, 4968, 4869, 4966, 4967, 4868",12
"4868",4868,"4768, 4867, 3000, 4668, 4767, 4769, 4866, 5068, 4969, 4870, 4967, 5065, 9736, 4968, 4869",15
"4869",4869,"356, 4868, 2046, 3737, 3905, 4669, 4768, 4867, 4770, 4621, 7054, 5069, 4970, 4871, 4968, 4870",16
"4870",4870,"4770, 4869, 2979, 4771, 4868, 67, 9103, 4971, 4872, 4969, 4970, 4871",12
"4871",4871,"4771, 4870, 4671, 3901, 4772, 4869, 4971, 7597, 5071, 4972, 4970, 4872",12
"4872",4872,"1701, 4772, 4871, 4672, 4237, 4773, 4870, 5072, 4973, 4874, 4971, 5192, 4972",13
"4873",4873,"4773, 4673, 2564, 4774, 5073, 4974, 4875, 4972, 5917, 4973, 4874",11
"4874",4874,"4774, 4873, 4674, 4773, 4775, 4872, 5074, 4975, 4876, 4973, 4974, 4875",12
"4875",4875,"1306, 4775, 4874, 4675, 4776, 4873, 4774, 5075, 9337, 5592, 4974, 4975",12
"4876",4876,"4776, 723, 4676, 4874, 4775, 4810, 5076, 4977, 4878, 4975, 4976",11
"4877",4877,"4677, 4778, 2490, 5926, 5077, 4978, 4976, 4878",8
"4878",4878,"3805, 4778, 4877, 2642, 4678, 4777, 4876, 970, 9699, 4979, 4880, 4977, 4978, 4879",14
"4879",4879,"4330, 4779, 4878, 4679, 4780, 3018, 3119, 5079, 4978, 5935, 7473",11
"4880",4880,"4173, 4167, 4680, 4781, 4878, 2249, 5080, 4981, 4979, 6173, 8949, 4881",12
"4881",4881,"2747, 4781, 4880, 4780, 4782, 3370, 4710, 4982, 4980, 4981, 4882",11
"4882",4882,"4881, 4682, 4781, 3800, 8608, 5082, 4983, 4884, 4981, 4982, 4883",11
"4883",4883,"4783, 4882, 4781, 4782, 1696, 5856, 4984, 4983, 4884",9
"4884",4884,"3618, 4784, 4883, 4684, 4783, 4785, 4882, 5084, 4985, 4886, 4983, 4984, 4885",13
"4885",4885,"4785, 4884, 3090, 4685, 4784, 4786, 2273, 8042, 5085, 4986, 4984, 9254, 4985, 4886",14
"4886",4886,"3894, 4885, 2003, 4686, 4787, 4884, 5928, 6328, 5086, 4987, 4888, 4985, 9227, 9796, 4986, 4887",16
"4887",4887,"4787, 4886, 4687, 4788, 1211, 5087, 4988, 4889, 4987, 4888",10
"4888",4888,"4887, 4688, 4787, 4789, 4886, 8732, 5088, 4989, 4890, 4987, 9292, 4889",12
"4889",4889,"4888, 4689, 4790, 4887, 117, 9428, 5089, 4990, 4891, 7103, 4989, 4890",12
"4890",4890,"2268, 4889, 4690, 4791, 4888, 5090, 4892, 4989, 9194, 4990, 4891",11
"4891",4891,"59, 4890, 3893, 4691, 4790, 4889, 9324, 8458, 4992, 4893, 4990, 4991, 4892",13
"4892",4892,"4792, 4891, 4890, 5233, 5312, 7487, 4993, 4894, 4991, 6352, 4893",11
"4893",4893,"4793, 4892, 204, 4693, 4792, 4794, 4891, 2257, 3871, 5093, 4994, 4895, 6676, 4993",14
"4894",4894,"4794, 3512, 4694, 4793, 4892, 9837, 4896, 4993, 4895",9
"4895",4895,"4795, 4894, 4695, 4794, 4796, 4893, 6990, 5095, 4996, 4897, 4994, 4995, 4896",13
"4896",4896,"4796, 4895, 4696, 1292, 4797, 4894, 4997, 4898, 4995, 5476, 4897",11
"4897",4897,"4797, 4896, 4697, 4796, 4798, 4895, 8941, 4998, 4899, 4996, 4997, 4898",12
"4898",4898,"4798, 4897, 4698, 4797, 4799, 4896, 4224, 5098, 4999, 4900, 4997, 4998",12
"4899",4899,"4799, 4699, 4798, 4800, 4897, 5099, 5000, 4998, 4999, 4900",10
"4900",4900,"4899, 4700, 4799, 4898, 9335, 4999, 5000",7
"4901",4901,"4801, 4802, 5440, 5101, 5002, 4903, 4902",7
"4902",4902,"4802, 791, 4702, 4803, 4901, 5102, 8818, 4904, 5002",9
"4903",4903,"4803, 3546, 4703, 4802, 4804, 4901, 2411, 801, 5103, 5004, 4905, 4904",12
"4904",4904,"398, 2076, 2457, 3336, 4903, 4704, 4803, 4805, 4902, 7562, 5104, 5005, 4906, 5003, 5004, 4905",16
"4905",4905,"4805, 4904, 494, 4705, 4804, 4806, 4903, 3446, 4198, 5105, 5585, 7006, 6349",13
"4906",4906,"4806, 4706, 4807, 4904, 271, 5106, 4908, 5005, 4907",9
"4907",4907,"4807, 4906, 793, 3005, 4707, 4806, 3076, 5107, 5008, 5006, 5007, 4908",12
"4908",4908,"4808, 4907, 1999, 4708, 4807, 4809, 4906, 2504, 5009, 4910, 5007, 5008, 4909",13
"4909",4909,"4809, 4908, 638, 4709, 4810, 5109, 4911, 5008, 5009, 4910",10
"4910",4910,"4219, 4909, 4107, 4710, 4809, 4811, 4908, 5110, 5011, 4912, 5009, 7526, 5010, 4911",14
"4911",4911,"4811, 4910, 4810, 4812, 4909, 5111, 5012, 4913, 5010, 5394",10
"4912",4912,"4812, 3114, 4712, 4813, 4910, 5112, 5013, 4914, 5011, 7137, 5012, 4913",12
"4913",4913,"4813, 4912, 4713, 4812, 4814, 4911, 6044, 5014, 4915, 5012, 5013, 4914",12
"4914",4914,"4814, 4913, 880, 1413, 3857, 4714, 4813, 4815, 4912, 5015, 4916, 5013, 5014, 4915",14
"4915",4915,"4815, 4914, 1088, 4715, 4814, 4816, 4913, 9458, 7783, 5115, 4917, 5014, 7775, 5015",14
"4916",4916,"4816, 2206, 3270, 4217, 4716, 4815, 4914, 9820, 5116, 5017, 4918, 5015, 9668, 4917",14
"4917",4917,"2819, 4817, 4916, 4717, 4816, 4818, 4915, 5117, 5018, 5016, 7681, 5740, 5017, 4918",14
"4918",4918,"4371, 4917, 4817, 4819, 4916, 8705, 5118, 4920, 5017, 5018, 4919",11
"4919",4919,"4819, 4918, 4719, 4818, 4820, 2859, 449, 7847, 5119, 5020, 4921, 5018, 5019",13
"4920",4920,"3777, 4720, 4819, 4918, 5633, 5120, 5021, 4922, 5019, 5020, 4921",11
"4921",4921,"4821, 4920, 4721, 4822, 4919, 5022, 4923, 5020, 9509, 8681, 5021, 4922",12
"4922",4922,"4822, 4921, 4722, 4821, 4823, 4920, 7647, 4924, 5022, 6585",10
"4923",4923,"4823, 4808, 4822, 4824, 4921, 5971, 9406, 5123, 5024, 4925, 5023, 4924",12
"4924",4924,"4824, 4923, 4724, 4823, 4825, 4922, 5124, 5025, 4926, 5023, 5024, 4925",12
"4925",4925,"4924, 3299, 4725, 4824, 4826, 4923, 5026, 4927, 5024, 5025, 4926",11
"4926",4926,"4826, 4925, 4726, 4825, 4827, 4924, 5126, 5027, 5025, 5026, 4927",11
"4927",4927,"4827, 4926, 4727, 4826, 4828, 4925, 9404, 5127, 5028, 9452, 5026, 5027, 4928",13
"4928",4928,"4927, 4728, 4827, 5128, 5029, 4930, 6560, 7822, 5028, 4929",10
"4929",4929,"4928, 4828, 4830, 2917, 8216, 5030, 4931, 7561, 5029, 4930",10
"4930",4930,"4929, 4730, 4829, 4831, 4928, 5130, 5031, 4932, 5029, 4931",10
"4931",4931,"3941, 4831, 4930, 369, 4731, 4830, 4832, 4929, 327, 5369, 5131, 4933, 5030, 5031, 4932",15
"4932",4932,"4832, 4931, 1326, 4732, 4833, 4930, 6129, 5132, 5033, 4934, 5031, 5032, 4933",13
"4933",4933,"4833, 4932, 4733, 4832, 4834, 4931, 9051, 5745, 5034, 4935, 5032, 5033, 4934",13
"4934",4934,"199, 4933, 4734, 4833, 4835, 4932, 5134, 5035, 4936, 5033, 5034, 4935",12
"4935",4935,"2356, 3788, 4835, 4934, 4735, 4834, 2605, 4933, 8745, 5332, 5135, 5036, 4937, 5035, 4936",15
"4936",4936,"4836, 4935, 3606, 4835, 4934, 6215, 5136, 5037, 7012, 5036, 4937",11
"4937",4937,"4936, 4737, 4836, 4838, 4935, 8530, 5137, 5038, 4939, 5036, 8821, 5037, 4938",13
"4938",4938,"4838, 4937, 495, 4738, 3197, 4839, 4559, 5138, 5039, 4940, 5037, 4939",12
"4939",4939,"4938, 4471, 4838, 4840, 4937, 5139, 5040, 4941, 5038, 5039, 4940",11
"4940",4940,"4840, 4939, 4740, 4841, 4938, 5140, 5041, 4942, 5039, 7621",10
"4941",4941,"4841, 4741, 4840, 4842, 4939, 5141, 5042, 4943, 5040, 5041, 4942, 9795",12
"4942",4942,"4842, 4941, 1836, 4742, 4841, 4940, 4495, 5205, 5142, 5043, 4944, 5041, 8510, 4943",14
"4943",4943,"4326, 4942, 4743, 4842, 4844, 4941, 5143, 5044, 4945, 5042, 6360, 4944",12
"4944",4944,"4844, 4943, 4744, 4845, 4942, 7365, 6221, 9172, 5045, 4946, 5043, 7142, 4945",13
"4945",4945,"4845, 4745, 4844, 4846, 4943, 4944, 5145, 5046, 4947, 7181, 5045, 4946",12
"4946",4946,"4846, 4945, 3575, 4746, 4847, 4944, 267, 7860, 5146, 5047, 4948, 5046, 4947",13
"4947",4947,"4847, 4946, 4747, 4846, 4848, 4945, 5147, 5048, 4949, 5046, 5047, 4948",12
"4948",4948,"4848, 4947, 4349, 4748, 4847, 4849, 4946, 5148, 5049, 5047, 5048, 4949",12
"4949",4949,"4849, 4948, 3643, 4749, 4848, 4850, 4947, 9713, 5149, 5050, 4951, 9391, 9370, 5049, 4950",15
"4950",4950,"3454, 4949, 74, 1180, 4750, 348, 4489, 3892, 5150, 5051, 4952, 5049, 5050, 4951",14
"4951",4951,"4851, 4950, 637, 4751, 4850, 4852, 4949, 5151, 5052, 5277, 5050, 5051",12
"4952",4952,"4852, 2075, 4752, 4851, 4853, 4950, 3014, 7664, 5152, 5053, 5051, 5052",12
"4953",4953,"4853, 4753, 4852, 4854, 5153, 5054, 4955, 5052, 8143, 5053, 4954",11
"4954",4954,"4953, 4754, 4853, 4855, 2390, 6426, 5154, 4956, 5053, 5054, 4955",11
"4955",4955,"4855, 4954, 4854, 4856, 4953, 5155, 5056, 4957, 5054, 5055",10
"4956",4956,"4856, 4742, 4756, 4855, 4857, 4954, 5057, 4958, 5055, 5056, 4957",11
"4957",4957,"288, 4857, 4956, 3947, 4757, 4858, 4955, 5157, 5058, 4959, 5056, 5057, 6347",13
"4958",4958,"4085, 4758, 4857, 4859, 4956, 5084, 5158, 9647, 4960, 5057, 4959",11
"4959",4959,"171, 3296, 4859, 4958, 4759, 4858, 4860, 4957, 5159, 5060, 4961, 5058, 5059, 4960",14
"4960",4960,"4860, 4959, 4760, 4777, 4859, 4861, 4958, 5160, 5061, 5059, 5060, 4961",12
"4961",4961,"4861, 4960, 1586, 288, 4860, 4862, 4959, 5062, 4963, 5060, 8228, 4962",12
"4962",4962,"4862, 4961, 4762, 4863, 5063, 4964, 5061, 8875, 7253, 4963",10
"4963",4963,"4863, 4962, 4763, 4862, 4864, 4961, 2388, 5163, 4965, 9355, 5063, 9519",12
"4964",4964,"4864, 4764, 4865, 4962, 1141, 247, 5164, 4966, 5063, 8378, 5064, 4965",12
"4965",4965,"4865, 4964, 4765, 4864, 4866, 4963, 9163, 5165, 5066, 4967, 5064, 5065, 4966",13
"4966",4966,"4866, 4965, 4766, 4867, 4964, 7753, 5543, 5166, 5067, 4968, 5065, 5066, 4967",13
"4967",4967,"4867, 4966, 4866, 4868, 4965, 3375, 7269, 4969, 5066, 5067",10
"4968",4968,"4868, 2513, 503, 4768, 4867, 4869, 4966, 1964, 1226, 5168, 5069, 4970, 4975",13
"4969",4969,"4811, 4769, 4868, 4870, 4967, 5169, 5070, 4971, 5068, 5069, 4970",11
"4970",4970,"4870, 4969, 4770, 4869, 4871, 4968, 6528, 5170, 5071, 4972, 5070, 4971",12
"4971",4971,"4871, 4970, 928, 4771, 4870, 4872, 4969, 5072, 4973, 5070, 5071, 4972",12
"4972",4972,"4872, 4971, 4562, 4772, 4871, 4873, 4970, 5172, 4974, 5071, 5072, 4973",12
"4973",4973,"4873, 4972, 819, 4872, 4874, 4971, 5173, 5074, 4975, 5073, 4974",11
"4974",4974,"4874, 4973, 4873, 4875, 4972, 8847, 5174, 5075, 4976, 5073, 5074, 4975",12
"4975",4975,"4875, 4974, 2162, 4874, 4876, 4968, 4973, 5281, 5175, 5076, 4977, 5074, 5075",13
"4976",4976,"1783, 4876, 3746, 4776, 4877, 4974, 5275, 5077, 4978, 5075, 4977",11
"4977",4977,"4976, 4777, 4876, 4878, 4975, 780, 9416, 5177, 5078, 4979, 5076, 4978",12
"4978",4978,"4878, 4977, 4778, 4877, 4879, 4976, 3584, 7767, 5178, 5079, 4980, 5077, 4979",13
"4979",4979,"4978, 4779, 4878, 4880, 4977, 2836, 5080, 4981, 5078, 5171, 4980",11
"4980",4980,"158, 4881, 4978, 4979, 5180, 4982, 5079, 7292, 5080, 4981",10
"4981",4981,"4881, 4980, 4781, 4880, 4882, 4979, 5181, 5082, 4983, 7372, 5081, 4982",12
"4982",4982,"2587, 4882, 4981, 4782, 4881, 4980, 5182, 5083, 9268, 5081, 7477, 5082, 4983",13
"4983",4983,"4883, 4982, 4783, 4882, 4884, 4981, 5913, 5183, 5084, 4985, 5082, 5083, 4984",13
"4984",4984,"2941, 4884, 4983, 4784, 4883, 4885, 8795, 5184, 5085, 4986, 5083, 6836, 5084, 4985",14
"4985",4985,"4885, 4984, 4720, 4785, 4884, 4886, 4983, 5185, 5086, 4987, 5084, 4986",12
"4986",4986,"3152, 4886, 4985, 4604, 4786, 4885, 4984, 1065, 4456, 5186, 5085, 5086",12
"4987",4987,"4887, 4787, 4886, 4888, 4985, 8226, 5187, 5088, 4989, 5086, 5087, 4988",12
"4988",4988,"4337, 4987, 4788, 4887, 5188, 5089, 4990, 5524, 5088, 6838",10
"4989",4989,"645, 4889, 4789, 4888, 4890, 4987, 8634, 8028, 7426, 5189, 5090, 4991, 5088, 5089, 4990",15
"4990",4990,"4890, 4989, 4790, 4889, 4891, 4988, 5190, 5091, 4992, 5090, 4991",11
"4991",4991,"4891, 4990, 4791, 1675, 4892, 4989, 9955, 7116, 5191, 5092, 4993, 5090, 5091, 4992",14
"4992",4992,"4807, 4991, 4792, 4891, 4990, 7378, 8559, 5192, 5093, 9570, 5091, 8760, 5876, 4993",14
"4993",4993,"4893, 4992, 4793, 4892, 4894, 4991, 5193, 5094, 5092, 5093, 4994",11
"4994",4994,"56, 1353, 3023, 4993, 4794, 4893, 4895, 5095, 4996, 5093, 7177, 4995",12
"4995",4995,"4895, 69, 3724, 4795, 4896, 3201, 4994, 5195, 5096, 4997, 5094, 5938, 7799, 4996",14
"4996",4996,"4995, 3976, 4796, 4895, 4897, 4994, 5196, 5097, 5095, 5096, 7885",11
"4997",4997,"4897, 3204, 4797, 4898, 4995, 4896, 5098, 4999, 5096, 5097, 4998",11
"4998",4998,"60, 4898, 4997, 4798, 4897, 4899, 3124, 5198, 5099, 8352, 5097, 9715, 5098",13
"4999",4999,"4899, 4799, 4898, 4997, 4900, 5199, 5100, 5098, 5000",9
"5000",5000,"4900, 4899, 4999, 5200, 5099",5
"5001",5001,"3546, 4801, 809, 9424, 5201, 5102, 5003, 6114, 5002",9
"5002",5002,"4902, 5001, 4802, 4901, 9946, 6823, 5202, 5103, 5004, 5101, 5102, 5003",12
"5003",5003,"5002, 4904, 5001, 5203, 5104, 5005, 5102, 5103, 5004",9
"5004",5004,"4904, 5003, 711, 4694, 4804, 4903, 5002, 5204, 5105, 5006, 5103, 7537, 5104",13
"5005",5005,"4036, 3052, 4904, 4906, 5003, 5205, 5106, 5104, 5105",9
"5006",5006,"1046, 4806, 4907, 5004, 6092, 5107, 5008, 5105, 5106",9
"5007",5007,"4907, 4807, 841, 4908, 5207, 5108, 5009, 5106, 5107, 5008, 6874",11
"5008",5008,"4908, 5007, 1718, 4907, 4909, 5006, 5208, 5109, 5010, 5107, 5108, 5009",12
"5009",5009,"3638, 4909, 5008, 4809, 4908, 4910, 5007, 5209, 5011, 5108, 5109, 5010",12
"5010",5010,"4910, 5009, 4810, 4911, 5008, 1644, 5210, 5012, 5109, 5110",10
"5011",5011,"3372, 4910, 4912, 5009, 6020, 8186, 7529, 5211, 5013, 5110, 5111, 5012",12
"5012",5012,"4912, 5011, 4812, 4911, 4913, 5010, 6448, 5212, 8100, 5014, 5111, 5112, 5013",13
"5013",5013,"4913, 5012, 728, 3782, 4813, 4912, 4914, 5011, 6650, 5213, 5114, 5015, 5112, 7488, 5014",15
"5014",5014,"532, 4914, 5013, 4814, 4913, 4915, 5012, 6181, 5188, 5016, 5113, 5114, 8412",13
"5015",5015,"527, 4915, 969, 4815, 4916, 5013, 4914, 5215, 5116, 5017, 5114, 5115, 5016",13
"5016",5016,"5015, 155, 4816, 4917, 2207, 5014, 5216, 5117, 6362, 5116, 5017",11
"5017",5017,"4917, 5016, 369, 4916, 4918, 5015, 9184, 8549, 5217, 5019, 5116, 5117, 5018",13
"5018",5018,"4918, 5017, 4818, 4917, 4919, 1991, 5218, 5020, 5117, 5118, 7914",11
"5019",5019,"4919, 4819, 4432, 4920, 5017, 2273, 5219, 5120, 5021, 5118, 7982, 5020",12
"5020",5020,"4920, 5019, 4820, 4919, 4921, 5018, 5220, 5121, 5022, 5119, 5120, 5021",12
"5021",5021,"4921, 5020, 2088, 4821, 4920, 2631, 5019, 4134, 1386, 5122, 5120, 5022",12
"5022",5022,"4922, 5021, 1236, 4822, 4921, 115, 5020, 5222, 5123, 5024, 5121, 5122",12
"5023",5023,"4923, 1742, 3508, 4924, 5223, 5124, 5025, 5122, 5123, 5024, 5522",11
"5024",5024,"4924, 5023, 4824, 4923, 4925, 5022, 5224, 5125, 5026, 5123, 6504, 9332",12
"5025",5025,"4925, 215, 2618, 4825, 4924, 4926, 5023, 8199, 5225, 5126, 5027, 5124, 5125, 5026",14
"5026",5026,"4926, 5025, 4821, 4826, 4927, 5024, 4925, 4685, 5226, 5127, 5028, 5125, 5027",13
"5027",5027,"4927, 5026, 4827, 4926, 5025, 6848, 6318, 5971, 5227, 5029, 5126, 5127",12
"5028",5028,"4928, 4828, 4927, 5026, 1976, 5228, 5129, 5030, 5127, 9203, 6430, 9470",12
"5029",5029,"4929, 4829, 4928, 4930, 5027, 5841, 5229, 5130, 5031, 5128, 5129, 5030",12
"5030",5030,"3792, 5029, 4830, 4929, 4931, 5028, 5230, 5131, 5032, 5129, 5726, 5130, 5031",13
"5031",5031,"4931, 5030, 4831, 4930, 4932, 5029, 5231, 5132, 5033, 5130, 5131, 5032",12
"5032",5032,"4932, 5031, 2410, 4832, 4933, 5030, 5232, 5133, 5034, 5131, 5132, 6812",12
"5033",5033,"4933, 4808, 4833, 4932, 4934, 5031, 5233, 5134, 5035, 5132, 5133, 5034",12
"5034",5034,"46, 4934, 5033, 4834, 4933, 5032, 8611, 5234, 5036, 5133, 5134, 5035",12
"5035",5035,"4935, 5034, 4835, 4934, 5033, 9375, 5235, 5037, 5134, 7429, 5914, 5135, 5036",13
"5036",5036,"472, 4936, 5035, 4836, 4935, 4937, 5034, 5236, 5137, 5038, 7350, 5136, 5037",13
"5037",5037,"4937, 5036, 4837, 4936, 4938, 5035, 9992, 5237, 5220, 5136, 5137, 5038",12
"5038",5038,"2530, 5037, 4838, 4937, 4939, 5036, 5820, 5238, 5139, 5040, 5137, 5138",12
"5039",5039,"4939, 2759, 4839, 4938, 4940, 4446, 4856, 6955, 5041, 5138, 5694, 5139, 5040",13
"5040",5040,"5039, 4840, 4939, 4941, 5038, 4373, 4526, 5141, 7625, 5139, 5140",11
"5041",5041,"4941, 4841, 4940, 4942, 5039, 772, 4604, 8404, 5241, 5142, 5140, 5141",12
"5042",5042,"4941, 4943, 4842, 5242, 5143, 5044, 5141, 7326, 5142, 5043",10
"5043",5043,"3947, 5042, 4843, 4942, 4944, 5243, 5144, 5045, 5142, 5143",10
"5044",5044,"2335, 4090, 4844, 4943, 5042, 6082, 5145, 5143, 5144, 5045, 5441",11
"5045",5045,"4448, 4945, 5044, 4845, 4944, 5043, 5484, 5245, 5146, 5047, 5144, 5145, 5046",13
"5046",5046,"4946, 5045, 1561, 2721, 4846, 4945, 4947, 4735, 3096, 5246, 5147, 5048, 5145, 7571",14
"5047",5047,"4947, 4205, 4847, 4946, 4948, 5045, 6747, 5148, 5049, 5146, 5147, 7700",12
"5048",5048,"4948, 4021, 4848, 4947, 5046, 5248, 5149, 5050, 5147, 5148, 5049",11
"5049",5049,"4949, 5048, 4849, 4948, 4950, 5047, 1467, 5249, 5051, 5148, 5149, 5050",12
"5050",5050,"4950, 5049, 4850, 4949, 4951, 5048, 6699, 5250, 5151, 5052, 5149, 5150, 5051",13
"5051",5051,"4951, 5050, 2816, 4950, 4952, 5049, 1323, 5251, 5152, 5053, 5150, 5151",12
"5052",5052,"4952, 4852, 4951, 4953, 5050, 5252, 5153, 5054, 5151, 5152, 5053",11
"5053",5053,"4447, 4953, 5052, 4952, 4954, 5051, 5253, 7331, 5055, 5152, 5153, 5054",12
"5054",5054,"4954, 5053, 345, 4854, 4953, 4955, 5052, 2439, 7087, 5254, 5056, 5153, 5154, 5055",14
"5055",5055,"4955, 5054, 4855, 4956, 5053, 5255, 5156, 5057, 5154, 8251, 5155, 5056",12
"5056",5056,"4956, 5055, 4955, 4957, 5054, 5818, 5256, 5157, 5058, 5155, 6340, 5156, 5057",13
"5057",5057,"4957, 5056, 4857, 4958, 5055, 4956, 5257, 5157, 5058",9
"5058",5058,"352, 5057, 4858, 4957, 4959, 5056, 5258, 5159, 5060, 5157, 5158, 5059",12
"5059",5059,"4959, 5058, 4960, 5259, 5160, 5061, 5807, 7105, 5159, 5060",10
"5060",5060,"4960, 5059, 4860, 4959, 4961, 5058, 2881, 5260, 5161, 7193, 5159, 5160",12
"5061",5061,"4861, 4960, 4962, 5059, 5261, 5162, 5063, 6617, 5161, 5062",10
"5062",5062,"5061, 4961, 5262, 5163, 5064, 5161, 5162, 5063",8
"5063",5063,"4963, 5062, 866, 4863, 4962, 4964, 5061, 3253, 6466, 5164, 5065, 5162, 7028, 5163, 5064",15
"5064",5064,"4964, 5063, 944, 4864, 697, 4965, 5062, 5588, 5264, 5165, 5066, 5163, 5065",13
"5065",5065,"4965, 4868, 4966, 5063, 5064, 5265, 5166, 5067, 5164, 5165",10
"5066",5066,"4966, 212, 4020, 4866, 4965, 4967, 5064, 5266, 5167, 5068, 5165, 5166, 5067",13
"5067",5067,"2710, 4967, 5066, 4867, 4966, 5065, 261, 2980, 7807, 5267, 5069, 5166, 5068",13
"5068",5068,"2603, 5067, 4868, 144, 4969, 5066, 40, 6663, 5268, 5169, 5167, 5168, 5069",13
"5069",5069,"1441, 4969, 5068, 2822, 4869, 4968, 5067, 8150, 5269, 5170, 5071, 5168, 5070",13
"5070",5070,"4970, 5069, 2762, 4969, 4971, 7616, 6663, 5270, 5171, 5072, 5169, 5170, 5071",13
"5071",5071,"4971, 5070, 4871, 4970, 4972, 5069, 1076, 5271, 5172, 5073, 5170, 5171",12
"5072",5072,"4972, 4872, 230, 5070, 4971, 9209, 5272, 5173, 5074, 5171, 5073",11
"5073",5073,"4973, 5072, 4873, 4974, 5071, 8713, 5273, 5174, 5172, 8971, 5173, 5074",12
"5074",5074,"4974, 5073, 2666, 4874, 4973, 4975, 5072, 3916, 9806, 7610, 5274, 5175, 5173, 5174, 5075",15
"5075",5075,"4975, 5074, 4875, 4974, 4976, 1118, 5275, 5176, 5077, 5174, 5175, 5076",12
"5076",5076,"3359, 5075, 1584, 3496, 4876, 4975, 4977, 8283, 5276, 5177, 5078, 5175, 5176, 5077",14
"5077",5077,"5076, 4877, 4976, 4978, 5075, 8470, 5178, 5079, 5176, 5177, 5078",11
"5078",5078,"5077, 4977, 4979, 5076, 5278, 5179, 5080, 5177, 5178, 5079",10
"5079",5079,"5078, 4879, 4978, 4980, 5077, 3062, 7146, 5279, 5180, 5178, 8370, 5080",12
"5080",5080,"4673, 4980, 5079, 4880, 4979, 5078, 1098, 5181, 5179, 5180, 5081",11
"5081",5081,"4981, 5080, 4982, 4587, 5281, 6577, 5083, 5180, 9855, 5181",10
"5082",5082,"4982, 775, 2363, 2994, 4882, 4981, 4983, 5282, 5183, 5084, 5181, 5182, 5083",13
"5083",5083,"1005, 4983, 5082, 4982, 4984, 5081, 1909, 5283, 5184, 5085, 5183",11
"5084",5084,"4958, 4984, 4884, 4983, 4985, 5082, 5185, 5086, 5183, 5184, 5085",11
"5085",5085,"5084, 4885, 4984, 4986, 5083, 9643, 5285, 5186, 5087, 5184, 5185, 5086",12
"5086",5086,"4986, 5085, 4886, 4985, 4987, 5084, 1373, 5187, 5088, 5185, 5087",11
"5087",5087,"4987, 5086, 277, 4887, 5085, 5287, 6315, 5089, 5186, 9113, 5187, 5088",12
"5088",5088,"706, 4988, 5087, 4888, 4987, 4989, 5086, 697, 5288, 5090, 5188, 5089",12
"5089",5089,"4478, 4989, 5088, 4373, 4889, 4988, 5087, 9331, 5289, 5778, 5091, 5188, 5757, 5189, 5090",15
"5090",5090,"3691, 4990, 5089, 4890, 4989, 4991, 5088, 2479, 7706, 6029, 5191, 5092, 5189, 5190, 5091",15
"5091",5091,"4991, 5090, 733, 4990, 4992, 5089, 5291, 5192, 5093, 5190, 5191, 5092",12
"5092",5092,"5091, 4991, 4993, 5090, 5292, 5094, 5191, 6807, 5093",9
"5093",5093,"4993, 4893, 4992, 4994, 5091, 5092, 8651, 5194, 5095, 5192, 5193",11
"5094",5094,"1567, 1658, 4993, 4995, 5092, 1355, 6602, 5294, 5096, 5193, 5194, 5095",12
"5095",5095,"5094, 4895, 4994, 4996, 5093, 5196, 5097, 5194, 8367, 5195, 5096",11
"5096",5096,"891, 4996, 5095, 4995, 4997, 5094, 2514, 8516, 5296, 5197, 5098, 9883, 5196",13
"5097",5097,"4997, 4996, 4998, 5095, 3590, 3830, 2464, 5099, 5098",9
"5098",5098,"4998, 5097, 4898, 4999, 5096, 1704, 4997, 5199, 5100, 5197, 5198, 5099",12
"5099",5099,"5098, 362, 4899, 4998, 5000, 5097, 3042, 5299, 5200, 5199, 5100, 5552",12
"5100",5100,"74, 5099, 4999, 5098, 6074, 5300, 5199, 5200",8
"5101",5101,"1948, 4863, 4901, 5002, 1082, 5283, 5301, 5202, 5201, 5102",10
"5102",5102,"5002, 5101, 4902, 5001, 5003, 7964, 5302, 5203, 5104, 5201, 5202, 5103",12
"5103",5103,"5102, 4903, 5002, 5004, 560, 5003, 5303, 5204, 5202, 5203, 5131",11
"5104",5104,"5004, 4904, 5003, 5102, 5005, 5205, 5106, 5203, 5204, 5105",10
"5105",5105,"521, 5005, 5104, 4905, 5004, 5006, 5305, 5206, 5107, 5204, 5205, 5106",12
"5106",5106,"5006, 5105, 1334, 4906, 5005, 5007, 5104, 2115, 5306, 5108, 5205, 5107",12
"5107",5107,"2538, 5007, 5106, 4907, 5006, 5008, 5105, 8666, 5307, 5208, 5109, 5206, 10000",13
"5108",5108,"5008, 5007, 5009, 5106, 3607, 5308, 5209, 5207, 5208, 5109",10
"5109",5109,"381, 5009, 5108, 4909, 5008, 5010, 5107, 3939, 5309, 5210, 5111, 5209",12
"5110",5110,"2902, 5010, 4910, 2387, 5011, 9083, 5310, 5211, 5112, 5210, 5111",11
"5111",5111,"5011, 5110, 4911, 5012, 5109, 8604, 5311, 5212, 5113, 5210, 5779, 5211, 5112",13
"5112",5112,"5012, 5111, 1508, 3472, 4912, 5013, 5110, 6445, 5312, 5213, 5114, 5211, 8101, 5212, 5113",15
"5113",5113,"5112, 5014, 5111, 5313, 5214, 5115, 6889, 5213, 5114",9
"5114",5114,"5014, 5113, 3878, 5013, 5015, 5112, 5897, 5215, 5116, 9288, 5214",11
"5115",5115,"5015, 4915, 2455, 5113, 5315, 5216, 5214, 9933, 5215, 5116, 9165",11
"5116",5116,"5016, 5115, 2440, 4916, 5015, 5017, 5114, 5340, 5316, 5217, 5118, 5215, 5216, 5117",14
"5117",5117,"206, 5017, 5116, 4917, 5016, 5018, 66, 4675, 9926, 6803, 5216, 6937, 5217, 5118",14
"5118",5118,"5018, 5117, 4224, 4918, 3248, 5019, 5116, 5318, 5219, 8559, 5217, 5658, 5218, 5119",14
"5119",5119,"5118, 2632, 4919, 5020, 2365, 5319, 5121, 5218, 5219, 5120",10
"5120",5120,"3931, 4346, 5020, 5119, 4920, 5019, 5021, 8559, 7948, 5320, 5221, 5122, 5121",13
"5121",5121,"2496, 5020, 5022, 5119, 3804, 5120, 7317, 5321, 5222, 5122",10
"5122",5122,"5022, 859, 5021, 5023, 5120, 5121, 7403, 7027, 5595, 5322, 5223, 5124, 5221, 6570, 5222, 5123",16
"5123",5123,"1402, 5023, 5122, 4923, 5022, 5024, 4299, 6874, 5323, 5224, 5125, 5223",12
"5124",5124,"2939, 4924, 5023, 5025, 5122, 5324, 5225, 5126, 5223, 9902, 5224, 5125",12
"5125",5125,"5025, 5124, 444, 1188, 5024, 5026, 5123, 7316, 5325, 5226, 5127, 5224, 5225, 5126",14
"5126",5126,"5125, 4926, 5025, 5027, 5124, 5326, 5227, 5128, 5225, 5226",10
"5127",5127,"5027, 2203, 4927, 5026, 5028, 5125, 5327, 5129, 5226, 5227, 5128",11
"5128",5128,"5127, 4758, 4928, 1807, 5029, 5126, 5328, 5130, 5129",9
"5129",5129,"5029, 1830, 5028, 5030, 5127, 5128, 5329, 5230, 5131, 5228, 5130",11
"5130",5130,"5030, 4930, 5029, 5031, 5128, 5129, 7839, 5330, 5231, 5132, 5229, 5230, 5131",13
"5131",5131,"5031, 5103, 5130, 4931, 5030, 5032, 5129, 5232, 5133, 5230, 8840, 5231, 5132",13
"5132",5132,"5032, 5131, 4352, 4932, 5031, 5033, 5130, 5332, 5233, 5134, 5231, 9763, 5232, 5133",14
"5133",5133,"5033, 5132, 3924, 5032, 5034, 5131, 5333, 5234, 5135, 5232, 5233, 5134",12
"5134",5134,"5034, 5133, 2443, 4934, 5033, 5035, 5132, 5334, 5235, 5136, 5233, 7207, 5135",13
"5135",5135,"5035, 5134, 4935, 1660, 4288, 5133, 1044, 6287, 5335, 5236, 5137, 5234, 5136",13
"5136",5136,"5036, 5135, 4936, 5037, 5134, 1759, 5251, 5336, 5237, 5138, 5235, 8702, 5137",13
"5137",5137,"5037, 5136, 2014, 4937, 5036, 5038, 5135, 5337, 5238, 5139, 5236, 5237, 5138",13
"5138",5138,"5038, 5137, 4938, 3800, 5039, 5136, 8744, 5338, 5239, 5140, 5237, 5238, 5574",13
"5139",5139,"5039, 4939, 5038, 5040, 5137, 5339, 5240, 5141, 5238, 5239, 5140",11
"5140",5140,"5040, 5139, 4940, 5041, 5138, 5340, 5241, 5142, 5239, 5240, 5141",11
"5141",5141,"5041, 5140, 4941, 5040, 5042, 5139, 8798, 5242, 5143, 5240, 5241, 5142",12
"5142",5142,"5042, 5141, 4942, 5041, 5043, 5140, 9008, 5342, 5243, 5144, 5241, 6055, 5242, 5143",14
"5143",5143,"3547, 5043, 5142, 4943, 5042, 5044, 5141, 5343, 5244, 5145, 5242, 5243, 5144",13
"5144",5144,"5044, 5143, 4279, 5043, 5045, 5142, 6195, 5245, 5146, 5243, 5244, 5145",12
"5145",5145,"1364, 4280, 5045, 5144, 4945, 5044, 5046, 5143, 3992, 6595, 6406, 5246, 5147, 5244, 5245, 5146",16
"5146",5146,"5145, 1899, 3247, 4946, 5045, 5047, 5144, 9803, 5346, 5247, 5148, 5245, 5246, 5147",14
"5147",5147,"5047, 5146, 4947, 5046, 5048, 5145, 5347, 5248, 5246, 5976, 5148",11
"5148",5148,"5048, 5147, 4948, 5047, 5049, 5146, 5273, 5247, 5248, 8813",10
"5149",5149,"5049, 67, 4949, 5048, 5050, 438, 5250, 5248, 5150",9
"5150",5150,"5050, 5149, 4950, 5051, 1786, 5350, 5251, 5152, 5250, 5151",10
"5151",5151,"5051, 5150, 4951, 5050, 5052, 5351, 5153, 5250, 6747, 5251, 5152",11
"5152",5152,"5052, 5151, 4952, 5051, 5053, 5150, 5352, 5253, 5154, 5251",10
"5153",5153,"4374, 5053, 4953, 5052, 5054, 5151, 8698, 5353, 5254, 5155, 5252, 5253, 5154, 8168",14
"5154",5154,"5054, 5153, 4954, 5055, 5152, 2627, 5354, 5255, 5156, 5254",10
"5155",5155,"5055, 4955, 5056, 5153, 5355, 7627, 5157, 9095, 8159, 5255, 5156",11
"5156",5156,"5056, 5155, 1003, 5055, 5154, 840, 5768, 5470, 5356, 5257, 5255, 6622, 5256, 5157",14
"5157",5157,"5057, 5156, 4957, 5056, 5058, 5155, 1965, 5258, 5159, 5256, 5257, 5158",12
"5158",5158,"5058, 5157, 88, 4958, 5358, 5259, 5160, 5257, 7680, 5258, 5159",11
"5159",5159,"5059, 5158, 1262, 4075, 4959, 5058, 5060, 5157, 6311, 5359, 5161, 5258, 5259, 5160",14
"5160",5160,"5060, 5159, 4960, 5059, 5158, 8572, 9209, 5360, 5781, 5162, 5259, 5260, 5161",13
"5161",5161,"2763, 4309, 5061, 5160, 5060, 5062, 5159, 2233, 8281, 6489, 5361, 5262, 5163, 5260, 5162",15
"5162",5162,"5062, 5161, 5061, 5063, 5160, 5362, 5263, 5991, 5261, 5262, 5163",11
"5163",5163,"4139, 5063, 5162, 4963, 5062, 5064, 5161, 9274, 5363, 5264, 5165, 8647, 5263, 5164",14
"5164",5164,"5163, 2695, 3342, 4964, 5063, 5065, 7792, 8127, 5364, 5265, 5166, 5263, 5264, 5165",14
"5165",5165,"5065, 5164, 4965, 5064, 5066, 5163, 9456, 9678, 5167, 5264, 6775, 5265, 5166",13
"5166",5166,"5066, 5165, 4487, 4966, 5065, 5067, 5164, 4535, 8536, 7110, 5366, 5267, 5265, 5266, 5167",15
"5167",5167,"975, 5166, 5066, 5068, 5165, 5367, 5268, 5169, 5266, 5267, 5168",11
"5168",5168,"5068, 5167, 4968, 5069, 5368, 5269, 5170, 5267, 5268, 8539",10
"5169",5169,"704, 1486, 4049, 4969, 5068, 5070, 5167, 5369, 5270, 5171, 5268, 9085, 8973, 5269, 5170",15
"5170",5170,"5070, 5169, 721, 4970, 5069, 5071, 5168, 5370, 5271, 5172, 5269, 6332",12
"5171",5171,"5071, 1122, 5070, 5072, 5169, 4979, 5314, 9549, 5371, 5173, 5270, 5271, 5172",13
"5172",5172,"5171, 4972, 5071, 5073, 5170, 6256, 5372, 5273, 5174, 5271, 9413, 5272, 5173",13
"5173",5173,"2286, 5073, 5172, 4973, 5072, 5074, 5171, 5373, 5274, 5175, 5272, 5273, 5174",13
"5174",5174,"5074, 5173, 4974, 5073, 5075, 5172, 9295, 5374, 5275, 5176, 5273, 5274, 5175",13
"5175",5175,"2996, 4255, 5075, 5174, 4975, 5074, 5076, 5173, 5375, 5276, 5177, 5274, 5275, 5176",14
"5176",5176,"5076, 5175, 5075, 5077, 5174, 5376, 5277, 5178, 5275, 5276, 5177",11
"5177",5177,"5077, 5176, 3859, 4977, 5076, 5078, 5175, 5377, 5278, 5179, 5276, 5277, 5178",13
"5178",5178,"5078, 5177, 4978, 5077, 5079, 5176, 2176, 5378, 5279, 5180, 6205, 5278",12
"5179",5179,"3559, 1266, 5078, 5080, 5177, 5379, 5280, 5181, 5278, 7545, 5180",11
"5180",5180,"5080, 5179, 4980, 5079, 5081, 5178, 5380, 5182, 5279, 5280, 5181",11
"5181",5181,"5081, 5180, 4981, 5080, 5082, 5179, 5282, 5183, 5280, 5281, 5182",11
"5182",5182,"5082, 5181, 4982, 20, 5180, 2006, 1345, 8656, 6535, 5184, 5281, 5183",12
"5183",5183,"5083, 4983, 5082, 5084, 5181, 5182, 5383, 5185, 5184",9
"5184",5184,"5084, 5183, 1946, 4984, 5083, 5085, 5182, 9589, 5384, 5285, 5186, 6402, 5284, 5185",14
"5185",5185,"5085, 5184, 4985, 5086, 5183, 5084, 5385, 5286, 5187, 5284, 5755, 5285, 5186",13
"5186",5186,"3091, 5185, 4986, 5085, 5087, 5184, 1222, 5991, 5287, 5188, 5285, 5286, 5187",13
"5187",5187,"5087, 5186, 1158, 4987, 5086, 5185, 9704, 5387, 5288, 5189, 5286, 8098, 5287, 5188",14
"5188",5188,"2582, 5088, 5187, 4988, 5014, 5089, 5186, 7684, 5388, 5190, 5287, 5288, 5189",13
"5189",5189,"3553, 5089, 5188, 4989, 39, 5090, 5187, 9852, 5389, 5290, 5191, 5288, 5289, 5190",14
"5190",5190,"5090, 5189, 4990, 5091, 5188, 5390, 5291, 5192, 5289, 5290, 5191",11
"5191",5191,"5091, 5190, 4991, 5090, 5092, 5189, 5391, 5292, 5193, 5290, 5291, 5192",12
"5192",5192,"5191, 365, 4872, 4992, 5091, 5093, 5190, 7636, 5392, 5980, 5194, 5291, 5292, 5193",14
"5193",5193,"5093, 5192, 3243, 4993, 4375, 5094, 5191, 5393, 5294, 5195, 5292, 5293, 5194",13
"5194",5194,"5094, 5193, 1125, 5093, 5095, 5192, 2685, 5394, 5295, 5196, 5293, 5195",12
"5195",5195,"5095, 5194, 3526, 4995, 5193, 8757, 5550, 5395, 5296, 5197, 5294, 9709, 7333, 6211, 5196",15
"5196",5196,"5096, 5195, 4996, 5194, 248, 5095, 9812, 5396, 5198, 5295, 5296, 5197",12
"5197",5197,"3109, 5196, 5096, 5098, 5195, 9301, 5397, 5298, 5199, 5296, 5297, 5198",12
"5198",5198,"5098, 5197, 4998, 5196, 5398, 5299, 5200, 5297, 8740, 5298, 5199",11
"5199",5199,"5099, 5198, 109, 4999, 5098, 5100, 5197, 330, 5399, 5300, 5298",11
"5200",5200,"4204, 5100, 526, 4754, 5000, 5099, 5198, 5400, 5299, 5300",10
"5201",5201,"5101, 5001, 5102, 5401, 5302, 5203, 8993, 5301, 5202",9
"5202",5202,"5102, 5201, 5002, 5101, 5103, 1376, 5303, 5204, 5301, 5302, 5203",11
"5203",5203,"5103, 5202, 5003, 5102, 5104, 5201, 5403, 5304, 5205, 5302, 5303, 5204",12
"5204",5204,"5104, 5203, 5004, 5103, 5105, 5202, 5404, 5303, 7744, 9189, 5205",11
"5205",5205,"5105, 5204, 5005, 5104, 5106, 5203, 4942, 5405, 5306, 5304, 5305, 5206",12
"5206",5206,"5205, 5105, 5107, 5406, 5307, 5208, 5305, 5346, 5306",9
"5207",5207,"4235, 252, 3021, 5007, 5108, 5407, 5308, 5209, 5306, 5307, 5208",11
"5208",5208,"389, 1887, 5108, 5207, 5008, 5107, 5206, 8031, 5408, 5309, 5210, 6608, 5308, 5209",14
"5209",5209,"1012, 5109, 5208, 5009, 5108, 5207, 9959, 5409, 5310, 5211, 5308",11
"5210",5210,"3074, 5110, 5010, 5109, 5111, 5208, 4253, 5410, 5311, 5212, 5309, 5310, 6108",13
"5211",5211,"5111, 5011, 5110, 5112, 5209, 8554, 5411, 5312, 5213, 5310, 5311, 5212",12
"5212",5212,"5112, 5211, 5012, 5111, 5210, 5412, 5313, 5214, 5865, 5312, 5213",11
"5213",5213,"5113, 5212, 790, 5013, 5112, 5211, 5413, 5215, 5312, 5313, 5214",11
"5214",5214,"5114, 5213, 5113, 5115, 5212, 5414, 5315, 5216, 5313, 5314",10
"5215",5215,"5115, 5015, 5116, 5213, 5114, 5415, 5316, 5217, 5627, 5315, 5216, 6730",12
"5216",5216,"5116, 5215, 5016, 5115, 5117, 5214, 5316, 5416, 5218, 5315, 5217",11
"5217",5217,"5117, 5216, 5017, 5116, 5118, 5215, 740, 5417, 5318, 5316, 9740, 5317",12
"5218",5218,"3735, 5118, 5018, 5119, 5216, 4267, 5418, 5319, 5220, 5318, 5219",11
"5219",5219,"5119, 5218, 5019, 5118, 7130, 5419, 5221, 5318, 5319, 5220",10
"5220",5220,"724, 5219, 5020, 5037, 5218, 8151, 9541, 5420, 5321, 5222, 5319, 5320, 5221",13
"5221",5221,"5220, 874, 5120, 5122, 5219, 5821, 5421, 5322, 5223, 5320, 5735, 5321, 5222",13
"5222",5222,"5122, 5221, 625, 2551, 5022, 5121, 5220, 8624, 5422, 5224, 5321, 5322, 5223",13
"5223",5223,"236, 5123, 5222, 5023, 5122, 5124, 5221, 5225, 6407, 5423, 5323, 5224",12
"5224",5224,"5124, 5223, 5024, 5123, 5125, 5222, 1260, 5424, 5325, 5226, 5323, 8212, 5225",13
"5225",5225,"5125, 5224, 4115, 5025, 5124, 5126, 5223, 4193, 1718, 9590, 5326, 5324, 5325, 5226",14
"5226",5226,"5126, 5225, 353, 5026, 5125, 5127, 5224, 5426, 5327, 5228, 6498, 6874, 5326, 5227",14
"5227",5227,"5127, 5226, 5027, 5126, 3964, 5427, 5328, 5229, 5326, 5327, 5228",11
"5228",5228,"5227, 1644, 5028, 5129, 5226, 6877, 9106, 5428, 5329, 5230, 7896, 7210, 5328, 8231",14
"5229",5229,"2849, 1188, 5029, 5130, 5227, 5415, 7732, 5429, 5328, 5360, 7528, 5329, 5230",13
"5230",5230,"5130, 5229, 3374, 5030, 5129, 5131, 5228, 5331, 5232, 9781, 5330, 5231",12
"5231",5231,"5131, 5230, 4268, 5031, 5130, 5132, 4214, 3591, 5431, 5332, 8289, 5331",12
"5232",5232,"1422, 2167, 5132, 5032, 5131, 5133, 5230, 5432, 5333, 5234, 5331, 6176, 5332, 5233",14
"5233",5233,"5133, 5232, 4305, 4892, 5033, 5132, 5134, 5433, 5334, 5235, 5332, 5424, 8914, 5333, 5234",15
"5234",5234,"5233, 5034, 5133, 5135, 5232, 5434, 5335, 5333, 5334, 5235",10
"5235",5235,"5234, 674, 5035, 5134, 5136, 5233, 5435, 5336, 5237, 5334, 5335, 5236",12
"5236",5236,"5235, 751, 5036, 5135, 5137, 4372, 5436, 5337, 5238, 5335, 7749, 5237",12
"5237",5237,"5137, 5236, 5037, 5136, 5138, 5235, 5437, 5338, 5239, 5337, 5238",11
"5238",5238,"5138, 5237, 5038, 5137, 5139, 5236, 4308, 5339, 5240, 5337, 5338, 5239",12
"5239",5239,"5139, 5238, 5138, 5140, 5237, 6262, 7976, 5439, 5340, 5241, 5338, 7722, 5339, 5240",14
"5240",5240,"5140, 5239, 5139, 5141, 5238, 5440, 5341, 5242, 5339, 5340, 5241",11
"5241",5241,"5141, 5240, 3888, 5041, 5140, 5142, 5239, 5441, 5342, 5243, 5340, 5341, 5242",13
"5242",5242,"5142, 5241, 5042, 5141, 5143, 5240, 2430, 3822, 6238, 5244, 5341, 5422, 5243",13
"5243",5243,"5143, 5242, 5043, 5142, 5144, 5241, 5905, 5443, 5344, 5245, 5342, 5343, 5244",13
"5244",5244,"5144, 5243, 3657, 5143, 5145, 5242, 4312, 5444, 5345, 5246, 5344, 5245",12
"5245",5245,"5145, 5244, 1521, 5045, 5144, 5146, 5243, 5445, 5346, 5344, 5246",11
"5246",5246,"4661, 5146, 5046, 5145, 5147, 5244, 5245, 7312, 5446, 5347, 5248, 5345, 5346, 5247",14
"5247",5247,"5246, 1290, 2764, 5146, 5148, 7069, 5447, 7024, 5249, 5346, 9853, 5347, 5248",13
"5248",5248,"5148, 5247, 5048, 5147, 5149, 5246, 2609, 970, 5349, 5250, 6380, 5348, 5249",13
"5249",5249,"3842, 5248, 616, 1396, 5049, 1227, 5247, 5449, 5350, 5348, 7383, 7999, 5584, 5349, 5250",15
"5250",5250,"5150, 5249, 600, 4475, 5050, 5151, 5248, 5149, 5450, 5351, 5252, 5349, 5350, 5251",14
"5251",5251,"5151, 5250, 1341, 5051, 5150, 5152, 5136, 7957, 5451, 5352, 5253, 5350, 9754, 5252",14
"5252",5252,"1350, 5251, 5052, 5153, 5250, 5353, 5254, 5351, 8516, 5352, 5253",11
"5253",5253,"5153, 5252, 1265, 4822, 5053, 5152, 3386, 5251, 6057, 8457, 5453, 5255, 5352, 5353, 5254",15
"5254",5254,"5154, 5253, 5054, 5153, 5252, 5454, 7707, 5256, 5353, 5255",10
"5255",5255,"5155, 5254, 5055, 5154, 5156, 3552, 5253, 5356, 5257, 5354, 5355, 5256",12
"5256",5256,"5156, 5255, 5056, 5157, 5254, 9847, 6037, 5456, 9939, 5355, 5356, 5257",12
"5257",5257,"5157, 5256, 5057, 5156, 5158, 5255, 680, 7656, 6267, 5457, 5358, 5259, 5357",13
"5258",5258,"5158, 478, 2659, 5058, 5157, 5159, 2351, 5458, 5359, 5260, 5357, 5358, 5259",13
"5259",5259,"1752, 4708, 5159, 5258, 5059, 5158, 5160, 5257, 1956, 5459, 8645, 5261, 5358, 5359",14
"5260",5260,"5160, 491, 5060, 5161, 5258, 5261, 8039, 5460, 5361, 5359, 9590",11
"5261",5261,"5260, 5061, 5162, 5259, 5461, 5362, 5263, 5360, 6648, 5512, 5361, 5262",12
"5262",5262,"5162, 5261, 5062, 5161, 3725, 3552, 1485, 7035, 5737, 5363, 5263",11
"5263",5263,"5163, 5262, 1160, 5162, 5164, 5261, 6573, 5463, 5364, 5265, 5363, 5264",12
"5264",5264,"363, 5164, 5263, 5064, 5163, 5165, 4694, 7226, 5464, 5365, 5266, 5363, 5364, 5265",14
"5265",5265,"608, 5165, 5264, 5065, 5164, 5166, 5263, 5465, 5366, 5267, 5364, 5365, 5266",13
"5266",5266,"5166, 5265, 5066, 5167, 5264, 8834, 8144, 5466, 5367, 5268, 5365, 5366, 5267",13
"5267",5267,"5167, 5266, 3950, 5067, 5166, 5168, 5265, 5368, 5269, 5366, 5268",11
"5268",5268,"5168, 5267, 5068, 5167, 5169, 5266, 5369, 5270, 5367, 5368, 5269",11
"5269",5269,"5169, 5268, 4118, 5069, 5168, 5170, 5267, 5469, 5370, 5271, 5368, 5369, 5270",13
"5270",5270,"5269, 3651, 5070, 5169, 5171, 5268, 6240, 5371, 5272, 5369, 5370, 5271",12
"5271",5271,"5171, 5270, 2963, 5071, 5170, 5172, 5269, 275, 5471, 5372, 5370, 5371, 5272",13
"5272",5272,"5172, 5271, 5072, 5173, 5270, 5472, 6092, 5274, 5371, 9731, 5372, 5273",12
"5273",5273,"5173, 5272, 5073, 5172, 5174, 5148, 1772, 6750, 5473, 5374, 5444, 5372, 5373",13
"5274",5274,"4647, 5174, 1987, 5074, 5173, 5175, 5272, 5474, 5375, 5276, 5373, 5374, 5275",13
"5275",5275,"5175, 5274, 4381, 4976, 5075, 5174, 5176, 5475, 5376, 5374, 5375, 5276",12
"5276",5276,"5176, 5275, 5076, 5175, 5177, 5274, 5476, 5278, 5375, 5376, 5277",11
"5277",5277,"5177, 5276, 4951, 4801, 5176, 2002, 5477, 5378, 5376, 5377, 5278",11
"5278",5278,"5178, 5277, 5078, 5177, 5179, 5276, 4004, 5478, 5379, 5280, 5377, 5279",12
"5279",5279,"5278, 5079, 5178, 5180, 450, 2217, 8764, 5281, 5378, 5379, 5280",11
"5280",5280,"4161, 5180, 5279, 5179, 5181, 5278, 5933, 5480, 5381, 5282, 5379, 5380, 5281",13
"5281",5281,"5181, 5280, 4975, 5081, 4087, 5182, 5279, 5481, 5382, 5380, 5381, 5282",12
"5282",5282,"5281, 5082, 5181, 431, 5280, 1942, 5307, 5482, 5383, 5284, 5381, 5382, 5283",13
"5283",5283,"3491, 5282, 5083, 5101, 5483, 5384, 5285, 5382, 5383, 5284",10
"5284",5284,"5184, 5283, 3550, 1931, 5185, 5282, 7108, 5385, 5286, 5515, 5384",11
"5285",5285,"5185, 1646, 5085, 5184, 5186, 5283, 9521, 9362, 5722, 5485, 5386, 5287, 5384, 5385, 5286",15
"5286",5286,"4790, 5186, 5285, 5185, 5187, 5284, 7281, 5968, 5387, 5288, 5385, 5386, 5287",13
"5287",5287,"5187, 5286, 5087, 5186, 5188, 5285, 5487, 5388, 5289, 5387, 5288",11
"5288",5288,"1962, 5188, 5287, 5088, 5187, 5189, 5286, 5488, 5389, 5290, 5387, 5388, 5289",13
"5289",5289,"5189, 5288, 5089, 4011, 5190, 5287, 5489, 5390, 5291, 5388, 5724, 5389, 5290",13
"5290",5290,"5190, 5289, 5189, 5191, 5288, 5490, 5391, 5292, 5389, 5390, 5291",11
"5291",5291,"5191, 5290, 5091, 5190, 5192, 5289, 9413, 5491, 5392, 5293, 5390, 5391, 5292",13
"5292",5292,"5192, 5291, 2538, 5092, 5191, 5193, 5290, 1386, 5606, 5492, 5393, 5294, 5392, 5293",14
"5293",5293,"5193, 5292, 4052, 5194, 5291, 5440, 5493, 5394, 5295, 5392, 5393, 5294",12
"5294",5294,"5293, 856, 1509, 5094, 5193, 5195, 5292, 5494, 5395, 5393, 5394, 5295",12
"5295",5295,"5294, 5194, 5196, 5293, 4211, 9862, 5495, 5396, 5297, 5528, 9636, 5296",12
"5296",5296,"5196, 5295, 5096, 5195, 5197, 2534, 7735, 5496, 5397, 5298, 5796, 5396, 5297",13
"5297",5297,"5197, 5296, 1483, 5198, 5295, 5497, 5398, 5863, 5397, 5298",10
"5298",5298,"5198, 5297, 4704, 5197, 5199, 5296, 5498, 5399, 5300, 5397, 5398, 5299",12
"5299",5299,"5298, 422, 3748, 5099, 5198, 5200, 5499, 5398, 9884, 5399, 5300",11
"5300",5300,"5200, 5299, 5100, 5199, 5298, 5500, 5399, 5400",8
"5301",5301,"5201, 5101, 5202, 6398, 5501, 5402, 5303, 5401",8
"5302",5302,"5202, 5102, 5201, 5203, 5502, 5304, 5401, 7715, 5402, 5303, 8521",11
"5303",5303,"5203, 5302, 491, 5103, 5202, 5204, 5301, 5503, 5404, 5402, 8683, 5403",12
"5304",5304,"2926, 4352, 5203, 5205, 5302, 4491, 5504, 5405, 5306, 5403, 5404, 6819",12
"5305",5305,"5205, 3563, 5105, 5206, 102, 5505, 5406, 5585, 6737, 8938, 5405, 5306",12
"5306",5306,"5206, 5305, 4756, 5106, 5205, 5207, 5304, 5506, 5407, 5308, 5405, 5406, 9975",13
"5307",5307,"5282, 5207, 62, 4618, 5107, 5206, 5408, 9794, 5406, 5407, 5308",11
"5308",5308,"3070, 5208, 5307, 5108, 5207, 5209, 5306, 5508, 5409, 5310, 9542, 5408",12
"5309",5309,"5109, 5208, 5210, 3801, 5509, 5311, 5408, 5310, 8641",9
"5310",5310,"5210, 5309, 1692, 5110, 5209, 5211, 5308, 2342, 5510, 5411, 5312, 7917, 5410",13
"5311",5311,"5211, 5111, 5210, 5309, 5511, 5412, 5313, 5411, 5312, 9668",10
"5312",5312,"5212, 5311, 5112, 5211, 5213, 5310, 4892, 8522, 5413, 5314, 5411, 5412, 5313",13
"5313",5313,"5213, 5312, 5113, 5212, 5214, 5311, 5513, 5414, 5315, 5412, 5413, 5314",12
"5314",5314,"5214, 5313, 5171, 4446, 5312, 6729, 5514, 5415, 5316, 5413, 5414, 5315",12
"5315",5315,"2983, 5215, 5314, 5115, 5214, 5216, 5313, 5316, 5515, 5416, 5317, 5414",12
"5316",5316,"5216, 5315, 5116, 5215, 5217, 5314, 5435, 5516, 5417, 5318, 5415, 5416, 5317",13
"5317",5317,"5217, 5316, 4471, 5315, 5517, 5418, 5319, 5416, 5417",9
"5318",5318,"5218, 5118, 5217, 5219, 5316, 5419, 5320, 5417, 5418, 5319, 8422",11
"5319",5319,"5219, 5318, 5119, 5218, 5220, 5317, 8448, 7306, 5519, 5420, 5321, 5419, 5320",13
"5320",5320,"5220, 5319, 5120, 5221, 5318, 5520, 5421, 5322, 9327, 5420, 5321",11
"5321",5321,"4618, 5221, 5320, 5121, 5220, 5222, 5319, 555, 5753, 5569, 5521, 5323, 5420, 5421, 5322",15
"5322",5322,"5222, 5321, 4368, 5122, 5221, 4308, 5320, 5522, 5423, 5324, 5421, 5422, 5323",13
"5323",5323,"5223, 5322, 122, 5123, 832, 5224, 5321, 8822, 6476, 5523, 5424, 5325, 5422, 5423, 5324",15
"5324",5324,"5323, 5124, 5225, 5322, 1685, 5524, 9370, 5326, 5424, 5325",10
"5325",5325,"1019, 5225, 5324, 5125, 5224, 5323, 926, 5525, 5426, 5424, 5425, 5326",12
"5326",5326,"5226, 5325, 5126, 5225, 5227, 5324, 3988, 5526, 5427, 5328, 5425, 5426, 5327",13
"5327",5327,"5227, 5326, 3822, 5127, 5226, 5527, 5428, 5329, 5427, 5328",10
"5328",5328,"2091, 5228, 5327, 5128, 5227, 5229, 5326, 5528, 5429, 5330, 5427, 5428, 5329",13
"5329",5329,"5229, 5328, 5129, 5228, 5327, 5430, 5331, 5428, 9445, 5429, 5330",11
"5330",5330,"5230, 5329, 3687, 4294, 5130, 2484, 5328, 2118, 5530, 5431, 5332, 5429, 5430",13
"5331",5331,"5231, 4477, 5232, 5329, 5230, 7288, 5432, 5333, 7626, 5431, 5332",11
"5332",5332,"5232, 5331, 5132, 5231, 5233, 5330, 4935, 5433, 5431, 5333",10
"5333",5333,"5233, 928, 3515, 5133, 5232, 5234, 5331, 5332, 5434, 5335, 5432, 5433, 7022",13
"5334",5334,"5234, 2231, 5134, 5233, 5235, 7748, 5534, 5435, 5433, 5434, 5335",11
"5335",5335,"5235, 5334, 2152, 5135, 5234, 5236, 5333, 5694, 5436, 5337, 5434, 6897",12
"5336",5336,"435, 1801, 3142, 5136, 5235, 7146, 5536, 5437, 5338, 5435, 6388, 5868, 5436, 5337",14
"5337",5337,"5237, 5336, 5137, 5236, 5238, 5335, 1187, 5537, 5438, 6102, 5437",11
"5338",5338,"5238, 3796, 5138, 5237, 5239, 5336, 5538, 5439, 5340, 5438, 5339, 8646",12
"5339",5339,"5239, 5338, 5139, 5238, 5240, 8829, 5539, 5440, 7758, 5438, 8336, 5439",12
"5340",5340,"3744, 5240, 5140, 5239, 5241, 5338, 5116, 5540, 5441, 5342, 5440, 5341",12
"5341",5341,"5241, 5340, 5240, 5242, 5541, 5442, 5440, 5441, 5342",9
"5342",5342,"3485, 5341, 4420, 5142, 5241, 5243, 5340, 1922, 5542, 5443, 5441, 5442, 5343",13
"5343",5343,"5243, 5342, 5143, 2512, 5543, 5444, 5345, 5442, 5443, 5344",10
"5344",5344,"5244, 5343, 5243, 5245, 5544, 5445, 5346, 5443, 5444, 5345",10
"5345",5345,"5344, 1787, 3803, 5244, 5246, 5343, 9487, 5545, 5446, 5347, 5445, 5346",12
"5346",5346,"5246, 5345, 5146, 5206, 5245, 5247, 5344, 5546, 5447, 5348, 5445, 9987, 5446, 5347",14
"5347",5347,"4298, 5247, 5346, 5147, 5246, 5345, 3033, 5547, 5448, 5349, 5446, 5447, 5348",13
"5348",5348,"5248, 5347, 2089, 2355, 5249, 5346, 5548, 5449, 5350, 5447",10
"5349",5349,"5249, 4557, 5248, 5250, 5347, 7573, 5549, 5450, 5351, 5448, 5449",11
"5350",5350,"5250, 2549, 2797, 5150, 5249, 5251, 5348, 5550, 5451, 5352, 5351",11
"5351",5351,"5151, 5250, 5252, 5349, 5350, 5452, 5353, 5450, 8590, 5451, 5352",11
"5352",5352,"5252, 5351, 996, 5152, 5251, 5253, 5350, 5552, 5453, 5354, 5451, 5452, 5353",13
"5353",5353,"5253, 5352, 2765, 3551, 5153, 5252, 5254, 5351, 2310, 5454, 5452, 6862, 6004, 5453",14
"5354",5354,"260, 1987, 5154, 5255, 5352, 5455, 5356, 5453, 6503, 6139, 5454, 5355",12
"5355",5355,"5255, 5354, 5155, 5256, 5555, 5456, 5357, 5518, 5455, 5356",10
"5356",5356,"2410, 5256, 5355, 5156, 5255, 5354, 5556, 5457, 5358, 5455, 5357",11
"5357",5357,"5257, 5258, 5355, 5356, 5557, 5458, 5883, 5456, 5457, 5358",10
"5358",5358,"5258, 5357, 3655, 5158, 5257, 5259, 5356, 5558, 5459, 5360, 5457, 5458, 5359",13
"5359",5359,"499, 5259, 5358, 2738, 5159, 5258, 5260, 7210, 7152, 5559, 5458, 7011, 5459, 5360",14
"5360",5360,"5359, 5229, 5160, 5261, 5358, 5560, 5461, 5362, 5459, 5460, 5361",11
"5361",5361,"5261, 5360, 5161, 5260, 6639, 9593, 5561, 5462, 5363, 5460, 6181, 9586, 5467",13
"5362",5362,"3357, 5162, 5261, 5360, 2450, 9418, 5463, 5364, 5462, 5363",10
"5363",5363,"5263, 5362, 5163, 5262, 5264, 5361, 5563, 5464, 5365, 5462, 5463",11
"5364",5364,"5264, 4545, 5164, 5263, 5265, 5362, 6429, 5564, 5465, 5366, 5463, 5940, 5464, 5365",14
"5365",5365,"5265, 5364, 2305, 5264, 5266, 5363, 6576, 5565, 5466, 5367, 5464, 5366",12
"5366",5366,"5266, 5365, 5166, 5265, 5267, 5364, 5566, 5467, 5465, 5466, 5367",11
"5367",5367,"5366, 5167, 5266, 5268, 5365, 3996, 5468, 5467, 5368",9
"5368",5368,"5268, 5367, 5168, 5269, 940, 3312, 5267, 5568, 5469, 5467, 5468, 5369",12
"5369",5369,"591, 5269, 5368, 5169, 5268, 5270, 4931, 2709, 7951, 5569, 5469, 5370",12
"5370",5370,"5270, 5369, 4568, 5170, 5269, 5271, 5570, 5471, 5372, 5470, 5371",11
"5371",5371,"5271, 5370, 5171, 5270, 5272, 5571, 5472, 5373, 5470, 5471, 5372",11
"5372",5372,"5272, 5371, 5172, 5271, 5273, 5370, 6758, 5572, 5473, 5374, 5471, 5472, 5373",13
"5373",5373,"2251, 5273, 5372, 5173, 5274, 5371, 5573, 7431, 5474, 5375, 5472, 5473, 5374",13
"5374",5374,"1308, 5274, 5373, 723, 3016, 5174, 5273, 5275, 5372, 5574, 5475, 8261, 5474, 5375",14
"5375",5375,"5275, 5374, 527, 3109, 5175, 5274, 5276, 5373, 3579, 5575, 5377, 5474, 5475, 5376",14
"5376",5376,"452, 5276, 5375, 1885, 4437, 5176, 5275, 5277, 5576, 5477, 5378, 5475, 8606, 5476, 5377",15
"5377",5377,"5277, 5376, 4769, 5177, 5278, 5375, 5968, 5577, 5478, 5379, 5476, 7522, 5477, 5378",14
"5378",5378,"2503, 5377, 5178, 5277, 5279, 5376, 5578, 5479, 5380, 5477, 5478, 5379",12
"5379",5379,"2190, 5279, 5378, 1694, 5179, 5278, 5280, 5377, 885, 7207, 5480, 5381, 9627, 6606, 5563, 5479, 5380",17
"5380",5380,"5280, 5379, 5180, 5281, 5378, 9900, 5580, 5481, 5382, 5479, 5480, 5381",12
"5381",5381,"5281, 5380, 3012, 5280, 5282, 5379, 2083, 5581, 5482, 5383, 5480, 7359, 5382",13
"5382",5382,"5282, 5381, 5281, 5283, 5380, 5483, 5384, 5481, 5482",9
"5383",5383,"5283, 3844, 5183, 5282, 5381, 5583, 5482, 5384, 5650",9
"5384",5384,"5284, 5383, 2759, 5184, 5283, 5285, 5382, 5584, 5485, 5386, 5483, 9424, 5484, 5385",14
"5385",5385,"4334, 5285, 5384, 4472, 5185, 5284, 5286, 8325, 5585, 5486, 5387, 5484, 9729, 9059, 5485, 5386",16
"5386",5386,"5286, 5385, 5285, 5384, 2111, 8973, 8255, 5586, 5487, 5388, 5485, 5387",12
"5387",5387,"5287, 5386, 5187, 5288, 5385, 5286, 5587, 6610, 5486, 5487, 5388",11
"5388",5388,"5288, 5387, 5188, 5287, 5289, 5386, 5588, 5390, 5487, 5488, 5389",11
"5389",5389,"5289, 5388, 5189, 5288, 5290, 5589, 5490, 5391, 5488, 9885, 5489, 5390",12
"5390",5390,"5290, 5389, 5190, 5289, 5291, 5388, 2353, 5491, 5392, 5489, 7201, 5490, 7349",13
"5391",5391,"5291, 1259, 5191, 5290, 5389, 4423, 9039, 5492, 5393, 5490, 5491",11
"5392",5392,"5292, 5192, 5291, 5293, 5390, 5592, 5493, 5394, 5491, 5492, 5393",11
"5393",5393,"5293, 5392, 1302, 5193, 5292, 5294, 5391, 5833, 5593, 5494, 5395, 5492, 5493",13
"5394",5394,"5294, 4911, 5194, 5293, 5392, 4294, 5594, 5495, 5493",9
"5395",5395,"2184, 5195, 5294, 5393, 8709, 5496, 5397, 5494, 5495",9
"5396",5396,"5296, 2897, 5196, 5295, 4374, 3183, 8039, 5596, 5497, 5398, 5495, 5496, 5397, 8378",14
"5397",5397,"5297, 5396, 5197, 5296, 5298, 5395, 5597, 5498, 5399, 5496, 5497, 5398",12
"5398",5398,"5298, 5397, 5198, 5297, 5299, 5396, 155, 8420, 5499, 5400, 5497, 9150, 5498",13
"5399",5399,"5299, 1485, 5199, 5298, 5300, 5397, 239, 5599, 5500, 5499",10
"5400",5400,"771, 5300, 5200, 1351, 5398, 6258, 5600, 5499, 5500",9
"5401",5401,"5301, 3634, 5201, 5302, 5601, 5502, 5403, 5501, 5402",9
"5402",5402,"5302, 5401, 3054, 5301, 5303, 7594, 5503, 5404, 5501, 5502, 5403",11
"5403",5403,"5303, 5402, 5203, 2977, 5304, 5401, 5603, 5405, 5503, 5404",10
"5404",5404,"5304, 5403, 5204, 5303, 5402, 358, 5604, 5505, 5406, 5503, 5405",11
"5405",5405,"217, 5305, 5404, 5205, 5304, 5306, 5403, 7899, 5605, 5506, 5407, 5504, 5505, 5406",14
"5406",5406,"5306, 5405, 5206, 5305, 5307, 5404, 5507, 5408, 5505, 5506, 5407",11
"5407",5407,"77, 5307, 5406, 5207, 5306, 5405, 5607, 5409, 5506, 5507, 5408",11
"5408",5408,"5308, 5407, 5208, 5307, 5309, 5406, 5608, 5509, 5410, 5507, 5508, 5409",12
"5409",5409,"507, 5408, 4185, 5209, 5308, 5407, 8273, 5609, 5510, 5508, 5509, 5410",12
"5410",5410,"5310, 5409, 5210, 2799, 5408, 1150, 5448, 6347, 5610, 5511, 5509, 5510, 5411",13
"5411",5411,"5311, 5410, 5211, 5310, 5312, 2967, 5611, 5512, 5413, 5510, 8632, 5511, 5412",13
"5412",5412,"5312, 5411, 5212, 5311, 5313, 5612, 5513, 5414, 5511, 5512, 5413",11
"5413",5413,"5313, 5412, 5213, 5312, 5314, 5411, 8725, 5613, 5514, 5415, 5512, 5513, 5414",13
"5414",5414,"1751, 5314, 5413, 5214, 5313, 5315, 5412, 9774, 9059, 5614, 5515, 5416, 5513, 5514, 5415",15
"5415",5415,"5229, 5414, 4616, 5215, 5314, 5316, 5413, 3924, 8090, 5615, 5516, 5514, 6630, 5515, 5416",15
"5416",5416,"5316, 5415, 3310, 5216, 5315, 5317, 5414, 5616, 5517, 5418, 5515, 5516, 5417",13
"5417",5417,"5317, 5416, 5217, 5316, 5318, 5617, 5518, 5419, 5516, 5418",10
"5418",5418,"5318, 5417, 5218, 5317, 4811, 5416, 2590, 8876, 5618, 5420, 5517, 5518, 5419",13
"5419",5419,"5319, 5418, 5219, 5318, 4652, 5417, 9630, 7138, 5619, 5520, 5421, 5518, 9255, 5519, 5420",15
"5420",5420,"5320, 5419, 5220, 5319, 5321, 5418, 9558, 5620, 5521, 5729, 5519, 5520, 5421",13
"5421",5421,"5321, 5420, 4569, 5221, 5320, 5322, 5419, 5621, 5522, 5423, 5520, 5521",12
"5422",5422,"5322, 5242, 5222, 5323, 5622, 5523, 5424, 5521, 5522, 5423",10
"5423",5423,"1962, 5323, 5422, 2279, 5223, 5322, 5421, 2347, 1572, 5623, 5425, 5523, 5424",13
"5424",5424,"5324, 5423, 847, 5224, 5233, 5323, 5325, 5422, 5624, 5525, 5426, 5523, 7760",13
"5425",5425,"5325, 5326, 5423, 5625, 5526, 5427, 5524, 5525, 5426",9
"5426",5426,"5326, 5425, 5226, 5325, 5424, 3885, 7107, 9780, 5626, 5428, 5525, 6368, 5427",13
"5427",5427,"5327, 5426, 5227, 5326, 5328, 5425, 7274, 6266, 5627, 5528, 5429, 5527, 5428",13
"5428",5428,"1958, 5328, 5427, 4692, 5228, 5327, 5329, 5426, 5628, 5529, 5430, 5527, 5528, 5429",14
"5429",5429,"5329, 5428, 2182, 5229, 5328, 5330, 5427, 5629, 5530, 5431, 5528, 5430",12
"5430",5430,"5330, 5429, 5329, 5428, 5630, 8197, 5432, 5529, 7732, 5530, 5431",11
"5431",5431,"5331, 5430, 5231, 5330, 5332, 5429, 9492, 5631, 5532, 5433, 5530, 5432",12
"5432",5432,"3698, 5232, 5331, 5333, 5430, 2473, 5431, 5632, 5434, 5531, 5532, 5433, 6441",13
"5433",5433,"5333, 5432, 5233, 5332, 5334, 5431, 6803, 5633, 5534, 5435, 5532, 5533, 5434",13
"5434",5434,"5334, 5433, 2664, 5234, 5333, 5335, 5432, 3940, 5634, 5436, 5533, 5534, 5435",13
"5435",5435,"595, 5434, 5235, 5334, 5336, 5433, 5316, 5635, 5536, 5437, 5535, 5436",12
"5436",5436,"5336, 5435, 5236, 5335, 5434, 5636, 5537, 5438, 5535",9
"5437",5437,"5337, 4252, 5237, 5336, 5435, 6979, 5637, 5538, 5439, 5537, 5438",11
"5438",5438,"5338, 5437, 5337, 5339, 5436, 6087, 5638, 5539, 5537, 5538, 5439",11
"5439",5439,"5339, 5438, 693, 5239, 5338, 5437, 7884, 5639, 5540, 5441, 5538, 5539",12
"5440",5440,"5340, 2533, 4901, 5240, 5339, 5341, 5293, 5640, 5541, 5442, 5539, 5540, 5441",13
"5441",5441,"5044, 5341, 5440, 5241, 5340, 5342, 5439, 8697, 5641, 5542, 5443, 5540, 5541, 5442",14
"5442",5442,"5342, 5441, 4124, 5341, 5343, 5440, 4409, 3513, 5543, 5444, 5541, 5443",12
"5443",5443,"5343, 5442, 5243, 5342, 5344, 5441, 5643, 5544, 5542, 5543, 5444",11
"5444",5444,"5344, 5443, 5244, 5273, 5343, 5442, 6969, 5644, 5446, 5543, 5544",11
"5445",5445,"5345, 1939, 5245, 5344, 5346, 3114, 9214, 8770, 5645, 5546, 5447, 5544, 7723, 7890, 5545, 8196",16
"5446",5446,"5346, 5246, 5345, 5347, 5444, 5646, 5547, 5448, 5545, 5447",10
"5447",5447,"5347, 5446, 5247, 5346, 5348, 5445, 5647, 5449, 5546, 5547, 5448",11
"5448",5448,"5447, 4318, 5410, 5347, 5349, 5446, 182, 6537, 8608, 5549, 5450, 5547, 5449",13
"5449",5449,"5349, 5448, 2404, 5249, 5348, 1524, 730, 5447, 5649, 5550, 5451, 8313, 5549, 5450",14
"5450",5450,"5449, 4648, 5250, 5349, 5351, 5448, 8213, 5650, 5551, 5452, 5549, 5550, 5451",13
"5451",5451,"5351, 5450, 4376, 5251, 5350, 5352, 5449, 9082, 5651, 5552, 5453, 5550, 5551",13
"5452",5452,"3710, 5351, 5353, 5450, 5352, 5652, 5553, 5454, 5551, 5552, 5453",11
"5453",5453,"5353, 5452, 5253, 5352, 5354, 5451, 7865, 7146, 5906, 5653, 5554, 5455, 5552, 5553, 5454",15
"5454",5454,"5354, 5453, 5254, 5353, 5452, 6437, 5654, 5555, 5456, 5553, 5554, 5455",12
"5455",5455,"5355, 5454, 5354, 5356, 5453, 8551, 5556, 5457, 5554, 5555, 5456",11
"5456",5456,"4203, 5455, 5256, 5355, 5357, 5454, 8545, 5656, 5557, 5458, 5555, 5556, 5457",13
"5457",5457,"5357, 5456, 141, 4855, 5257, 5356, 5358, 5455, 6832, 9527, 5657, 5558, 5459, 5556, 5557, 5458",16
"5458",5458,"739, 3193, 5358, 5457, 5258, 5357, 5359, 5456, 953, 5559, 5460, 5557, 5558, 5459",14
"5459",5459,"5359, 5458, 3041, 5259, 5358, 5360, 5457, 5659, 5560, 5558, 5559",11
"5460",5460,"5360, 5260, 5361, 5458, 5561, 5462, 5559, 5780, 5560, 5461, 6281",11
"5461",5461,"1769, 5460, 1666, 5261, 5360, 5661, 5562, 5560, 9906, 7588, 5676, 5561, 5462",13
"5462",5462,"5362, 5461, 557, 5361, 5363, 5460, 5662, 5464, 5561, 5562, 5463",11
"5463",5463,"5363, 5462, 5263, 5362, 5364, 6100, 5663, 5465, 5562, 9809, 9295, 5563, 5464",13
"5464",5464,"5364, 5463, 5264, 5363, 5365, 5462, 5664, 5565, 5466, 5563, 5564, 5465",12
"5465",5465,"4039, 2658, 5464, 5265, 5364, 5366, 5463, 5665, 5566, 5467, 5564, 5565, 5466",13
"5466",5466,"5366, 5465, 1211, 5266, 5365, 5464, 5666, 5567, 5468, 5565, 5566, 5467",12
"5467",5467,"5361, 5367, 5466, 5366, 5368, 5465, 2308, 6555, 8574, 5469, 5566, 5567",12
"5468",5468,"5368, 3065, 2902, 5466, 5367, 5668, 5569, 5470, 5567, 5788, 5568, 5469",12
"5469",5469,"5369, 5468, 5269, 5368, 5467, 4416, 7323, 9513, 5669, 5570, 5471, 5568, 5569, 5470",14
"5470",5470,"5370, 5469, 5156, 5371, 5468, 6852, 5670, 9274, 5472, 5569, 5570, 5471",12
"5471",5471,"5371, 5470, 5271, 5370, 5372, 5469, 5671, 5572, 5473, 5570, 5571, 5472",12
"5472",5472,"5372, 5471, 5272, 5371, 5373, 5470, 2859, 5573, 5474, 5473",10
"5473",5473,"5373, 5472, 5273, 5372, 5471, 5673, 5574, 5475, 5572, 5573",10
"5474",5474,"5374, 5274, 5373, 5375, 5472, 5566, 5674, 5575, 5476, 5573, 8410, 5574, 5475, 9571",14
"5475",5475,"5375, 5474, 5275, 5374, 5376, 5473, 5675, 5576, 5477, 5575, 5476",11
"5476",5476,"781, 4896, 5376, 5475, 5276, 5377, 5474, 5676, 5577, 5478, 5575, 5694, 5576, 5477",14
"5477",5477,"5377, 5476, 5277, 5376, 5378, 5475, 5677, 6491, 5479, 5576, 8676, 5577",12
"5478",5478,"5378, 5278, 5377, 3630, 5476, 8221, 5678, 5579, 5480, 5577, 5578, 5479, 8695",13
"5479",5479,"5379, 5478, 889, 5378, 5380, 5477, 4493, 7770, 5679, 5580, 5578, 5579, 5480",13
"5480",5480,"5380, 5479, 5280, 5379, 5381, 5478, 5680, 5581, 5482, 5579, 5481",11
"5481",5481,"1295, 5480, 5281, 5380, 5382, 4305, 9861, 8469, 5582, 5483, 5580, 5482",12
"5482",5482,"5382, 5481, 5282, 5381, 5383, 5480, 5993, 5682, 5583, 5484, 5581, 5582, 5483",13
"5483",5483,"2182, 5482, 5283, 5382, 5384, 5481, 6574, 5683, 5584, 5485, 5582, 5918, 5484",13
"5484",5484,"3117, 5384, 5483, 2843, 5045, 5385, 5482, 9809, 5585, 5583, 8720, 5584, 5485",13
"5485",5485,"5385, 5484, 5285, 5384, 5386, 5483, 2210, 7522, 5685, 5586, 5584, 5585",12
"5486",5486,"974, 2610, 3460, 5385, 5387, 5686, 5488, 5585, 7534, 8196, 5586, 5487",12
"5487",5487,"5387, 5486, 5287, 5386, 5388, 2673, 5531, 5489, 5587, 5488",10
"5488",5488,"5388, 5487, 355, 5288, 5389, 5486, 9072, 5589, 5490, 5587, 5588",11
"5489",5489,"5389, 5289, 4147, 5390, 5487, 2045, 7699, 5590, 5491, 5588, 5589, 5490, 5757",13
"5490",5490,"5390, 5489, 5290, 5389, 5391, 5488, 5690, 5591, 8811, 6184, 5590, 5491",12
"5491",5491,"5391, 5490, 5291, 5390, 5392, 5489, 5691, 5493, 5590, 5591, 5492",11
"5492",5492,"5392, 5491, 5292, 5391, 5393, 5692, 5593, 5494, 5591, 5592, 5493",11
"5493",5493,"4792, 5393, 5492, 2048, 5293, 5392, 5394, 5491, 5693, 5594, 5495, 5592, 5593, 5494",14
"5494",5494,"5493, 1304, 5294, 5393, 5395, 5492, 7104, 5694, 5496, 5593, 5594",11
"5495",5495,"5395, 5295, 5394, 5396, 5493, 5734, 5596, 5497, 5594, 5595, 5496, 8417",12
"5496",5496,"5396, 5495, 5296, 5395, 5397, 5494, 9639, 9175, 5696, 5597, 5596, 5497",12
"5497",5497,"5397, 5496, 5297, 5396, 5398, 5495, 3713, 5697, 5598, 5499, 5597, 5498",12
"5498",5498,"5398, 5497, 2821, 5298, 5397, 309, 67, 3456, 5698, 5599, 5500, 5597, 8849",13
"5499",5499,"5399, 5299, 5398, 5400, 5497, 9306, 5699, 5600, 5599, 5760",10
"5500",5500,"5400, 2066, 5300, 5399, 5498, 5700, 5599, 5600",8
"5501",5501,"5401, 3432, 5301, 5402, 3087, 5701, 5601, 5502",8
"5502",5502,"5402, 5501, 1374, 5302, 5401, 5702, 5603, 5504, 8529, 5602, 5503",11
"5503",5503,"5403, 5502, 4548, 5303, 5402, 5404, 9491, 5703, 5505, 5602, 5603, 5504",12
"5504",5504,"5503, 5304, 5405, 5502, 9724, 5704, 5506, 5603, 5604",9
"5505",5505,"4764, 5405, 1966, 5305, 5404, 5406, 5503, 2942, 5705, 5606, 5507, 9965, 9176, 5605",14
"5506",5506,"5406, 5306, 5405, 5407, 5504, 3958, 5607, 5508, 5605, 6515, 5606",11
"5507",5507,"5407, 1541, 5406, 5408, 5505, 402, 7903, 9708, 7175, 5608, 5509, 7937, 5607",13
"5508",5508,"5408, 5308, 5409, 5506, 5708, 5609, 9168, 9084, 5608, 5509",10
"5509",5509,"5409, 5508, 4616, 5309, 5408, 5410, 5507, 5709, 5610, 5511, 5608, 5609",12
"5510",5510,"5410, 5310, 5409, 5411, 3058, 1278, 5710, 5611, 5512, 5610, 5511",11
"5511",5511,"5411, 5510, 4228, 5311, 5410, 5412, 5509, 3084, 7070, 5612, 5513, 5610, 5512",13
"5512",5512,"5412, 3101, 5411, 5413, 5510, 5261, 5511, 6902, 6691, 5613, 5514, 5611, 5612",13
"5513",5513,"5413, 5313, 5412, 5414, 5511, 2937, 5713, 5515, 5612, 8503, 5613, 5514",12
"5514",5514,"5414, 5513, 5314, 5413, 5415, 5512, 5714, 5615, 5516, 5614, 5515",11
"5515",5515,"5415, 5514, 5284, 5315, 5414, 5416, 5513, 5616, 5517, 5614, 5671, 5516",12
"5516",5516,"5416, 5515, 2916, 3232, 5316, 5415, 5417, 5514, 5716, 5617, 5518, 5615, 6748, 5517",14
"5517",5517,"4537, 5516, 5317, 5416, 5418, 5515, 1157, 5717, 5519, 5616, 5617, 5518",12
"5518",5518,"632, 5418, 5517, 5355, 5417, 5419, 5516, 5718, 5619, 5617, 5618, 5519",12
"5519",5519,"5419, 5518, 5319, 5420, 5517, 5719, 7872, 5618, 5619, 5520",10
"5520",5520,"728, 5420, 5519, 725, 5320, 5419, 5421, 6611, 5720, 5621, 5522, 5619, 9382, 5521",14
"5521",5521,"5421, 5520, 4866, 5321, 5420, 5422, 5721, 5622, 5523, 5620, 5621, 5522",12
"5522",5522,"5023, 5422, 5521, 3284, 5322, 5421, 5520, 6658, 5722, 5623, 5524, 5621, 5622, 5523",14
"5523",5523,"5423, 5522, 5323, 5422, 5424, 5521, 9234, 5993, 5723, 5624, 5525, 5622, 5623",13
"5524",5524,"2674, 1031, 4988, 5324, 5425, 5522, 6699, 5724, 5625, 5623, 5624, 5525",12
"5525",5525,"5425, 5524, 4383, 5325, 5424, 5426, 5523, 6898, 5725, 9031, 5527, 5624, 5625, 6706",14
"5526",5526,"749, 5326, 5425, 2853, 5726, 5627, 5528, 5625, 8208, 5626, 5527",11
"5527",5527,"5427, 5526, 5327, 5428, 5525, 5727, 5529, 5626, 5627, 5528",10
"5528",5528,"1161, 5428, 5527, 5295, 5328, 5427, 5429, 5526, 9596, 5629, 5530, 5627, 5529",13
"5529",5529,"2191, 5528, 5428, 5430, 5527, 5729, 5630, 5531, 5629, 5530",10
"5530",5530,"5430, 5529, 343, 5330, 5429, 5431, 5528, 4605, 1226, 6436, 5730, 5631, 5532, 9194, 5531",15
"5531",5531,"5487, 5530, 5432, 5529, 5731, 5632, 5533, 8874, 5631, 5532",10
"5532",5532,"5432, 5531, 4494, 5431, 5433, 5530, 5732, 5633, 5534, 5631, 5632, 5533",12
"5533",5533,"5433, 5532, 4648, 5434, 5531, 8744, 5733, 5634, 5535, 5632, 5633, 5534",12
"5534",5534,"5434, 5533, 5334, 5433, 5532, 5734, 5635, 5536, 5633, 5634, 9008",11
"5535",5535,"5435, 2975, 5436, 5533, 8219, 7234, 5735, 5636, 5537, 5634, 5635, 5536",12
"5536",5536,"1870, 5535, 5336, 5435, 404, 5534, 5736, 5538, 5636, 5537",10
"5537",5537,"2291, 5437, 5536, 2674, 5337, 5436, 5438, 5535, 9639, 5737, 5638, 5539, 5636, 7892, 5538",15
"5538",5538,"1303, 5438, 5537, 5338, 5437, 5439, 5536, 5738, 5639, 5540, 5637, 5638, 5539",13
"5539",5539,"5439, 5538, 5339, 5438, 5440, 5537, 5739, 5640, 5541, 5638, 9807, 5639, 5540",13
"5540",5540,"5440, 5539, 3899, 5340, 5439, 5441, 5538, 5740, 5641, 5542, 5639, 5541",12
"5541",5541,"2162, 5441, 5341, 5440, 5442, 5539, 5540, 8504, 5741, 5642, 5640, 9199, 5641, 5542",14
"5542",5542,"5541, 5342, 5441, 5443, 5540, 5742, 5643, 5544, 5641, 5642, 5543",11
"5543",5543,"5443, 5542, 5343, 5442, 5444, 4966, 9157, 5644, 5545, 5600, 5643, 5544",12
"5544",5544,"5444, 5543, 5344, 5443, 5445, 5542, 9598, 5744, 5645, 5546, 5643, 5545",12
"5545",5545,"5445, 5544, 569, 2964, 3977, 5345, 3369, 5446, 5543, 7583, 5745, 5646, 5547, 6836, 5645, 5546",16
"5546",5546,"2319, 5545, 5346, 5445, 5447, 5544, 5746, 5548, 5645, 5646, 5547",11
"5547",5547,"1594, 5447, 5546, 5347, 5446, 5448, 5545, 8663, 5747, 5648, 5549, 5646, 9490, 5548",14
"5548",5548,"5547, 5348, 5546, 6306, 5748, 5649, 5550, 5647, 9509, 5648, 5549",11
"5549",5549,"5449, 5548, 4021, 5349, 5448, 5450, 5547, 5749, 5650, 5551, 5648, 5649, 5550",13
"5550",5550,"5450, 5549, 5350, 5449, 5451, 5548, 5195, 8232, 5750, 5651, 6697, 5650, 5551",13
"5551",5551,"5451, 5550, 3931, 2232, 5450, 5452, 5549, 2643, 5751, 5652, 5553, 5650, 5651, 5552",14
"5552",5552,"5099, 5452, 5551, 5352, 5451, 5453, 1404, 6513, 5752, 5653, 5554, 5651, 7026, 5553",14
"5553",5553,"5453, 5552, 5452, 5454, 5551, 7283, 5753, 5654, 5555, 5652, 5653, 5554",12
"5554",5554,"5454, 5553, 5453, 5455, 5552, 5754, 5655, 5556, 5653, 5654, 5555",11
"5555",5555,"5455, 5554, 5355, 5454, 5456, 5553, 770, 5755, 5656, 5557, 5654, 5655",12
"5556",5556,"5456, 5356, 5457, 5554, 5455, 5756, 5558, 5655, 5557",9
"5557",5557,"337, 5457, 5357, 5456, 5458, 5555, 5556, 5757, 5658, 5559, 5656, 5657, 5558",13
"5558",5558,"5458, 5557, 5358, 5457, 5459, 5556, 5758, 5659, 5657, 5658, 5559",11
"5559",5559,"5459, 5558, 5359, 5458, 5460, 5557, 5759, 5561, 5658, 6411, 5659, 5560",12
"5560",5560,"5460, 5559, 5360, 5459, 5461, 814, 1837, 5661, 5562, 5659, 5660, 5561",12
"5561",5561,"5461, 5560, 5361, 5462, 5559, 5460, 5761, 5662, 5563, 9091, 5661, 5562",12
"5562",5562,"5462, 5561, 4468, 4608, 5461, 5463, 5560, 5762, 5663, 5564, 5661, 5662, 5563",13
"5563",5563,"5463, 5562, 5363, 5464, 5561, 5379, 5763, 5664, 5565, 5662, 5663",11
"5564",5564,"2415, 5464, 5364, 5465, 5562, 5764, 5665, 5566, 7749, 8181, 9976, 5565",12
"5565",5565,"4776, 5465, 5564, 304, 5365, 5464, 5466, 5563, 5765, 5666, 5567, 5664, 7849, 5665, 5566",15
"5566",5566,"5466, 5565, 5366, 5465, 5467, 5564, 5474, 5766, 5667, 5665, 5666, 5567",12
"5567",5567,"5467, 5566, 5466, 5468, 5565, 7937, 5767, 5668, 5666, 7929, 5568",11
"5568",5568,"5468, 5368, 5469, 3739, 1924, 5567, 5768, 5669, 5570, 8736, 5668",11
"5569",5569,"5469, 5369, 5468, 5470, 2544, 5321, 5769, 5670, 5571, 5669, 5570",11
"5570",5570,"2624, 5470, 5569, 2757, 5370, 5469, 5471, 5568, 5770, 5671, 5572, 5669, 5670, 5571",14
"5571",5571,"5471, 5570, 778, 5371, 1982, 5569, 5771, 5672, 5573, 5670, 5671",11
"5572",5572,"3434, 4736, 5372, 5471, 5473, 5570, 5772, 5673, 5574, 5671, 8941, 5672, 5573",13
"5573",5573,"5473, 5572, 176, 707, 2251, 5373, 5472, 5474, 5571, 5773, 5674, 5575, 5672, 5673, 5574",15
"5574",5574,"5138, 5474, 5573, 5374, 5473, 967, 5572, 4445, 5774, 5675, 5576, 5673, 5674",13
"5575",5575,"5475, 3829, 5375, 5474, 5476, 5573, 5775, 5676, 5577, 5674, 5675, 5576",12
"5576",5576,"5476, 5575, 5376, 5475, 5477, 5574, 5776, 5677, 5578, 5675, 5676, 5577",12
"5577",5577,"5477, 5576, 5377, 5476, 5478, 5575, 6656, 8118, 6801, 5777, 5678, 5579, 5676, 5677, 5578",15
"5578",5578,"5478, 5577, 5378, 5479, 5576, 9491, 5778, 5580, 5677, 5678, 5579",11
"5579",5579,"5479, 5578, 5478, 5480, 5577, 740, 5779, 5581, 5678, 5679, 5580",11
"5580",5580,"3009, 5579, 5380, 5479, 5481, 5578, 5780, 5681, 5582, 5679, 5680, 5581",12
"5581",5581,"5580, 5381, 5480, 5482, 5579, 1990, 5682, 5583, 5680, 8627, 5681, 5582",12
"5582",5582,"5482, 5581, 1170, 2613, 5481, 5483, 5580, 5782, 9648, 5584, 5681, 5682, 5583",13
"5583",5583,"5582, 1755, 2012, 5383, 5482, 5484, 5581, 6371, 5783, 5684, 5585, 5682",12
"5584",5584,"5484, 2938, 5384, 5483, 5485, 5582, 5249, 5685, 5586, 5683, 7837",11
"5585",5585,"5485, 3946, 4905, 5305, 5385, 5484, 5486, 5583, 1950, 5785, 5686, 5587, 5685, 5586",14
"5586",5586,"5486, 5585, 5386, 5485, 2699, 5584, 5786, 5687, 5588, 5685, 5587",11
"5587",5587,"5487, 5586, 2469, 5387, 5488, 5585, 5787, 5688, 5589, 8241, 8997, 5687, 5588",13
"5588",5588,"5488, 5587, 815, 5388, 5064, 5489, 5586, 8390, 9296, 5689, 5590, 5687, 5688, 5589",14
"5589",5589,"1928, 5489, 5588, 4044, 5389, 5488, 5587, 5789, 5690, 5591, 5688, 5689, 5590",13
"5590",5590,"5490, 5589, 5489, 5491, 5588, 5790, 5691, 5592, 5689, 5591",10
"5591",5591,"5491, 5590, 5490, 5492, 5589, 5791, 5692, 5593, 5690, 5691",10
"5592",5592,"5492, 4766, 1166, 4875, 5392, 5493, 5590, 5792, 5693, 5594, 6960, 5692, 5593",13
"5593",5593,"5493, 5592, 410, 5393, 5492, 5494, 5591, 5694, 8665, 5692, 5693, 5594",12
"5594",5594,"5494, 5593, 5394, 5493, 5495, 5592, 5699, 5794, 5695, 5596, 5693, 5694, 5595",13
"5595",5595,"5495, 5594, 1694, 5122, 536, 2919, 9721, 5795, 5696, 5597, 5694, 5695, 5596",13
"5596",5596,"5496, 5595, 5396, 5495, 5594, 1987, 9418, 9092, 5697, 5695, 5696, 5597",12
"5597",5597,"5497, 5596, 2865, 3897, 5397, 5496, 5498, 5595, 4342, 420, 6516, 5797, 5599, 5696, 5598",15
"5598",5598,"1269, 5597, 5497, 1174, 5600, 5697, 9361, 5698, 5599",9
"5599",5599,"5499, 5598, 5399, 5498, 5500, 5597, 4583, 7857, 5700, 5698, 5699, 5600",12
"5600",5600,"5500, 5599, 5400, 5499, 5543, 5598, 5800, 5699, 5700",9
"5601",5601,"5501, 5401, 6846, 9808, 9244, 5801, 5702, 5701, 5602",9
"5602",5602,"5502, 5601, 5503, 1221, 9789, 9316, 5802, 5703, 5604, 5702, 5603",11
"5603",5603,"5503, 5602, 5403, 5502, 5504, 3865, 6102, 5803, 5704, 5605, 5702, 9646, 5703, 5808",14
"5604",5604,"5504, 5404, 628, 5602, 5804, 5705, 5606, 5703, 9249, 5704, 5605",11
"5605",5605,"5505, 5604, 5405, 1579, 5506, 5603, 7788, 5805, 5706, 5607, 5704, 5705, 5606",13
"5606",5606,"5506, 5605, 5292, 5505, 5604, 5806, 5707, 5608, 7255, 5706, 5607",11
"5607",5607,"1004, 5507, 5606, 5407, 5605, 5506, 5708, 5609, 5706, 5707, 5608",11
"5608",5608,"5508, 5607, 213, 1124, 4865, 5408, 5507, 5509, 5606, 8171, 5808, 5709, 5610, 5707, 5708",15
"5609",5609,"5509, 5409, 5508, 5607, 9042, 6645, 5710, 5611, 5708, 5610, 5736",11
"5610",5610,"5510, 5609, 5410, 5509, 5511, 5608, 8689, 5810, 5711, 5612, 5709, 5710, 5611",13
"5611",5611,"5610, 5411, 5510, 5512, 5609, 7186, 8317, 5811, 5712, 5613, 5710, 5711, 5612",13
"5612",5612,"5512, 5611, 5412, 5511, 5513, 5610, 5812, 5713, 5711, 9684, 5712, 5613",12
"5613",5613,"5513, 5612, 5413, 5512, 105, 5611, 4650, 5813, 5714, 5712, 5713",11
"5614",5614,"5514, 5414, 5515, 8426, 5814, 5715, 5616, 5713, 5714",9
"5615",5615,"5415, 5514, 5516, 905, 5815, 5716, 5617, 5714, 5715, 5616, 6890",11
"5616",5616,"5615, 5416, 5517, 5614, 5515, 339, 5816, 5717, 5618, 5715, 5617",11
"5617",5617,"5517, 5616, 5417, 5516, 5518, 5615, 8702, 5817, 5718, 5619, 5716, 5717, 5618",13
"5618",5618,"5518, 5617, 5418, 5519, 5616, 5818, 5620, 5717, 5718, 5619",10
"5619",5619,"3385, 5519, 5618, 678, 5419, 5518, 5520, 5617, 5621, 5718, 5719",11
"5620",5620,"3011, 4074, 5420, 2947, 5521, 5618, 5721, 5719, 5720, 5621, 6997",11
"5621",5621,"5521, 5620, 5421, 5520, 5522, 5619, 5821, 5722, 5623, 5721, 5622",11
"5622",5622,"5522, 5621, 5422, 5521, 5523, 5822, 5723, 5624, 5721, 7065, 7578, 7126",12
"5623",5623,"5523, 5423, 5522, 5524, 5621, 3527, 8817, 8663, 5724, 5625, 9390, 5723, 5624, 5872",14
"5624",5624,"5524, 5623, 5424, 5523, 5525, 5622, 5824, 5725, 5626, 5723, 5724, 5625",12
"5625",5625,"5525, 5624, 5425, 5524, 5526, 5623, 1160, 6114, 5825, 5726, 5724, 6373, 5725, 5626",14
"5626",5626,"5526, 5625, 5426, 5527, 5624, 8562, 5826, 5727, 5628, 5725, 5627",11
"5627",5627,"2351, 5527, 5626, 3405, 5215, 5427, 5526, 5528, 1960, 6301, 5728, 5629, 5726, 5727, 5628",15
"5628",5628,"4808, 5627, 5428, 566, 2335, 5626, 5828, 5729, 5630, 5727, 5728, 5629",12
"5629",5629,"837, 5529, 5628, 983, 5429, 5627, 5528, 5829, 5730, 5631, 6396, 9573, 5729",13
"5630",5630,"2870, 5430, 5529, 5628, 1616, 5830, 5731, 5632, 5729, 5631",10
"5631",5631,"2083, 5531, 5630, 5431, 5530, 5532, 5629, 7306, 5831, 5732, 5633, 5730, 5731, 5632",14
"5632",5632,"5532, 5631, 5432, 5531, 5533, 5630, 5832, 5733, 5634, 5731, 5732, 5633",12
"5633",5633,"5533, 5632, 5433, 5532, 5534, 5631, 4920, 3517, 8107, 5833, 5734, 5733, 5634",13
"5634",5634,"5534, 5633, 5434, 5533, 5535, 5632, 5735, 5636, 5733, 9788, 5635",11
"5635",5635,"5535, 5634, 5435, 5534, 4697, 349, 3998, 5835, 5637, 5734, 5735",11
"5636",5636,"5536, 5436, 5535, 5537, 5634, 5836, 5737, 5736, 5637",9
"5637",5637,"2966, 5636, 4134, 5437, 13, 5538, 5635, 8787, 7637, 7612, 5837, 5738, 5639, 5737, 5638",15
"5638",5638,"4171, 5538, 5637, 4340, 5438, 5537, 5539, 3263, 5838, 5739, 5737, 5738, 9829",13
"5639",5639,"5539, 4743, 5439, 5538, 5540, 5637, 632, 5839, 5641, 5739, 6014",11
"5640",5640,"2923, 5440, 5539, 5541, 1058, 5812, 5840, 5741, 5642, 5739, 5740, 5641",12
"5641",5641,"5541, 5640, 5441, 5540, 5542, 5639, 1287, 7138, 5715, 5841, 5742, 5740, 5741, 5642",14
"5642",5642,"5542, 5641, 5541, 5640, 434, 1901, 5842, 5644, 5741, 5643",10
"5643",5643,"5543, 5642, 5443, 5542, 5544, 5843, 5744, 5645, 5742, 5743, 5644",11
"5644",5644,"2882, 5643, 5444, 5543, 5642, 5744, 9138, 5844, 5646, 5743, 5645",11
"5645",5645,"5545, 5644, 5445, 5544, 5546, 5643, 9759, 9623, 5845, 5746, 5647, 5744, 5745",13
"5646",5646,"5546, 4405, 5446, 5545, 5547, 5644, 376, 5846, 5747, 5648, 5746, 5647",12
"5647",5647,"5646, 5447, 5548, 5645, 5847, 5748, 5649, 5746, 9430, 5747, 5648",11
"5648",5648,"5548, 5647, 5547, 5549, 5646, 5848, 5749, 5650, 5747",9
"5649",5649,"5549, 5449, 5548, 5647, 9181, 5849, 5750, 5651, 5748, 8418, 5749, 5650",12
"5650",5650,"5383, 5550, 5649, 4486, 5450, 5549, 5551, 5648, 1310, 5850, 5751, 5652, 5749, 5750",14
"5651",5651,"5551, 5451, 5550, 5552, 5649, 5851, 5752, 5653, 5750, 5751, 5652",11
"5652",5652,"2048, 2753, 2023, 5651, 5452, 5551, 5553, 5650, 5753, 5654, 5751, 7704, 7282",13
"5653",5653,"3114, 5553, 5453, 5552, 5554, 5651, 5853, 5754, 5655, 5752, 5753, 5654",12
"5654",5654,"5554, 5653, 5454, 5553, 5555, 5652, 5854, 5755, 5656, 5753, 5754, 5655",12
"5655",5655,"3344, 5555, 5654, 5554, 5556, 5653, 9550, 5855, 5756, 5657, 9167, 8220, 5755, 5656",14
"5656",5656,"5655, 5456, 5555, 5557, 5654, 3471, 4588, 6338, 5658, 5657",10
"5657",5657,"5557, 5656, 2496, 5457, 48, 5558, 5655, 7168, 5857, 5758, 5659, 5756, 5757, 5658",14
"5658",5658,"5558, 5657, 5557, 5559, 5656, 3077, 5118, 5858, 5660, 5757, 5758",11
"5659",5659,"5559, 5459, 5558, 5560, 5657, 5859, 5760, 5661, 5758, 5759, 5660",11
"5660",5660,"2693, 5560, 5659, 843, 2079, 5658, 5860, 5761, 5662, 5759, 5760, 5661",12
"5661",5661,"5561, 5660, 5461, 5560, 5562, 5659, 5861, 5762, 5663, 5760, 5761, 5662",12
"5662",5662,"4546, 5562, 5661, 5462, 5561, 5563, 5660, 2244, 5862, 5763, 5664, 5761, 5663",13
"5663",5663,"5563, 5662, 5463, 5562, 5661, 5863, 5764, 5665, 5762, 5664",10
"5664",5664,"594, 5663, 5464, 5563, 5565, 5662, 5864, 5666, 7972, 5764, 5665",11
"5665",5665,"5565, 5664, 5465, 5564, 5566, 5663, 5865, 5766, 5667, 5764, 5765, 7882",12
"5666",5666,"5566, 5466, 5565, 5567, 5664, 6879, 5866, 5767, 5668, 5765, 5766, 5667",12
"5667",5667,"5666, 3266, 5566, 5665, 8958, 5867, 8916, 7283, 5767, 5668",10
"5668",5668,"5568, 5667, 3834, 5468, 5567, 5666, 3733, 5868, 5769, 9287, 5767, 5768",12
"5669",5669,"5569, 2875, 5469, 5568, 5570, 4099, 5869, 5770, 5671, 5768, 5670",11
"5670",5670,"5570, 5669, 5470, 5569, 5571, 5870, 5771, 5672, 5769, 6360, 5770, 5671",12
"5671",5671,"5515, 5571, 5670, 5471, 5570, 5572, 5669, 7860, 5871, 5772, 5673, 5770, 5771, 5672",14
"5672",5672,"5572, 5671, 2989, 5571, 5573, 5670, 295, 8978, 5773, 5674, 5771, 8464, 5772",13
"5673",5673,"5573, 2703, 5473, 5572, 5574, 5671, 5873, 5774, 5675, 5772, 5773, 5674",12
"5674",5674,"5574, 5673, 5474, 5573, 5575, 5672, 957, 7049, 5874, 5676, 9070, 5774, 5675",13
"5675",5675,"5575, 5674, 5475, 5574, 5576, 5673, 5875, 5776, 5677, 8190, 5775, 5676",12
"5676",5676,"5576, 5675, 5476, 5575, 5577, 5674, 4374, 5461, 5876, 5777, 5677",11
"5677",5677,"5577, 5676, 5477, 5576, 5578, 5675, 5877, 5778, 5679, 5776, 7992, 6131, 5777, 5678",14
"5678",5678,"5578, 5677, 5478, 5577, 5579, 3517, 5878, 5779, 5680, 5777, 5679",11
"5679",5679,"4259, 5579, 5678, 3027, 5479, 2026, 5580, 5677, 3913, 5879, 5780, 5778, 5779, 5680",14
"5680",5680,"1365, 5580, 5679, 5480, 5581, 5678, 5880, 5781, 5779, 5681",10
"5681",5681,"3476, 5581, 5680, 5580, 5582, 5881, 5782, 5683, 5781, 5682",10
"5682",5682,"5582, 5681, 5482, 5581, 5583, 6033, 5783, 5684, 5781, 8412, 5782, 5683",12
"5683",5683,"5682, 5483, 5584, 5681, 5883, 5784, 5685, 5782, 5783, 9391",10
"5684",5684,"4820, 5583, 5682, 6214, 5884, 5785, 5686, 5783, 5784, 5685",10
"5685",5685,"5585, 5684, 4649, 5485, 5586, 5683, 5584, 6112, 5885, 5687, 5784, 5686",12
"5686",5686,"512, 5685, 5486, 5585, 3252, 5684, 5886, 5787, 5688, 5785, 5786",11
"5687",5687,"5587, 2631, 5586, 5588, 5685, 987, 5688, 5689, 5786",9
"5688",5688,"5588, 5687, 5587, 5589, 5686, 8112, 5789, 5690, 5787, 5788, 5689",11
"5689",5689,"5589, 5688, 5588, 5590, 5687, 9498, 5691, 5788, 5690",9
"5690",5690,"2993, 5490, 5589, 5591, 5688, 3873, 5689, 7114, 5890, 5791, 5692, 5789, 5790",13
"5691",5691,"5591, 5491, 5590, 5689, 6630, 5891, 5792, 5790, 5791, 5692",10
"5692",5692,"5592, 5691, 246, 3792, 5492, 5591, 5593, 5690, 1076, 5793, 5791, 5792, 5693",13
"5693",5693,"5593, 5692, 2235, 5493, 5592, 5594, 4537, 5893, 5794, 5695, 5792, 5793",12
"5694",5694,"5594, 5476, 5494, 5595, 5335, 3214, 5593, 5039, 5894, 5795, 5696, 5793, 7663, 5695",14
"5695",5695,"5595, 5694, 507, 5594, 5596, 5693, 5895, 5796, 5697, 5794, 5795, 5696",12
"5696",5696,"5596, 5695, 2813, 5496, 5595, 5597, 5694, 5896, 5797, 5698, 5795, 5796, 5697",13
"5697",5697,"5696, 3205, 4331, 5497, 5596, 5598, 5695, 5897, 5798, 6666, 5796, 5797, 5698",13
"5698",5698,"5598, 5697, 5498, 5599, 5696, 5898, 5799, 5700, 5797, 9709, 5798, 5699",12
"5699",5699,"5599, 5698, 5499, 5600, 5594, 5800, 8627, 5799, 5700",9
"5700",5700,"5600, 5699, 5500, 5599, 5698, 5900, 5799, 5800",8
"5701",5701,"5601, 5501, 9698, 5901, 5802, 5703, 5801",7
"5702",5702,"5602, 252, 323, 2787, 5502, 5601, 5603, 9611, 8722, 5902, 5803, 5704, 5801, 7491, 5802, 5703",16
"5703",5703,"5603, 5702, 5503, 5602, 5604, 5701, 1870, 5903, 5804, 5802, 5803, 5704",12
"5704",5704,"5604, 5703, 5504, 5603, 5605, 5702, 28, 5904, 5805, 5706, 8649, 5804, 5705",13
"5705",5705,"5605, 5704, 5505, 5604, 1609, 5806, 5707, 5804, 5805, 5706",10
"5706",5706,"5606, 5705, 2660, 5605, 5607, 5704, 5807, 6668, 7195, 5806, 5707",11
"5707",5707,"5607, 5706, 57, 165, 4343, 5606, 5608, 5705, 5907, 5808, 5709, 5806, 9077, 5807, 5708",15
"5708",5708,"5608, 5707, 3586, 5508, 5607, 5609, 7439, 5809, 8869, 7634, 5808, 5709",12
"5709",5709,"1159, 5708, 2730, 2895, 5509, 5608, 5610, 5707, 4439, 5851, 5909, 5810, 5808, 5809, 5710",15
"5710",5710,"5610, 5709, 5510, 5609, 5611, 3078, 6517, 5910, 5811, 5809",10
"5711",5711,"5611, 4250, 5610, 5612, 5911, 5812, 5713, 5810, 5811, 5712, 5871",11
"5712",5712,"5612, 5711, 1203, 663, 5611, 5613, 283, 7870, 5912, 5813, 5714, 5812, 5713",13
"5713",5713,"5613, 5712, 5513, 5612, 5614, 5711, 5913, 5814, 5715, 7588, 5813, 5714",12
"5714",5714,"3771, 5614, 5713, 5514, 5613, 5615, 5712, 1962, 5914, 5815, 5813, 8683",12
"5715",5715,"5615, 5614, 5616, 5713, 5641, 5954, 5816, 9230, 5814, 5815, 5716",11
"5716",5716,"5715, 3213, 5516, 5615, 5617, 5916, 5817, 7571, 8058, 5717",10
"5717",5717,"5617, 5716, 973, 5517, 5616, 5618, 5917, 5818, 5719, 5816, 5817, 5718",12
"5718",5718,"1728, 5618, 5717, 5518, 5617, 5619, 5918, 5819, 5720, 5817, 5818, 5719",12
"5719",5719,"5619, 5718, 5519, 5620, 5717, 3830, 5820, 5721, 5818, 5819, 5720",11
"5720",5720,"5620, 5719, 5520, 5718, 2449, 7856, 5920, 5819, 5968, 5820",10
"5721",5721,"5621, 3972, 5521, 5620, 5622, 5719, 4761, 5921, 5822, 5821, 5722",11
"5722",5722,"5721, 5522, 5621, 1726, 5285, 5823, 5724, 5821, 5822, 5723",10
"5723",5723,"5623, 5722, 5523, 5622, 5624, 5923, 5824, 5725, 5822, 5823, 5724",11
"5724",5724,"5624, 5723, 4210, 5524, 5623, 5625, 5722, 5289, 9245, 5924, 5825, 5726, 5823, 5725",14
"5725",5725,"5625, 5724, 406, 5525, 5624, 5626, 5723, 1224, 7557, 5826, 5727, 5824, 5726",13
"5726",5726,"5030, 5725, 5526, 5625, 5627, 5724, 5926, 6321, 5728, 5825, 5826, 5727",12
"5727",5727,"5627, 5726, 5527, 5626, 5628, 5725, 5927, 5729, 5826, 5827",10
"5728",5728,"5628, 4203, 5627, 5726, 6897, 5829, 5730, 5827, 5828, 5729",10
"5729",5729,"5629, 5728, 5420, 5529, 5628, 5630, 3003, 5727, 5929, 5830, 5731, 5829, 5730",13
"5730",5730,"5729, 1091, 5530, 5629, 5631, 5728, 5930, 5831, 5732, 5829, 5830",11
"5731",5731,"5631, 5531, 5630, 5632, 5729, 5931, 5832, 5830, 5831, 5732, 7064",11
"5732",5732,"2544, 5632, 5731, 5532, 5631, 5730, 8548, 5932, 5734, 5831, 5832, 5733",12
"5733",5733,"5633, 5732, 5533, 5632, 5634, 1569, 5933, 5832, 5833, 5734",10
"5734",5734,"5733, 4130, 5495, 5534, 5633, 5635, 5732, 1348, 2444, 5934, 5835, 5736, 5834, 5735",14
"5735",5735,"5635, 5221, 5734, 5535, 5634, 5935, 5836, 5737, 5834, 6598, 5835, 5736",12
"5736",5736,"5609, 5636, 5735, 5536, 3120, 5734, 5922, 5936, 5837, 5738, 5835, 5836, 5737",13
"5737",5737,"5637, 5736, 4174, 5537, 5636, 5638, 5735, 5262, 5838, 5739, 5836, 5738",12
"5738",5738,"5638, 5737, 4101, 5538, 5637, 4789, 5736, 4643, 5938, 5839, 5837, 5838, 5739",13
"5739",5739,"5639, 5738, 5539, 5638, 5640, 5737, 7229, 5993, 5939, 5840, 5741, 5839, 5740",13
"5740",5740,"5640, 5739, 4629, 5540, 5641, 4917, 5940, 5841, 5742, 5839, 5840, 5741",12
"5741",5741,"3476, 5641, 5740, 5541, 5640, 5642, 5739, 5941, 5743, 8448, 6131, 5841, 5742",13
"5742",5742,"5741, 5542, 5641, 5643, 5740, 2385, 8660, 5942, 5843, 5744, 5841, 5743",12
"5743",5743,"5643, 5742, 2075, 5644, 5741, 6727, 5943, 5844, 5745, 5843, 5744",11
"5744",5744,"5644, 5743, 1008, 4743, 5544, 5643, 5645, 5742, 2885, 5944, 5843, 5844, 5745",13
"5745",5745,"5645, 5744, 4933, 5545, 890, 5743, 5945, 5846, 5747, 5844, 5845, 5746",12
"5746",5746,"5646, 5745, 5546, 5645, 5647, 4756, 5946, 5847, 5748, 5845, 5846, 5747",12
"5747",5747,"3848, 5647, 5746, 5547, 5646, 5648, 5745, 1105, 5947, 5848, 5749, 5847, 5748",13
"5748",5748,"5747, 2618, 5548, 5647, 5649, 5746, 7660, 5948, 5849, 5750, 5847, 5749",12
"5749",5749,"5649, 5549, 5648, 5650, 5747, 2580, 5748, 8915, 5949, 5850, 5848, 5849, 5750",13
"5750",5750,"5650, 5749, 5550, 5649, 5651, 5748, 2561, 126, 8103, 5923, 5851, 5849, 9751, 5850, 5751",15
"5751",5751,"5651, 5750, 5551, 5650, 5652, 9678, 5951, 5852, 5850, 5752",10
"5752",5752,"5751, 3860, 5552, 5651, 5653, 7044, 5952, 5853, 5754, 5851, 5852, 5753",12
"5753",5753,"5653, 5752, 5553, 5654, 5321, 5652, 5953, 5854, 5755, 5855, 5853, 5754",12
"5754",5754,"2772, 5654, 5753, 3564, 3768, 5554, 5653, 5752, 9876, 7296, 5954, 5855, 5756, 5853, 5854",15
"5755",5755,"5655, 5185, 3056, 5555, 5654, 3151, 5753, 5955, 5856, 5757, 5854, 5855, 5756",13
"5756",5756,"5755, 5556, 5655, 5657, 5754, 5828, 5857, 5758, 5855, 5856",10
"5757",5757,"5489, 5657, 5089, 5557, 5658, 5755, 8986, 5957, 5858, 5759, 5856, 5857, 5758",13
"5758",5758,"2596, 5658, 5757, 5558, 5657, 5659, 5756, 5958, 5859, 5857, 5858",11
"5759",5759,"5659, 5559, 5660, 5757, 5918, 5959, 5860, 5761, 5858, 5859, 5760, 6389",12
"5760",5760,"5499, 5660, 5759, 1833, 5659, 5661, 5960, 5861, 5762, 5859, 6080, 8138, 5860",13
"5761",5761,"5661, 5561, 5660, 5662, 5759, 4354, 5961, 5862, 5860",9
"5762",5762,"1367, 2384, 5562, 5661, 5663, 5760, 3588, 5962, 5863, 5764, 9138, 5763",12
"5763",5763,"2194, 5563, 5662, 5762, 5963, 5864, 5765, 5862, 5764",9
"5764",5764,"5664, 5763, 3045, 5564, 5663, 5665, 5762, 5964, 5865, 5766, 5863, 5864, 5765",13
"5765",5765,"5665, 5764, 5565, 1898, 5666, 5763, 5965, 5866, 5864, 9686, 5766",11
"5766",5766,"5666, 5765, 5566, 5665, 5764, 1579, 8649, 5966, 5867, 6234, 5866, 5767",12
"5767",5767,"5667, 5766, 1231, 2192, 5567, 5666, 5668, 5967, 5868, 5769, 6670, 6744, 5867, 5768",14
"5768",5768,"5668, 5767, 5156, 5568, 5669, 2069, 5968, 5770, 5867, 8197, 5868",11
"5769",5769,"4585, 5569, 5668, 5670, 5767, 7142, 5969, 5870, 5771, 5868, 5895, 5869, 5770",13
"5770",5770,"5670, 5769, 5570, 5669, 5671, 5768, 5970, 5871, 5772, 5869, 5771",11
"5771",5771,"503, 5671, 3091, 5571, 5670, 5672, 5769, 5770, 7549, 5773, 5870, 5871, 7582",13
"5772",5772,"5672, 1781, 5572, 5671, 5673, 5770, 2484, 7747, 5972, 5873, 5774, 5871, 5773",13
"5773",5773,"5673, 5772, 5573, 3733, 5771, 5672, 5973, 5874, 7415, 5872, 5873, 5774",12
"5774",5774,"5674, 5773, 5574, 5673, 5772, 6866, 5974, 5875, 5776, 5873, 5874, 5775",12
"5775",5775,"5675, 5774, 3720, 5575, 5975, 5876, 5777, 5874",8
"5776",5776,"2556, 3955, 308, 3043, 3061, 5576, 5675, 5677, 5774, 9245, 5976, 5877, 5778, 5875, 5876, 5777",16
"5777",5777,"1030, 5677, 5776, 5577, 5676, 5678, 5775, 5878, 5779, 5876, 5877, 5778",12
"5778",5778,"4435, 5777, 803, 5089, 5578, 5677, 5679, 5776, 7268, 5879, 5877, 5878, 5779",13
"5779",5779,"5679, 5778, 134, 5111, 5579, 5678, 5680, 5777, 2109, 5979, 5880, 5878, 5879",13
"5780",5780,"3364, 5460, 5580, 5679, 3934, 5980, 5782, 5879, 5988, 5880, 5781, 9486",12
"5781",5781,"1263, 5681, 5780, 5160, 5680, 5682, 5981, 5882, 5783, 5880, 5881, 5782",12
"5782",5782,"5682, 5781, 5582, 5681, 5683, 5780, 8002, 5982, 5883, 5784, 5881, 5882, 5783",13
"5783",5783,"1647, 1748, 5683, 5782, 524, 5583, 5682, 5684, 5781, 58, 5983, 8192, 5882, 5883, 5784",15
"5784",5784,"5684, 5783, 5683, 5685, 5782, 1563, 6915, 5984, 5786, 5883, 5884, 5785",12
"5785",5785,"136, 5784, 5585, 5684, 5686, 9596, 5985, 5886, 5884, 5786",10
"5786",5786,"5686, 5586, 3897, 5687, 5784, 4120, 5785, 5986, 5887, 5788, 5885, 9183, 8301, 5886, 5787",15
"5787",5787,"5786, 5587, 5686, 5688, 4118, 6103, 8465, 5888, 5789, 5886, 5887",11
"5788",5788,"2869, 5688, 5468, 3729, 5689, 5786, 5988, 7764, 5790, 5887, 5888, 5789",12
"5789",5789,"5788, 5589, 5688, 5690, 5787, 6718, 8840, 5890, 5791, 5889",10
"5790",5790,"5690, 5590, 5691, 5788, 5990, 5891, 5792, 5889, 5890, 5791, 8238",11
"5791",5791,"2745, 5691, 5790, 5591, 5690, 5692, 5789, 654, 9930, 5991, 5892, 5793, 5890, 9626, 5891",15
"5792",5792,"5692, 725, 5592, 5691, 5693, 5790, 5992, 5893, 5794, 5891, 7956, 5892, 5793",13
"5793",5793,"5693, 5792, 5692, 5694, 5791, 8186, 5894, 5795, 5892, 5893, 5794",11
"5794",5794,"5793, 5594, 5693, 5695, 5792, 1036, 5994, 5895, 5796, 5893, 5795",11
"5795",5795,"5695, 5794, 2921, 5595, 5694, 5696, 5793, 8299, 5995, 5896, 5797, 5894, 5895, 5796",14
"5796",5796,"5696, 5795, 5296, 5695, 5697, 5794, 8325, 5996, 5897, 5798, 5895, 5896",12
"5797",5797,"316, 5697, 5597, 5696, 5698, 5795, 2816, 2679, 5799, 5897, 5798, 8388",12
"5798",5798,"5698, 5797, 2731, 5697, 5796, 5998, 5899, 8397, 5897, 5898, 5799",11
"5799",5799,"5699, 5798, 5698, 5700, 5797, 7569, 5999, 7748, 5898, 5899, 5800",11
"5800",5800,"5700, 5799, 5600, 5699, 9359, 5900",6
"5801",5801,"5701, 4857, 5601, 5702, 6001, 5901, 5802",7
"5802",5802,"5702, 5801, 5602, 5701, 5703, 6002, 5903, 5901, 5803",9
"5803",5803,"2087, 5703, 5603, 5702, 1616, 5802, 6003, 5805, 5804",9
"5804",5804,"5704, 5803, 2378, 5604, 5703, 5705, 6004, 5905, 5806, 5903, 6528, 5904, 5805",13
"5805",5805,"5705, 5804, 937, 5605, 5704, 5803, 6005, 5906, 5904, 8855, 5905, 5806",12
"5806",5806,"5706, 5805, 5606, 5705, 5707, 5804, 6006, 5907, 5808, 5905, 5906, 5807",12
"5807",5807,"5707, 5806, 1253, 5059, 2745, 5706, 2201, 1987, 143, 8732, 8630, 5809, 5906, 7854, 5907, 5808",16
"5808",5808,"5603, 5708, 5807, 5608, 5707, 5709, 5806, 1152, 2325, 6008, 5909, 5810, 9407, 5908, 5809",15
"5809",5809,"5709, 5808, 1892, 5708, 5710, 5807, 6009, 5910, 5811, 5908, 5909, 5810",12
"5810",5810,"4825, 5809, 5610, 5709, 5711, 5808, 6010, 5911, 5812, 5909, 5910, 5811",12
"5811",5811,"5711, 5810, 1244, 5611, 5710, 5809, 6620, 6011, 5912, 5813, 5910, 5911, 5812",13
"5812",5812,"4038, 5640, 5712, 5811, 2837, 5612, 5711, 3304, 5810, 6012, 5913, 5814, 5911, 5912, 5813",15
"5813",5813,"1292, 5713, 5812, 5613, 5712, 5714, 5811, 9556, 6013, 5914, 5815, 5912, 5913, 5814",14
"5814",5814,"5813, 5614, 5713, 5715, 5812, 8062, 6014, 5915, 5816, 5913, 7169, 5914, 5815",13
"5815",5815,"5715, 5814, 5615, 5714, 3521, 5813, 5916, 5817, 5914, 5915",10
"5816",5816,"5616, 5715, 5717, 5814, 6016, 5917, 5818, 5915, 5817, 9787",10
"5817",5817,"1874, 5717, 5816, 2228, 5617, 5716, 5718, 5815, 6017, 5918, 5819, 5917, 5818",13
"5818",5818,"5718, 5817, 5056, 5618, 5717, 5719, 5816, 6018, 7628, 5917, 5918, 5819",12
"5819",5819,"376, 5719, 5818, 3838, 5718, 5720, 5817, 6019, 5920, 7589, 5919, 5820",12
"5820",5820,"5720, 5819, 5038, 5719, 9977, 6020, 5919, 7635",8
"5821",5821,"5221, 5721, 3668, 3742, 5621, 5722, 2692, 6021, 5922, 5823, 8832, 5921, 5822, 7659",14
"5822",5822,"5722, 5821, 5622, 5721, 5723, 866, 9515, 5923, 5824, 5921, 5922, 5823",12
"5823",5823,"5723, 5822, 5722, 5724, 5821, 6023, 5924, 5825, 5922, 7057, 5824",11
"5824",5824,"631, 3269, 5624, 5723, 5725, 5822, 5823, 7693, 6024, 5925, 5826, 5923, 5924, 5825",14
"5825",5825,"321, 5824, 910, 5625, 5724, 5726, 5823, 3076, 356, 8719, 6025, 5926, 5925",13
"5826",5826,"5726, 5626, 5725, 5727, 5824, 6026, 5927, 5828, 5925, 5926, 5827",11
"5827",5827,"5727, 5826, 5728, 559, 6027, 5829, 5926, 5927, 5828",9
"5828",5828,"1055, 5728, 5827, 3085, 5628, 5756, 5826, 3540, 5929, 5830, 5927, 9643, 5928",13
"5829",5829,"5729, 5629, 5730, 5827, 5728, 4446, 6029, 5930, 8091, 5928, 5929",11
"5830",5830,"5730, 5630, 5729, 5731, 5828, 2198, 6030, 5832, 6671, 5930, 8435",11
"5831",5831,"5731, 4279, 5631, 5730, 5732, 9268, 6031, 5932, 5930, 9867, 5931, 5832",12
"5832",5832,"5732, 5831, 1574, 5632, 5731, 5733, 5830, 6032, 5933, 5834, 5931, 5932, 5833",13
"5833",5833,"5733, 5832, 5633, 3608, 5393, 5934, 5835, 7215, 6967, 5933",10
"5834",5834,"5734, 3821, 624, 3035, 5735, 5832, 7512, 6034, 5933, 5934, 5835",11
"5835",5835,"5735, 5834, 5635, 5734, 5736, 5833, 6035, 5936, 8480, 5934, 5935, 5836",12
"5836",5836,"5736, 5835, 5636, 5735, 5737, 4209, 6036, 5937, 5838, 5935, 5936, 5837",12
"5837",5837,"357, 5836, 5637, 5736, 5738, 9363, 8034, 7211, 5938, 5839, 5936, 5937, 5838",13
"5838",5838,"5738, 5837, 5638, 5737, 5836, 6752, 6038, 5939, 5840, 9239, 8761, 5938",12
"5839",5839,"1192, 5739, 710, 5639, 5738, 5740, 5837, 5940, 5938, 5939, 5840",11
"5840",5840,"5740, 5839, 5640, 5739, 5838, 6040, 5941, 5842, 5939, 5940, 5841",11
"5841",5841,"5741, 5840, 1590, 5641, 5740, 5742, 5029, 6041, 5942, 5843, 5940, 6599, 5941, 5842",14
"5842",5842,"5841, 3136, 5642, 5840, 6042, 5844, 5941, 5925, 8436, 5942, 5843",11
"5843",5843,"5743, 5842, 5643, 5742, 5744, 5841, 7433, 5944, 5845, 5942, 5943, 5844",12
"5844",5844,"5744, 5843, 5644, 5743, 5745, 5842, 5945, 8710, 5943, 8541, 6212, 5845",12
"5845",5845,"5745, 5844, 5645, 5746, 5843, 6045, 5946, 5847, 5944, 5846",10
"5846",5846,"5746, 5646, 5745, 43, 5845, 6046, 5848, 5945, 5946",9
"5847",5847,"5747, 5647, 5746, 5748, 5845, 6047, 5948, 5946, 6949, 5947, 5848",11
"5848",5848,"5847, 5648, 5747, 5749, 5846, 7558, 5850, 5947, 5948, 5849",10
"5849",5849,"5749, 5848, 1607, 5649, 5748, 5750, 6049, 5950, 5851, 5948, 7878, 5949, 5850",13
"5850",5850,"5750, 5849, 5650, 5749, 5751, 5848, 6050, 5951, 5949, 5851",10
"5851",5851,"393, 2988, 5850, 5651, 5750, 5752, 5849, 5709, 8657, 6051, 5952, 9608, 9961, 5852",14
"5852",5852,"5752, 5851, 3266, 5751, 4123, 7756, 6052, 5953, 5854, 5951, 5952, 5853",12
"5853",5853,"5753, 5852, 5653, 5752, 5754, 6053, 5954, 5855, 5952, 5953, 5854",11
"5854",5854,"5754, 5853, 5654, 5753, 5755, 5852, 5955, 5856, 5953, 5954, 5855",11
"5855",5855,"2243, 5755, 5854, 5655, 5753, 5754, 5756, 5853, 2618, 9609, 6055, 5956, 5857, 5955, 5856",15
"5856",5856,"5756, 5855, 5755, 5757, 5854, 4883, 6056, 5858, 5955, 5956, 5857",11
"5857",5857,"5757, 5856, 3872, 5657, 5756, 5758, 5855, 8330, 6673, 6057, 5958, 5859, 5956, 5957",14
"5858",5858,"5758, 3996, 5658, 5757, 5759, 5856, 6058, 5959, 5860, 5957, 5958, 5859",12
"5859",5859,"5759, 5858, 4165, 5659, 5758, 5760, 5857, 6188, 5960, 5958, 5959, 5860",12
"5860",5860,"5760, 5859, 5660, 5759, 5761, 5858, 6060, 7592, 5961, 5862, 5959, 8313, 5960, 5861",14
"5861",5861,"3178, 5860, 5661, 5760, 2518, 4078, 6763, 6061, 5863, 5961, 5862",11
"5862",5862,"5861, 5662, 5761, 5763, 5860, 9041, 9081, 5963, 5864, 5961, 8853, 5962, 5863",13
"5863",5863,"5297, 5862, 2822, 2937, 5663, 5762, 5764, 2676, 4805, 5861, 5964, 5865, 5963, 5864",14
"5864",5864,"5764, 5863, 504, 5664, 5763, 5765, 5862, 6064, 5965, 5964, 5865",11
"5865",5865,"5864, 5212, 5665, 5764, 5863, 6021, 6065, 5966, 5867, 5964, 5874, 5866",12
"5866",5866,"5766, 5865, 5666, 5765, 1432, 1756, 5965, 6066, 5967, 5966, 5867",11
"5867",5867,"5767, 5866, 5667, 5766, 5768, 5865, 6067, 5968, 5869, 5966, 5967, 5868",12
"5868",5868,"5768, 5867, 977, 5668, 5767, 5769, 5336, 8851, 5969, 5870, 7667, 5968",12
"5869",5869,"5769, 5669, 5770, 5867, 8922, 6069, 5970, 5871, 5968, 8957, 5870",11
"5870",5870,"5869, 5670, 5769, 5771, 5868, 6070, 5971, 5872, 5969, 5970, 5871, 9962",12
"5871",5871,"5711, 5771, 5870, 5671, 5770, 5772, 5869, 6071, 5972, 5873, 5970, 5971, 5872",13
"5872",5872,"5623, 5871, 5773, 5870, 746, 2807, 6972, 6495, 5973, 5971, 7386, 5972, 5873",13
"5873",5873,"5773, 5872, 5673, 5772, 5774, 5871, 7039, 5974, 5875, 5972, 5874",11
"5874",5874,"5774, 5865, 5674, 5773, 5775, 5873, 9593, 8545, 7171, 6107, 6074, 5975, 5876, 5973, 5974, 5875",16
"5875",5875,"1811, 5874, 5675, 5774, 5776, 5873, 7325, 6075, 5976, 5877, 5974, 5975, 5876",13
"5876",5876,"4992, 5776, 5875, 5676, 5775, 5777, 5874, 2561, 6076, 5977, 5878, 8084, 5877",13
"5877",5877,"1418, 5777, 5876, 5677, 5776, 5778, 5875, 6077, 5978, 5879, 5976, 5977, 5878",13
"5878",5878,"2180, 4480, 5778, 5877, 5678, 5777, 5779, 5876, 6078, 5880, 5977, 5978, 5879",13
"5879",5879,"5779, 5878, 5679, 5778, 5780, 5877, 5880, 6079, 5881, 5978",10
"5880",5880,"2856, 5780, 5879, 5680, 5779, 5781, 5878, 6080, 5882, 5979, 5980, 5881",12
"5881",5881,"4719, 5781, 5880, 5681, 1852, 5782, 5879, 6081, 5982, 5883, 5980, 5981, 5882",13
"5882",5882,"5782, 5881, 5781, 5783, 5880, 5982, 6082, 5983, 5884, 5981, 5883",11
"5883",5883,"5783, 5882, 111, 5357, 5683, 5782, 5784, 5881, 6083, 5984, 5885, 5982, 5983",13
"5884",5884,"5784, 5684, 5785, 5882, 6084, 5886, 5983, 5984",8
"5885",5885,"960, 5685, 5786, 5883, 6013, 6085, 5986, 5887, 5984, 5985, 5886",11
"5886",5886,"5786, 5885, 5686, 5785, 5787, 5884, 98, 9162, 6086, 6532, 5888, 5985, 5986, 9859",14
"5887",5887,"5787, 3103, 80, 5786, 5788, 5885, 6087, 5889, 5986",9
"5888",5888,"5788, 4159, 4330, 5787, 5886, 8724, 9832, 6088, 5989, 5890, 5988",11
"5889",5889,"5789, 3080, 5790, 5887, 6672, 6089, 5990, 5891, 5988, 5989, 5890",11
"5890",5890,"5790, 5889, 3426, 5690, 5789, 5791, 5888, 6090, 5991, 5892, 5989, 5891",12
"5891",5891,"554, 1364, 5791, 5890, 5691, 5790, 5792, 5889, 1243, 6091, 5893, 5990, 5991",13
"5892",5892,"5792, 5791, 5793, 5890, 9809, 6092, 5894, 5992, 5893",9
"5893",5893,"5793, 5892, 5693, 5792, 5794, 5891, 5994, 9643, 5992, 5993",10
"5894",5894,"1666, 3256, 1937, 2159, 4542, 5694, 5793, 5795, 5892, 6094, 5995, 5896, 5993, 5994, 5895",15
"5895",5895,"5795, 5894, 5695, 5794, 5796, 5769, 7169, 6179, 6095, 5996, 5897, 5994, 5995",13
"5896",5896,"5796, 4257, 5696, 5795, 5894, 4739, 6096, 5898, 5995, 5996, 5897",11
"5897",5897,"5797, 5896, 5114, 5697, 5796, 5798, 5895, 9078, 6097, 5998, 5996, 5997, 5898",13
"5898",5898,"5798, 5897, 5698, 5799, 5896, 6292, 8219, 6098, 5999, 5900, 5998, 5899",12
"5899",5899,"5799, 5898, 3709, 3379, 5798, 1772, 1720, 6000, 5998, 9740, 5999, 5900",12
"5900",5900,"2695, 5800, 5899, 5700, 5898, 6409, 5999",7
"5901",5901,"5801, 5701, 5802, 6101, 6002, 5903, 6001, 5902",8
"5902",5902,"5901, 5702, 217, 853, 6102, 6003, 5904, 6001, 6002, 7559",10
"5903",5903,"4751, 5703, 5802, 5804, 5901, 8138, 6103, 6004, 5905, 6002, 6003, 5904",12
"5904",5904,"5804, 5903, 5704, 1114, 5805, 5902, 6104, 6005, 5906, 6003, 6004",11
"5905",5905,"5805, 4341, 5243, 5804, 5806, 5903, 4271, 9572, 6105, 6246, 6004, 6005, 5906, 7540",14
"5906",5906,"5806, 5905, 5453, 5805, 5807, 5904, 66, 6106, 6007, 5908, 6006, 5907",12
"5907",5907,"5807, 5906, 5707, 5806, 2866, 6107, 5909, 6007, 5908",9
"5908",5908,"5808, 5907, 1132, 5809, 5906, 6108, 5910, 6007, 6008, 5909",10
"5909",5909,"5809, 5908, 5709, 5808, 5810, 5907, 6853, 6109, 6010, 5911, 6008",11
"5910",5910,"5810, 5710, 5809, 5811, 5908, 6110, 6011, 5912, 6009, 5911",10
"5911",5911,"5811, 5910, 5711, 5810, 5812, 5909, 6111, 6012, 5913, 6010, 7937, 6011, 5912",13
"5912",5912,"4709, 5812, 5911, 1036, 5712, 5811, 5813, 5910, 6112, 5914, 6011, 6012, 5913",13
"5913",5913,"5813, 5912, 392, 2310, 5713, 5812, 5814, 5911, 4983, 6113, 6014, 6012, 6013",13
"5914",5914,"5814, 3799, 5714, 5813, 5815, 5912, 5035, 6114, 6015, 5916, 6013, 6014",12
"5915",5915,"5815, 3206, 5814, 5816, 6115, 5917, 6014, 8241, 6015",9
"5916",5916,"2432, 3647, 5716, 5815, 3941, 5914, 7808, 6116, 7787, 6016, 5917",11
"5917",5917,"5817, 5916, 2963, 4873, 5717, 5816, 5818, 5915, 1785, 7375, 6117, 6018, 5919, 6016, 9595, 9326",16
"5918",5918,"5483, 5818, 1375, 5718, 5817, 5759, 6118, 6019, 5920, 6017, 7430, 6018, 5919",13
"5919",5919,"5819, 5918, 3700, 3264, 5820, 5917, 6119, 6020, 7990, 6018, 6019, 5920",12
"5920",5920,"5919, 5720, 5819, 5918, 5922, 6019, 6020, 5921",8
"5921",5921,"5821, 5920, 5721, 5822, 2744, 6022, 5923, 5922",8
"5922",5922,"5822, 5921, 5736, 5821, 5823, 5920, 6341, 6262, 7872, 6023, 5924, 6021, 6022, 5923",14
"5923",5923,"5922, 4811, 5723, 5822, 5824, 5921, 5750, 8434, 6123, 5925, 6023, 5924",12
"5924",5924,"5824, 5923, 5724, 5823, 5922, 654, 9130, 6124, 6025, 5926, 6024, 5925",12
"5925",5925,"5825, 5924, 2527, 5842, 5824, 5826, 5923, 6125, 6026, 5927, 6024, 6025, 7224",13
"5926",5926,"4877, 5826, 5726, 5825, 5827, 5924, 3653, 6760, 6126, 6027, 6025, 6026, 5927",13
"5927",5927,"5827, 5926, 2802, 5727, 5826, 5828, 5925, 6127, 6028, 5929, 6026, 6027, 5928",13
"5928",5928,"2970, 5828, 5927, 4886, 5829, 7029, 7386, 6029, 5930, 6027, 8083, 6028, 5929",13
"5929",5929,"5829, 5928, 956, 5729, 5828, 5927, 6129, 6030, 5931, 6028, 5930",11
"5930",5930,"5830, 604, 5730, 5829, 5831, 5928, 5929, 6130, 6031, 5932, 6030, 5931",12
"5931",5931,"5831, 5930, 5731, 5832, 5929, 619, 8718, 6131, 6032, 6030, 6031, 5932",12
"5932",5932,"5832, 5931, 5732, 5831, 5930, 7106, 6132, 6033, 6031, 9392, 6032, 5933",12
"5933",5933,"5833, 5932, 5733, 5832, 5834, 5280, 6133, 5935, 6032, 6033",10
"5934",5934,"5834, 2063, 4236, 5734, 5833, 5835, 7813, 6134, 6035, 5936, 6033, 8615, 6034, 5935, 9237",15
"5935",5935,"5835, 5934, 4879, 5735, 5836, 5933, 6036, 5937, 6034, 9146, 6035, 5936",12
"5936",5936,"5836, 5935, 5736, 5835, 5837, 5934, 6136, 6037, 5938, 6035, 6759, 6036, 5937",13
"5937",5937,"5837, 5936, 5836, 5935, 6137, 6038, 5939, 6036, 6037, 5938",10
"5938",5938,"5838, 5937, 4995, 5738, 5837, 5839, 5936, 7188, 5940, 8450, 6038, 5939",12
"5939",5939,"5839, 5938, 5739, 5838, 5840, 5937, 4232, 8998, 6139, 5941, 6038, 6039, 5940",13
"5940",5940,"5840, 5939, 1396, 3388, 5740, 5839, 5841, 5938, 5364, 6064, 9549, 6041, 5942, 8321, 5941",15
"5941",5941,"5841, 5940, 5741, 5840, 5842, 5939, 6141, 6042, 5943, 6040, 6041, 5942",12
"5942",5942,"5842, 5941, 5742, 5841, 5843, 5940, 6142, 6383, 5944, 6041, 6042, 5943",12
"5943",5943,"5843, 5942, 189, 5743, 2196, 5844, 5941, 6143, 6044, 5945, 6042, 6043, 5944",13
"5944",5944,"140, 3718, 5943, 5744, 5843, 5845, 5942, 6144, 6045, 5946, 6043, 7728, 6044, 5945",14
"5945",5945,"5944, 3570, 5745, 5846, 5943, 874, 5844, 9582, 8044, 7712, 8188, 6046, 8446, 6045",14
"5946",5946,"5846, 5746, 5845, 5847, 5944, 6047, 5948, 6045, 6046, 5947, 8491",11
"5947",5947,"5847, 5946, 5747, 4780, 5848, 6048, 5949, 6046, 8148, 6047, 5948",11
"5948",5948,"358, 5848, 5947, 5748, 5847, 5849, 5946, 1058, 6148, 6049, 5950, 6048, 5949",13
"5949",5949,"5849, 5948, 5749, 5850, 5947, 2454, 6149, 6050, 5951, 6048, 6049",11
"5950",5950,"3186, 5849, 5948, 6150, 6051, 5952, 6049, 6050, 5951, 9515",10
"5951",5951,"5950, 5751, 5850, 5852, 5949, 6151, 6052, 5953, 6050, 8499, 6758, 6051, 5952",13
"5952",5952,"4070, 5852, 5951, 5752, 5851, 5853, 5950, 6152, 6053, 5954, 6051, 6052, 5953",13
"5953",5953,"2651, 5853, 5952, 5753, 5852, 5854, 5951, 6153, 5955, 6052, 5954",11
"5954",5954,"5854, 5953, 923, 5715, 5754, 5853, 5952, 4245, 6154, 6055, 6053, 6054, 5955",13
"5955",5955,"5855, 5954, 5755, 5854, 5856, 5953, 4640, 6056, 5957, 6054, 9043, 6055",12
"5956",5956,"5856, 5855, 5857, 2191, 6057, 5958, 6055, 6056, 5957",9
"5957",5957,"5857, 5956, 5757, 5858, 5955, 6157, 5959, 6056, 6057, 5958",10
"5958",5958,"5858, 5957, 5758, 5857, 5859, 5956, 2353, 6158, 6059, 6057, 6058, 5959",12
"5959",5959,"5859, 5958, 3920, 5759, 5858, 5860, 5957, 9112, 6159, 6060, 5961, 6058, 6059, 5960",14
"5960",5960,"1092, 5860, 5959, 975, 5760, 5859, 6160, 6061, 5962, 6059, 6060, 5961",12
"5961",5961,"5861, 5960, 5761, 5860, 5862, 5959, 6161, 6062, 5963, 6060, 6061, 6905",12
"5962",5962,"5862, 5762, 5960, 6162, 6063, 5964, 6061, 8578, 8705, 6062, 5963",11
"5963",5963,"5863, 5962, 5763, 5862, 745, 5961, 6163, 6064, 5965, 6062, 6063, 5964",12
"5964",5964,"5864, 5963, 5764, 5863, 5865, 5962, 6164, 6065, 5966, 6063, 6064, 5965",12
"5965",5965,"5964, 5765, 5864, 5866, 5963, 2929, 6165, 5967, 6064, 5966",10
"5966",5966,"5866, 5766, 5865, 5867, 5964, 5965, 6166, 6067, 5968, 6065, 6066",11
"5967",5967,"5867, 129, 3752, 5767, 5866, 5965, 6167, 6068, 5969, 6066, 6680, 7515",12
"5968",5968,"4639, 5868, 5720, 5768, 5867, 5869, 5966, 5377, 5286, 9545, 6067, 6068, 7294",13
"5969",5969,"2393, 5769, 5868, 5870, 5967, 9978, 7930, 6169, 6070, 5971, 6068, 6069, 5970",13
"5970",5970,"5870, 5969, 626, 5770, 5869, 5871, 6170, 6254, 6069, 6070",10
"5971",5971,"5871, 4636, 548, 4923, 5027, 5870, 5872, 5969, 6171, 6072, 5973, 6070, 6071, 5972",14
"5972",5972,"5872, 5971, 5772, 5871, 5873, 8345, 6172, 6073, 5974, 6071, 9996, 6072, 5973",13
"5973",5973,"199, 5972, 2077, 5773, 5872, 5874, 5971, 4435, 6127, 7517, 7095, 6074, 6073, 5974",14
"5974",5974,"5874, 5973, 2987, 5774, 5873, 5875, 5972, 6174, 6075, 5976, 9699, 6074, 5975",13
"5975",5975,"5875, 5974, 5775, 5874, 3158, 6175, 6076, 5977, 6074, 6075, 5976",11
"5976",5976,"5147, 5975, 5776, 5875, 5877, 5974, 6077, 5978, 6075, 6076, 5977",11
"5977",5977,"295, 5877, 5976, 5876, 5878, 5975, 3231, 6177, 6078, 5979, 6076, 6077",12
"5978",5978,"5878, 535, 4372, 654, 5877, 5879, 5976, 2231, 6079, 5980, 6077, 6078, 9533",13
"5979",5979,"496, 2104, 3304, 5779, 3627, 5880, 5977, 6179, 6080, 5981, 6078, 6079",12
"5980",5980,"3798, 5880, 1092, 5192, 5780, 3108, 5881, 5978, 6180, 6081, 6079, 6080, 5981",13
"5981",5981,"5881, 5980, 5781, 1893, 5882, 5979, 6181, 6082, 5983, 6080, 9338, 6081, 5982",13
"5982",5982,"103, 5882, 5981, 5782, 5881, 5883, 4149, 6182, 6083, 5984, 6081, 6082, 5983",13
"5983",5983,"5883, 5982, 5783, 5882, 5884, 5981, 6084, 5985, 6082, 6083",10
"5984",5984,"5884, 230, 5784, 5883, 5885, 5982, 3983, 8437, 6184, 6085, 5986, 8431, 5985, 8850",14
"5985",5985,"5885, 5984, 628, 5785, 5886, 5983, 6185, 6086, 5987, 6084, 6670, 7862, 5986",13
"5986",5986,"5886, 5985, 5786, 5885, 5887, 5984, 466, 9064, 6186, 6087, 5988, 6085, 8319, 6086",14
"5987",5987,"1909, 867, 5985, 6187, 6088, 5989, 6086, 6087, 5988",9
"5988",5988,"5888, 5987, 3762, 5780, 5788, 5889, 5986, 6188, 6089, 5990, 6087, 7339, 6088, 5989",14
"5989",5989,"5889, 5988, 2618, 5888, 5890, 5987, 1591, 6189, 5991, 6089, 5990",11
"5990",5990,"5989, 557, 1072, 5790, 5889, 5891, 5988, 7787, 6190, 6091, 5992, 6089, 6090, 5991",14
"5991",5991,"5891, 5990, 5162, 5791, 5890, 5186, 5989, 6668, 6191, 6092, 6090, 6091, 5992",13
"5992",5992,"5892, 5991, 2349, 5792, 2309, 5893, 5990, 2490, 6093, 6091, 6092, 5993",12
"5993",5993,"5893, 5992, 5482, 5739, 5894, 5523, 4425, 6193, 5995, 6092, 6145, 6093",12
"5994",5994,"2208, 5894, 5794, 5895, 132, 5893, 6194, 6095, 5996, 6093, 6094, 5995",12
"5995",5995,"5895, 5994, 1359, 5795, 5894, 5896, 5993, 8363, 6195, 6096, 5997, 6094, 6095, 5996",14
"5996",5996,"5896, 5995, 5796, 5895, 5897, 5994, 8260, 5998, 6095, 6096",10
"5997",5997,"5897, 5995, 7788, 6197, 6098, 5999, 6096, 6097, 5998, 9941",10
"5998",5998,"5898, 5997, 5798, 5897, 5899, 5996, 6198, 6099, 6000, 9510, 6446, 5999",12
"5999",5999,"5899, 5998, 5799, 5898, 5900, 5997, 732, 6509, 6199, 6098, 6099, 6000",12
"6000",6000,"2959, 5999, 5899, 5998, 1829, 6130, 6200, 6099, 6640",9
"6001",6001,"5901, 5801, 5902, 7996, 8955, 6101, 6002",7
"6002",6002,"2535, 5902, 6001, 5802, 5901, 5903, 6202, 6103, 6004, 6101, 6102, 6003",12
"6003",6003,"5903, 6002, 5803, 5902, 5904, 2905, 6203, 6005, 6103",9
"6004",6004,"5904, 2027, 5804, 5903, 5905, 6002, 5353, 9194, 6204, 6105, 6006, 6103, 6104, 7295",14
"6005",6005,"5905, 5805, 5904, 6003, 4124, 6930, 6205, 6106, 6007, 6104, 6105",11
"6006",6006,"5906, 5806, 3948, 6004, 9389, 6206, 6008, 6105, 6106",9
"6007",6007,"5907, 5906, 5908, 6005, 9837, 9447, 9257, 8986, 6207, 6108, 6009, 6106, 6107, 6008, 8914",15
"6008",6008,"584, 5908, 6007, 5808, 5909, 6006, 3234, 6309, 6208, 6107, 6108, 6009",12
"6009",6009,"3258, 6008, 5809, 3665, 5910, 6007, 6209, 6110, 6011, 6108, 6109",11
"6010",6010,"1640, 1083, 2811, 3776, 5810, 5909, 5911, 2429, 6210, 6111, 6012, 6110, 6011",13
"6011",6011,"5911, 6010, 5811, 5910, 5912, 6009, 1259, 6211, 6112, 6013, 6110, 7817, 6768",13
"6012",6012,"5912, 5812, 5911, 5913, 6010, 6212, 6014, 8964, 6135, 6112",10
"6013",6013,"1417, 5885, 5913, 965, 2058, 5813, 1472, 5914, 6011, 6213, 6114, 6015, 6112, 6113, 6014, 9180",16
"6014",6014,"5639, 5914, 6013, 5814, 5913, 5915, 6012, 6214, 6115, 6016, 6113, 6114, 6015",13
"6015",6015,"5915, 6014, 5914, 6013, 7218, 6215, 6116, 6017, 6115, 6016",10
"6016",6016,"5916, 6015, 5816, 5917, 6014, 4091, 6216, 6117, 6018, 8522, 6116",11
"6017",6017,"5817, 5918, 6015, 6118, 6019, 6116, 8545, 6117, 6018",9
"6018",6018,"5918, 6017, 5818, 5917, 5919, 6016, 6218, 6119, 6020, 6118, 6019",11
"6019",6019,"5919, 6018, 5819, 5918, 5920, 6017, 6219, 6120, 6021, 6118, 6119, 6020",12
"6020",6020,"5011, 5920, 6019, 5820, 5919, 6018, 8808, 6220, 6121, 8611, 6119, 6120, 6021",13
"6021",6021,"6020, 5821, 5922, 6019, 5865, 6221, 6122, 6023, 7753, 6121, 6022",11
"6022",6022,"5922, 6021, 5921, 739, 1081, 1500, 6222, 6123, 6122",9
"6023",6023,"4761, 5923, 5823, 5922, 6021, 9578, 6124, 6025, 6122, 6123, 6024",11
"6024",6024,"2785, 5924, 6023, 5824, 5925, 6224, 8762, 6026, 6123, 7461, 6124, 6025",12
"6025",6025,"826, 5925, 6024, 1204, 5825, 5924, 5926, 6023, 6126, 6027, 6124, 6125, 6026",13
"6026",6026,"3334, 5926, 6025, 5826, 5925, 5927, 6024, 6942, 6226, 6127, 6028, 6125, 8018, 6027",14
"6027",6027,"5927, 6026, 5827, 5926, 5928, 6025, 1658, 8294, 6227, 6128, 6126, 9566, 6127",13
"6028",6028,"5928, 1255, 5927, 5929, 6026, 4185, 6228, 6129, 6030, 6127, 6128",11
"6029",6029,"5829, 5090, 5928, 6301, 6229, 6130, 6031, 6128, 7952, 6030",10
"6030",6030,"3103, 5930, 4728, 5830, 5929, 5931, 6028, 6029, 6230, 6131, 6032, 6129, 6130, 6031",14
"6031",6031,"5931, 6030, 5831, 5930, 5932, 6029, 6231, 6132, 6033, 6131, 6032",11
"6032",6032,"5932, 6031, 5832, 5931, 5933, 6030, 2290, 6133, 6034, 8700, 6132, 6033",12
"6033",6033,"5933, 6032, 5682, 4572, 5932, 5934, 6031, 6233, 6134, 6035, 6132, 9914, 6133",13
"6034",6034,"5934, 393, 2382, 3496, 5834, 5935, 6032, 6234, 6036, 6915, 8314, 6134, 6035",13
"6035",6035,"5935, 6034, 5835, 5934, 5936, 6033, 6235, 6136, 6037, 6134, 6135, 6036",12
"6036",6036,"3552, 5936, 6035, 2706, 5836, 5937, 6034, 5935, 3399, 6797, 6236, 6137, 6038, 6135, 6037",15
"6037",6037,"5937, 6036, 2040, 5936, 6035, 5256, 9703, 6136, 8628",9
"6038",6038,"5938, 1320, 5838, 5937, 5939, 6036, 7988, 6711, 6139, 6040, 6137, 6138, 6039, 8463",14
"6039",6039,"5939, 6038, 1286, 2337, 6239, 6140, 6041, 6138, 6139",9
"6040",6040,"5840, 5941, 6038, 6240, 6141, 6042, 6139, 6140, 6041",9
"6041",6041,"5941, 6040, 5841, 5940, 5942, 6039, 3700, 6142, 6140, 6141",10
"6042",6042,"5942, 5842, 5941, 5943, 6040, 9974, 6242, 6143, 6044, 6141, 6142, 6043",12
"6043",6043,"5943, 6042, 1162, 5944, 6243, 6144, 6045, 6142, 9575, 6143",10
"6044",6044,"5944, 4913, 5943, 4537, 6042, 6769, 6076, 6244, 6145, 6046, 6143, 6144, 6045, 7900",14
"6045",6045,"5945, 6044, 513, 5845, 5944, 5946, 6043, 6245, 6146, 6047, 6144, 6145, 6046",13
"6046",6046,"5946, 6045, 5846, 5945, 5947, 6044, 6147, 6145, 7168, 6047",10
"6047",6047,"5947, 2051, 5847, 2701, 6045, 5946, 6046, 9207, 7373, 6247, 6148, 6049, 6146, 7702, 6147, 6048",16
"6048",6048,"5948, 6047, 5949, 5947, 9905, 6997, 6248, 6149, 6050, 7012, 6148, 6049",12
"6049",6049,"5949, 6048, 805, 5849, 5948, 5950, 6047, 3101, 6249, 6150, 6051, 9420, 6149, 6050",14
"6050",6050,"5950, 6049, 5850, 5949, 5951, 6048, 6250, 6149, 6150, 6051",10
"6051",6051,"999, 5951, 6050, 259, 2820, 5851, 5950, 5952, 6049, 6152, 9597, 6150, 6151, 6052",14
"6052",6052,"5952, 6051, 2347, 5852, 5951, 5953, 6252, 6153, 6054, 6151, 6800, 6152, 6053",13
"6053",6053,"2136, 2066, 621, 6052, 1231, 5853, 5952, 5954, 6253, 6154, 6055, 6152, 6153, 6054",14
"6054",6054,"5954, 6053, 3767, 5955, 6052, 6254, 6155, 6056, 6319, 6154",10
"6055",6055,"5955, 5142, 5855, 5954, 5956, 6053, 6255, 6156, 6057, 6154, 6155, 6056",12
"6056",6056,"5956, 6055, 5856, 5955, 5957, 6054, 6256, 6157, 6058, 6156, 6057",11
"6057",6057,"5253, 5957, 6056, 5857, 5956, 5958, 6055, 8269, 6257, 6059, 6156, 6157, 6058",13
"6058",6058,"205, 4635, 5958, 6057, 5858, 5959, 6056, 6258, 6159, 6060, 6157, 7126, 6059",13
"6059",6059,"5959, 6058, 5958, 5960, 6057, 873, 6259, 6160, 6061, 6158, 6159",11
"6060",6060,"5960, 5860, 5959, 5961, 6058, 6260, 6161, 6062, 6159, 8159, 6160, 6061",12
"6061",6061,"5961, 6060, 5861, 5960, 5962, 6059, 6261, 6162, 6063, 6160, 6161, 6062",12
"6062",6062,"5962, 6061, 5961, 5963, 6060, 855, 6262, 6163, 6161, 6162, 6063",11
"6063",6063,"2672, 5963, 6062, 5962, 5964, 6061, 4198, 8798, 9898, 6263, 6164, 9113, 9755, 6163, 6064",15
"6064",6064,"5964, 6063, 5864, 5963, 5965, 5940, 6165, 6066, 6163, 6065",10
"6065",6065,"1239, 5865, 5964, 5966, 6064, 6265, 6166, 6067, 6164, 6165, 6066, 7848",12
"6066",6066,"5966, 6065, 5866, 5967, 6064, 9833, 6266, 6167, 6068, 6165, 6166, 6067",12
"6067",6067,"6066, 5867, 5966, 5968, 6065, 6267, 6168, 6069, 6251, 6068",10
"6068",6068,"5968, 5967, 5969, 6066, 6067, 6268, 6169, 7854, 6167, 6168, 6069",11
"6069",6069,"3026, 5969, 6068, 645, 5869, 5970, 6067, 6269, 6170, 6071, 6168, 9138, 6070",13
"6070",6070,"5970, 6069, 5870, 5969, 5971, 6270, 6072, 6169",8
"6071",6071,"5971, 462, 5871, 5972, 6069, 2626, 6208, 6172, 6073, 6170, 6171, 6072",12
"6072",6072,"1969, 5972, 6071, 399, 5971, 3057, 6070, 6272, 6173, 6171, 6172, 6073",12
"6073",6073,"2621, 5973, 6072, 5972, 6071, 6273, 6174, 6075, 6172, 6173, 6074",11
"6074",6074,"5974, 6073, 1858, 5100, 5874, 5973, 5975, 4442, 6175, 6076, 6173, 6174, 6075",13
"6075",6075,"2896, 5975, 6074, 5875, 5974, 5976, 6073, 6275, 6077, 6174, 6076",11
"6076",6076,"5976, 6075, 4477, 5876, 5975, 5977, 6074, 6044, 6177, 6078, 6175, 6176, 6077",13
"6077",6077,"5977, 6076, 2834, 5877, 5976, 5978, 6075, 6741, 6079, 6176, 6177, 6078",12
"6078",6078,"2053, 5978, 6077, 5878, 5977, 5979, 6076, 3485, 8888, 6095, 6177, 6178",12
"6079",6079,"5979, 655, 4071, 5879, 5978, 5980, 6077, 9142, 6279, 6081, 8116, 6179, 6080",13
"6080",6080,"5980, 6079, 5760, 5880, 5979, 5981, 6280, 6181, 8690, 6081",10
"6081",6081,"5981, 6080, 5881, 5980, 5982, 6079, 6281, 6182, 6083, 6180, 6181, 6082",12
"6082",6082,"5044, 5982, 6081, 2675, 5882, 5981, 5983, 4854, 6282, 6183, 6181, 9266, 6182, 6083",14
"6083",6083,"5983, 6082, 5883, 5982, 6081, 835, 8823, 6184, 6085, 6182, 6183, 6084",12
"6084",6084,"6083, 114, 5884, 5985, 5983, 9658, 6284, 6185, 6086, 6183, 6184, 6085",12
"6085",6085,"1216, 6084, 5885, 5984, 5986, 6083, 6285, 6087, 6184, 8568, 8856, 6185, 6086",13
"6086",6086,"5986, 6085, 2289, 5886, 5985, 5987, 6084, 2331, 6286, 6187, 6088, 6186",12
"6087",6087,"5987, 4486, 3411, 5887, 5986, 5988, 6085, 5438, 3841, 6187",10
"6088",6088,"5988, 1430, 1829, 5888, 5987, 4379, 6086",7
"6089",6089,"5989, 2954, 1615, 5889, 5988, 5990, 999, 3973, 9804, 6289, 6190, 6091, 6188",13
"6090",6090,"1915, 4634, 5990, 5890, 5991, 6290, 6191, 6092, 6189, 8369, 6190, 6091",12
"6091",6091,"5991, 6090, 5891, 5990, 5992, 6089, 4865, 6291, 6093, 6191, 6092",11
"6092",6092,"5992, 6091, 1832, 5006, 5272, 5892, 5991, 5993, 6090, 6567, 6292, 6193, 6094, 6191, 6192, 6093",16
"6093",6093,"5993, 6092, 5992, 5994, 6091, 7573, 8636, 7864, 6293, 6194, 6095, 6192, 6193, 6094",14
"6094",6094,"5994, 6093, 5894, 5995, 6092, 815, 6195, 6194, 6095",9
"6095",6095,"5995, 6094, 5895, 5994, 5996, 6078, 6093, 1399, 6196, 6097, 6194, 8407, 6195, 6096",14
"6096",6096,"5996, 6095, 5896, 5995, 5997, 1276, 6296, 6197, 6098, 6195, 7173, 6097",12
"6097",6097,"5997, 6096, 3322, 5897, 6095, 6297, 6198, 6099, 6196, 6197, 6098",11
"6098",6098,"6097, 5898, 5997, 5999, 6096, 14, 1800, 6298, 6100, 6198, 6099",11
"6099",6099,"1284, 1464, 5999, 6098, 354, 5998, 6000, 6097, 56, 8942, 6299, 6200, 6198, 7559, 6641, 6100",16
"6100",6100,"6099, 5463, 6098, 6300, 6199, 6241, 6200",7
"6101",6101,"6001, 5901, 6002, 6202, 6103, 6201, 6102",7
"6102",6102,"6002, 6101, 1179, 5337, 5902, 5603, 8944, 6302, 6203, 6104, 6201, 6202, 6103",13
"6103",6103,"6003, 6102, 5787, 5903, 6002, 6004, 6101, 6303, 6204, 6105, 6202, 6203, 6104",13
"6104",6104,"6004, 6103, 5904, 6005, 6102, 6304, 6205, 6106, 6203, 9492, 6204, 6105",12
"6105",6105,"6005, 6104, 5905, 6004, 6006, 6103, 6305, 6206, 6107, 6204, 6205, 6106",12
"6106",6106,"6006, 6105, 5906, 6005, 6007, 6104, 6306, 6207, 6108, 6205, 6206, 6107",12
"6107",6107,"6007, 6106, 5907, 5874, 6008, 6105, 6208, 6109, 6206, 6207, 6108",11
"6108",6108,"5210, 6008, 6107, 1997, 4343, 4848, 5908, 6007, 6009, 6106, 6953, 6308, 6209, 6110, 6207, 6737, 6302, 8130, 6109",19
"6109",6109,"6009, 6108, 5909, 6107, 6309, 6210, 6111, 6208, 9814, 6209, 6110",11
"6110",6110,"2725, 6010, 6109, 5910, 6009, 6011, 6108, 6310, 6211, 6209, 9219, 7677, 6111",13
"6111",6111,"1442, 6110, 5911, 6010, 6109, 6311, 6212, 6113, 6210, 6211, 6112",11
"6112",6112,"4625, 6012, 6111, 3887, 5912, 6011, 6013, 5685, 3166, 6312, 6114, 6211, 6212, 6113",14
"6113",6113,"6013, 6112, 5913, 321, 6014, 6111, 4289, 7542, 9470, 6313, 6214, 6115, 6212, 6213",14
"6114",6114,"6014, 5914, 6013, 5625, 6112, 5001, 6215, 6116, 6213, 6115",10
"6115",6115,"6015, 6114, 3518, 5915, 6014, 6113, 9463, 6811, 6315, 6216, 6117, 6215, 6116",13
"6116",6116,"6016, 6115, 5916, 6015, 6017, 6114, 3034, 6316, 6118, 6215, 6216",11
"6117",6117,"6017, 788, 3453, 5917, 6016, 89, 6115, 3622, 1047, 6903, 6317, 6118",12
"6118",6118,"1735, 6018, 3443, 5918, 6017, 6019, 6116, 6117, 6318, 6219, 6120, 6217, 6218, 6119",14
"6119",6119,"1840, 6019, 6118, 1823, 5919, 6018, 6020, 1978, 6319, 6220, 6121, 6218, 6219",13
"6120",6120,"6020, 229, 2937, 6019, 6118, 6320, 6221, 6122, 6219, 6220, 6121",11
"6121",6121,"6021, 6120, 1511, 6020, 6119, 6321, 6222, 6123, 6220, 6221, 6122",11
"6122",6122,"6022, 6121, 6021, 6023, 6120, 6793, 6322, 6223, 6124, 6221, 6222, 6123",12
"6123",6123,"3187, 6023, 6122, 2061, 5923, 6022, 6024, 6121, 6323, 6125, 6222, 6124",12
"6124",6124,"6024, 6123, 5924, 6025, 6122, 6023, 6324, 6225, 6126, 6223, 6224",11
"6125",6125,"6025, 4555, 5925, 6026, 6123, 6325, 6226, 6127, 6224, 6225, 6126",11
"6126",6126,"6125, 5926, 6025, 6027, 6124, 6326, 6227, 6128, 6225, 9938",10
"6127",6127,"4040, 5973, 6027, 5927, 6026, 6028, 6125, 6327, 6228, 6129, 6226, 6227, 6128, 8661",14
"6128",6128,"6028, 6127, 6027, 6029, 6126, 6604, 6229, 6130, 6227, 6228, 9007",11
"6129",6129,"1639, 5929, 6028, 6030, 6127, 4932, 6966, 7700, 6329, 6230, 6131, 6229, 6130",13
"6130",6130,"6030, 6129, 6000, 5930, 6029, 3691, 6128, 6330, 6231, 6229, 6230, 6131",12
"6131",6131,"5677, 6031, 6130, 5741, 5931, 6030, 6129, 6331, 6232, 6133, 6230, 6231, 6132",13
"6132",6132,"6131, 5932, 6031, 6033, 3132, 6032, 6332, 6233, 6134, 6231, 6232, 6133",12
"6133",6133,"6033, 6132, 3094, 5933, 6032, 6131, 7097, 6333, 6234, 6135, 6232, 6134",12
"6134",6134,"6034, 3514, 616, 5934, 6033, 6035, 6132, 4848, 3852, 6133, 1235, 6334, 6235, 6234, 6135",15
"6135",6135,"308, 6035, 6134, 823, 6036, 6133, 6012, 6242, 6335, 6236, 6234, 9620, 6268, 6136",14
"6136",6136,"6135, 2856, 5936, 6035, 6037, 9779, 6336, 7913, 6235, 6137",10
"6137",6137,"5937, 6036, 6038, 6136, 6237, 6337, 6238, 6139, 6236, 6801, 6138",11
"6138",6138,"3873, 6038, 6137, 4657, 4107, 3122, 6039, 3555, 1027, 6239, 6237, 6238",12
"6139",6139,"6039, 1777, 5939, 6038, 6040, 6137, 5354, 6240, 6734, 6238, 6140",11
"6140",6140,"6040, 6139, 6039, 6041, 1284, 6340, 6241, 6142, 6141",9
"6141",6141,"6041, 6140, 5941, 6040, 6042, 3493, 6341, 6143, 6240, 6241, 6142",11
"6142",6142,"6042, 6141, 5942, 6043, 6140, 6041, 6342, 6243, 6144, 6241, 6242, 6143",12
"6143",6143,"6043, 6142, 985, 5943, 6042, 6044, 6141, 6343, 6244, 6145, 6242, 6243",12
"6144",6144,"6044, 381, 5944, 6043, 6045, 6142, 518, 6344, 6245, 6146, 6244, 6145",12
"6145",6145,"6045, 6144, 5993, 6044, 6046, 6143, 6345, 6147, 6244, 6245, 6146",11
"6146",6146,"6145, 6045, 6047, 6144, 8122, 9233, 6346, 6247, 6245, 6246, 6147",11
"6147",6147,"6047, 6146, 6046, 843, 1925, 6145, 8519, 6805, 6248, 6149, 6246, 6247, 6148",13
"6148",6148,"3432, 6048, 6147, 5948, 6047, 1423, 6348, 6249, 6150, 6247, 6248, 6149",12
"6149",6149,"6049, 6148, 5949, 6048, 6050, 6147, 2226, 8754, 7395, 6248, 6249",11
"6150",6150,"6050, 5950, 6049, 6051, 6148, 6350, 6152, 6249",8
"6151",6151,"6051, 5951, 3331, 6052, 1361, 1850, 6925, 6351, 6252, 6250, 9568, 6251, 6152",13
"6152",6152,"6052, 6151, 5952, 6051, 6053, 6150, 8643, 6352, 6253, 6154, 6251, 6252, 6153",13
"6153",6153,"6053, 6152, 5953, 6052, 4472, 8171, 6353, 6254, 6155, 6252, 6253, 6154",12
"6154",6154,"6054, 6153, 5954, 6053, 6055, 6152, 6354, 6255, 6156, 6253, 6254, 6155",12
"6155",6155,"1996, 6055, 6154, 1269, 6054, 4752, 6153, 1657, 9879, 9613, 6254, 7949, 6255, 6156",14
"6156",6156,"6056, 6155, 6055, 6057, 6154, 1570, 6257, 6158, 6255, 6256",10
"6157",6157,"3182, 6057, 5957, 6056, 6058, 1554, 6357, 6159, 6257, 6158, 9285",11
"6158",6158,"3791, 6157, 5958, 6059, 6156, 8469, 6358, 6257, 7250, 7508, 8601, 6159",12
"6159",6159,"6059, 6158, 5959, 6058, 6060, 6157, 9470, 6359, 7199, 6258, 6259, 6160",12
"6160",6160,"270, 6060, 6159, 5960, 6059, 6061, 4303, 3432, 6360, 6261, 6259, 6260, 6161",13
"6161",6161,"2589, 6061, 6160, 84, 5961, 6060, 6062, 6262, 6163, 6261, 6162",11
"6162",6162,"6062, 6161, 5962, 6061, 6779, 6263, 6164, 6201, 6262, 6163",10
"6163",6163,"6063, 6162, 314, 5963, 6062, 6064, 6161, 1213, 9744, 7000, 6264, 6165, 6317, 6263, 6164",15
"6164",6164,"2508, 6163, 5964, 6063, 6065, 6162, 6616, 6265, 6166, 6263, 6264, 6165",12
"6165",6165,"6065, 6164, 312, 5965, 6064, 6066, 6163, 6365, 6266, 6167, 6264, 6265, 6166",13
"6166",6166,"6066, 6165, 5966, 6065, 6164, 9031, 7481, 7525, 6168, 6265, 6266, 6167",12
"6167",6167,"3381, 6166, 5967, 6066, 6068, 6165, 8213, 6367, 9286, 6169, 6266, 6267, 6168",13
"6168",6168,"6068, 6167, 6067, 6069, 6166, 4695, 3342, 6368, 6267, 6268",10
"6169",6169,"5969, 6068, 6070, 6167, 6270, 6171, 6268, 8012, 6170",9
"6170",6170,"298, 5970, 6069, 6071, 162, 6169, 6370, 6271, 6269, 8994, 6270, 6171",12
"6171",6171,"6071, 6170, 5971, 6072, 6169, 6272, 6270, 7249, 6271, 6172",10
"6172",6172,"6072, 6171, 3696, 5972, 6071, 6073, 1660, 7411, 6372, 6273, 6174, 8286, 7229, 6173",14
"6173",6173,"6073, 6172, 4880, 6072, 6074, 6175, 6272, 8901, 6273, 6174",10
"6174",6174,"6074, 6173, 5974, 6073, 6075, 6172, 6374, 6275, 6176, 6273, 6274, 6175",12
"6175",6175,"6174, 5975, 6074, 6076, 6173, 6375, 6274, 6275",8
"6176",6176,"6076, 5232, 4052, 1081, 6077, 6174, 6376, 6277, 6178, 6275, 6276",11
"6177",6177,"1812, 6077, 2345, 5977, 6076, 6078, 3488, 6377, 6278, 6179, 6276, 6277, 7430",13
"6178",6178,"6078, 6176, 6378, 6279, 6180, 6277, 8648, 6278, 6179",9
"6179",6179,"6079, 6178, 1740, 5979, 5895, 6177, 3838, 6379, 6278, 8808, 6279",11
"6180",6180,"2281, 5980, 6081, 6178, 6380, 6281, 6182, 6279, 7928, 6280",10
"6181",6181,"6081, 2137, 3787, 5361, 5981, 6080, 6082, 5014, 3569, 7532, 6282, 6183, 6280, 6281, 6182",15
"6182",6182,"6082, 6181, 5982, 6081, 6083, 6180, 6382, 6283, 6184, 6281, 6282, 6183",12
"6183",6183,"6083, 6182, 6082, 6084, 6181, 8002, 6383, 6284, 6185, 6282, 6283, 6184",12
"6184",6184,"6084, 6183, 4632, 5984, 6083, 6085, 6182, 5490, 6384, 6285, 6186, 6283, 6284",13
"6185",6185,"6085, 3895, 5985, 6084, 6183, 6385, 6187, 6284, 6285, 6186",10
"6186",6186,"6086, 6185, 5986, 673, 6184, 6386, 6287, 6188, 6285, 6286, 6187",11
"6187",6187,"6087, 6186, 5987, 6086, 6185, 7722, 6387, 6288, 6189, 6286, 6188",11
"6188",6188,"1759, 6187, 2750, 5859, 5988, 117, 6089, 6186, 6593, 6388, 6289, 6190, 6287, 6288, 6189",15
"6189",6189,"211, 6188, 847, 5989, 6090, 6187, 2925, 6389, 6290, 8337, 6288, 6289, 6190",13
"6190",6190,"6090, 6189, 5990, 6089, 3551, 6188, 6390, 6291, 6192, 6289, 6290, 6191",12
"6191",6191,"6091, 6190, 5991, 6090, 6092, 6391, 6796, 6193, 6291, 6192",10
"6192",6192,"6092, 6191, 6093, 6190, 6392, 6293, 6194, 7652, 6292, 6193",10
"6193",6193,"6093, 6192, 2185, 5993, 6092, 6191, 6788, 6393, 8150, 6195, 6292, 6293, 6194",13
"6194",6194,"6094, 6193, 5994, 6093, 6095, 6192, 1920, 7322, 6332, 6394, 6196, 6293, 9621, 6294, 6195",15
"6195",6195,"6095, 6194, 3242, 5144, 5995, 6094, 6096, 6193, 6395, 6296, 6197, 6294, 7667, 6196",14
"6196",6196,"1481, 6195, 2885, 6095, 6097, 6194, 3616, 6396, 6198, 6295, 6296, 6197",12
"6197",6197,"6097, 6196, 5997, 6096, 6195, 6397, 8099, 6199, 6296, 6297, 6198",11
"6198",6198,"6098, 6197, 1356, 5998, 6097, 6099, 6196, 6398, 6299, 6200, 6297, 6298, 6199",13
"6199",6199,"6198, 2002, 5999, 6100, 6197, 6399, 6300, 6298, 6299, 6200",10
"6200",6200,"6100, 6199, 6000, 6099, 6198, 6400, 6299, 6300",8
"6201",6201,"6101, 560, 6102, 6162, 6401, 6302, 6203, 6301, 6202",9
"6202",6202,"6102, 6201, 6002, 6101, 6103, 6402, 6303, 6204, 6301, 6302, 6203",11
"6203",6203,"2181, 6103, 6202, 6003, 6102, 6104, 6201, 1439, 6304, 6205, 6303, 6204",12
"6204",6204,"6104, 6203, 6004, 6103, 6105, 6202, 6404, 6305, 6206, 6304, 6205",11
"6205",6205,"6105, 6204, 2948, 3298, 5178, 6005, 6104, 6106, 6203, 7794, 7179, 6746, 6405, 6306, 6207, 6304, 9015, 6206",18
"6206",6206,"6106, 6205, 6006, 6105, 6107, 6204, 6241, 6523, 6406, 6307, 6208, 6305, 7986, 6306, 6207",15
"6207",6207,"6107, 6206, 6007, 6106, 6108, 6205, 6407, 6308, 6209, 6306, 6748, 6307, 6208",13
"6208",6208,"1588, 6207, 6008, 6071, 6107, 6109, 6206, 8012, 6408, 6309, 6210, 6307, 6308, 6209",14
"6209",6209,"325, 6109, 6208, 6009, 6108, 6110, 6207, 2567, 6409, 6310, 6211, 6320, 6210",13
"6210",6210,"6209, 6010, 6109, 6111, 6208, 6410, 6311, 6212, 6309, 7499, 6310, 6211",12
"6211",6211,"3139, 5195, 6111, 6210, 6011, 6110, 6112, 6209, 6411, 6312, 6213, 6310, 6212",13
"6212",6212,"5844, 6112, 6211, 3857, 6012, 6111, 6113, 6210, 8172, 6412, 6214, 6311, 6312",13
"6213",6213,"6113, 6013, 4267, 6114, 6211, 6413, 6314, 6215, 6312, 8630, 6214, 7421",12
"6214",6214,"3905, 6014, 6113, 5684, 6212, 6213, 6414, 6315, 6216, 6313, 6743, 6314, 6215",13
"6215",6215,"6115, 6214, 4936, 6015, 6114, 6116, 6213, 6415, 6217, 6314, 6315, 6216",12
"6216",6216,"6116, 6215, 6016, 6115, 6214, 6317, 6218, 6315, 6316, 6217",10
"6217",6217,"6216, 1063, 2881, 6118, 6215, 9938, 6417, 6318, 6219, 6316, 6218",11
"6218",6218,"6118, 6217, 807, 6018, 290, 6119, 6216, 925, 6418, 6319, 6220, 6317, 6219",13
"6219",6219,"6119, 6218, 6019, 6118, 6120, 6217, 6419, 6320, 6318, 6319, 6220",11
"6220",6220,"2986, 6120, 6219, 6020, 6119, 6121, 6218, 9238, 6420, 6321, 6222, 6319, 6320, 6221",14
"6221",6221,"6121, 6220, 6021, 6120, 6122, 4944, 8654, 6421, 6322, 6223, 6320, 6321, 6222",13
"6222",6222,"6122, 6221, 6022, 6121, 6123, 6220, 330, 6323, 6224, 6321, 6322, 9834",12
"6223",6223,"6122, 6124, 6221, 4157, 6224, 6407, 8676, 6324, 6322",9
"6224",6224,"6124, 6223, 6024, 6125, 6222, 8797, 6424, 6325, 6226, 6323, 6324, 6225",12
"6225",6225,"6125, 6224, 2529, 6124, 6126, 6425, 6326, 6227, 6324, 6325, 6226",11
"6226",6226,"6225, 2464, 6026, 6125, 6127, 6224, 1028, 6426, 6327, 6228, 6325",11
"6227",6227,"6127, 4652, 6027, 6126, 6128, 6225, 6427, 6328, 6229, 6326, 6327, 6228",12
"6228",6228,"6128, 6227, 6028, 6127, 6226, 6428, 6329, 6230, 6327, 6328, 6229",11
"6229",6229,"6129, 6228, 6029, 6128, 6130, 6227, 2076, 6330, 6231, 6328, 6933, 6329",12
"6230",6230,"6130, 6030, 6129, 6131, 6228, 6735, 6430, 6331, 6232, 6329, 6330, 6231",12
"6231",6231,"160, 6131, 6230, 1105, 6031, 6130, 6132, 6229, 6431, 6332, 6233, 6330, 6331, 6232",14
"6232",6232,"6132, 6231, 6131, 6133, 6230, 6432, 6234, 6331, 9198, 6233",10
"6233",6233,"784, 6232, 6033, 6132, 6231, 8163, 7180, 6433, 6334, 6235, 6332, 6333, 6234",13
"6234",6234,"3234, 6134, 6233, 5766, 6034, 6133, 6135, 6232, 6235, 6690, 6434, 6335, 6236, 6333",14
"6235",6235,"6234, 6035, 6134, 6136, 6233, 6435, 6336, 6237, 6334, 6335, 6236",11
"6236",6236,"6235, 6036, 6135, 6137, 6234, 1501, 6631, 6337, 6238, 6335, 6336",11
"6237",6237,"623, 6137, 2542, 6138, 6235, 6437, 6338, 6336, 6337, 6238",10
"6238",6238,"6138, 6237, 617, 5242, 6137, 6139, 6236, 6438, 6337, 6338, 6239",11
"6239",6239,"6238, 6039, 6138, 1143, 9189, 6338, 6339, 6240",8
"6240",6240,"2669, 5270, 1186, 6239, 1470, 6040, 6139, 6141, 6440, 6242, 6339, 6792",12
"6241",6241,"6141, 6100, 6206, 6140, 6142, 6342, 6243, 6340, 6341, 6242",10
"6242",6242,"6142, 6241, 6135, 6042, 6143, 587, 6240, 6343, 6244, 6341, 6342, 6243",12
"6243",6243,"4585, 6143, 6242, 6043, 6142, 6241, 6443, 6344, 6245, 7212, 6343, 6244",12
"6244",6244,"6144, 6243, 4680, 6044, 6143, 6145, 6242, 4399, 9685, 6444, 6345, 6246, 8557, 6344, 6245",15
"6245",6245,"6145, 6244, 6045, 6144, 6146, 6243, 6445, 6346, 6247, 6344, 6345, 6246",12
"6246",6246,"2195, 6146, 6245, 5905, 2187, 6147, 6244, 6347, 6248, 6345, 8681, 6346, 6247",13
"6247",6247,"6147, 6246, 6047, 6146, 6148, 6245, 6447, 8527, 6249, 6346, 6347, 6248",12
"6248",6248,"6148, 6247, 6048, 6147, 6149, 6246, 2454, 6448, 6349, 6250, 6347, 6348",12
"6249",6249,"6149, 6049, 6148, 6150, 6247, 6449, 6350, 6251, 6348, 6349, 6250",11
"6250",6250,"6249, 1484, 6050, 6151, 6248, 8708, 6450, 6351, 6349, 6350, 6251",11
"6251",6251,"6151, 6250, 429, 4264, 4476, 6067, 6152, 6249, 6352, 6253, 6350, 8319, 8670, 6252",14
"6252",6252,"6152, 6251, 276, 6052, 6151, 6153, 3818, 1659, 4469, 6452, 6352, 6253",12
"6253",6253,"6153, 6252, 6053, 6152, 6154, 6251, 6453, 6354, 6352, 6353, 6254",11
"6254",6254,"6154, 6253, 5970, 6054, 6153, 6155, 6355, 6256, 6353, 6761, 6354",11
"6255",6255,"6155, 2951, 6055, 6154, 6156, 1257, 9022, 8268, 6455, 6356, 6257, 6355, 6256",13
"6256",6256,"6156, 6255, 6056, 5172, 6254, 2429, 8388, 6357, 6258, 8711",10
"6257",6257,"6157, 3896, 6057, 6156, 6158, 6255, 6457, 6358, 6259, 6356, 6357, 6258",12
"6258",6258,"2439, 6257, 6058, 6159, 6256, 5400, 894, 9659, 6458, 6260, 6358",11
"6259",6259,"6159, 6059, 1482, 6160, 6257, 480, 6459, 6360, 6261, 6358, 6260",11
"6260",6260,"6160, 6259, 6060, 9, 6258, 6343, 6460, 6361, 6262, 6359, 6360, 6261",12
"6261",6261,"6161, 6260, 966, 6061, 6160, 6259, 6362, 6263, 6360, 6361, 6262",11
"6262",6262,"6162, 6261, 1820, 5239, 6062, 6161, 6260, 5922, 6462, 6264, 6361",11
"6263",6263,"4581, 6163, 1901, 6063, 6162, 6164, 6261, 6463, 6364, 6265, 9966, 6363, 6264, 6419",14
"6264",6264,"6164, 6263, 6165, 6262, 6163, 6464, 6365, 6266, 6363, 6364, 6265",11
"6265",6265,"6165, 6264, 6065, 6166, 6263, 6164, 9995, 6465, 6366, 6267, 6364, 6365, 6266",13
"6266",6266,"6166, 6265, 3488, 4274, 6066, 6165, 6167, 6264, 178, 5427, 9603, 6367, 6268, 6366, 6267",15
"6267",6267,"4503, 6167, 6266, 6067, 6168, 6265, 5257, 3009, 6467, 6368, 6269, 6366, 6268",13
"6268",6268,"6168, 6267, 1295, 2760, 6068, 6169, 6266, 4595, 6135, 6468, 6369, 6270, 6368, 6269",14
"6269",6269,"6268, 6069, 6170, 6267, 7384, 6469, 6370, 6271, 6368, 6369, 6270",11
"6270",6270,"6170, 6269, 6070, 6171, 6268, 6169, 9360, 6470, 6371, 6272, 6369, 6370, 6271",13
"6271",6271,"6171, 6270, 6170, 6269, 6996, 6471, 6372, 6273, 6370, 6371, 6272",11
"6272",6272,"6271, 6072, 6173, 6270, 6171, 6472, 6373, 6371, 6372, 6273",10
"6273",6273,"6173, 6272, 6073, 6172, 6174, 6271, 6719, 6473, 6374, 6275, 6373, 6274",12
"6274",6274,"6174, 6273, 3415, 3570, 6175, 6474, 6375, 6276, 6373, 6287, 6374, 6275",12
"6275",6275,"6175, 6274, 4056, 6075, 6174, 6176, 6273, 3013, 6475, 6376, 6277, 6375, 6276",13
"6276",6276,"4179, 6176, 6275, 6177, 6274, 6476, 6377, 6278, 6375, 7116, 6376, 6277",12
"6277",6277,"293, 2242, 6177, 6276, 580, 3749, 6176, 6178, 6275, 6477, 6378, 6279, 6376, 6278",14
"6278",6278,"6178, 6277, 2351, 6177, 6179, 6276, 6478, 6379, 6280, 6377, 8653, 6279",12
"6279",6279,"6179, 6278, 6079, 6178, 6180, 6277, 9032, 6479, 8920, 6281, 6378, 6379, 6280",13
"6280",6280,"6180, 6279, 6080, 3703, 6181, 6278, 8763, 6480, 6381, 6282, 6379, 6380, 6281",13
"6281",6281,"5460, 6181, 6280, 6081, 6180, 6182, 6279, 6481, 6382, 6283, 6381, 6282",12
"6282",6282,"6182, 6281, 6082, 6181, 6183, 6280, 6482, 6284, 6381, 6382, 6283",11
"6283",6283,"6183, 6282, 6182, 6184, 6281, 6483, 6384, 6285, 6382, 6383, 6284",11
"6284",6284,"6184, 6283, 3366, 6084, 6183, 6185, 6282, 9290, 6484, 6385, 6286, 6383, 7035, 6285",14
"6285",6285,"43, 6185, 6284, 2417, 2749, 6085, 6184, 6186, 6283, 6485, 6386, 6287, 6384, 6385, 6286",15
"6286",6286,"6186, 6285, 6086, 6187, 6284, 6959, 6486, 6387, 6288, 6385, 7420, 6386, 6287",13
"6287",6287,"6286, 6186, 6188, 6274, 6285, 5135, 6388, 6289, 6386, 6387",10
"6288",6288,"6188, 1051, 6187, 6189, 6286, 9862, 6488, 6389, 6290, 6387, 7467, 6388, 6289",13
"6289",6289,"6189, 6288, 1611, 1565, 6089, 6188, 6190, 6287, 6489, 6390, 6291, 6388, 6389, 6290",14
"6290",6290,"6190, 6289, 6090, 6189, 6288, 2572, 4753, 6344, 8607, 6490, 6391, 6390, 6291",13
"6291",6291,"6191, 6290, 6091, 6190, 6289, 6491, 8366, 6293, 6390, 6391, 6292",11
"6292",6292,"6192, 6291, 705, 4279, 5898, 6092, 6193, 6492, 6393, 6391, 6392, 6293",12
"6293",6293,"6193, 6292, 6093, 6192, 6194, 6291, 6493, 6394, 6295, 6392, 6393, 6294",12
"6294",6294,"6194, 6293, 6195, 2877, 7609, 6494, 6395, 6296, 6393, 6394, 6295",11
"6295",6295,"6294, 6196, 6293, 6495, 6396, 6297, 6394, 6296",8
"6296",6296,"6196, 6295, 2484, 6096, 6195, 6197, 6294, 6397, 6298, 6395, 8375, 6396, 6297",13
"6297",6297,"6197, 6296, 6097, 6198, 6295, 9493, 6497, 6396, 6481, 6397",10
"6298",6298,"6198, 4375, 6098, 6199, 6296, 6498, 6399, 6300, 6397, 6398, 6299",11
"6299",6299,"6199, 6298, 6099, 6198, 6200, 6499, 6400, 7273, 8511, 6399, 6300",11
"6300",6300,"6200, 6299, 6100, 6199, 6298, 6500, 6399, 6400",8
"6301",6301,"6029, 6201, 5627, 6202, 9063, 8187, 7913, 6501, 6402, 6303, 8507, 6401",12
"6302",6302,"6202, 6108, 6102, 6201, 9743, 6502, 6304, 6401, 6402, 6303",10
"6303",6303,"6203, 6302, 4288, 6103, 6202, 6301, 8758, 6503, 6404, 6305, 6402, 6403, 6304",13
"6304",6304,"6204, 6303, 6104, 6203, 6205, 6302, 1738, 1676, 6504, 6405, 6306, 6403, 6305",13
"6305",6305,"6304, 3499, 6105, 6204, 6206, 6303, 6406, 6307, 6404, 6405, 6306",11
"6306",6306,"3856, 6206, 6305, 6106, 6205, 6207, 6304, 5548, 6506, 6407, 6308, 6406, 6307",13
"6307",6307,"6207, 6306, 6206, 6208, 6305, 6408, 9395, 6406, 6308",9
"6308",6308,"6208, 6108, 6207, 1127, 6306, 6307, 6508, 6409, 6310, 6407, 6408, 6309",12
"6309",6309,"6308, 867, 6109, 6208, 6210, 6008, 7071, 6509, 6410, 6311, 6408, 6409",12
"6310",6310,"3740, 6210, 230, 6110, 6209, 6211, 6308, 4172, 2010, 6510, 6312, 6409, 6410, 6311, 6417",15
"6311",6311,"2060, 6310, 6111, 6210, 6212, 6309, 5159, 8202, 6511, 6412, 6313, 6410, 6312",13
"6312",6312,"6212, 6311, 6112, 6211, 6213, 6310, 6512, 6413, 6314, 6411, 6412, 6313",12
"6313",6313,"6312, 6113, 6214, 6311, 9271, 6513, 6414, 6315, 6412, 9751, 6314",11
"6314",6314,"6214, 295, 6213, 6215, 6312, 6313, 7722, 7605, 6514, 6415, 6316, 6413, 6414, 6315",14
"6315",6315,"6215, 6314, 2479, 5087, 6115, 6214, 6216, 6313, 6515, 6416, 6414, 6415, 6316",13
"6316",6316,"2576, 6216, 6315, 6116, 6217, 6314, 6516, 6417, 6318, 6415, 8351, 8440, 6416, 6317",14
"6317",6317,"1215, 6163, 6316, 6117, 6218, 635, 6216, 8247, 6517, 6418, 6319, 6416, 6417, 6318",14
"6318",6318,"6317, 6118, 6217, 6219, 6316, 5027, 7164, 6518, 6419, 6320, 6319",11
"6319",6319,"6219, 6318, 6054, 6119, 6218, 6220, 6317, 6668, 6420, 6321, 6418, 6419",12
"6320",6320,"6220, 6209, 6120, 6219, 6221, 6318, 6520, 6421, 6322, 6419, 6420, 6321",12
"6321",6321,"6221, 6320, 5726, 6121, 6220, 6222, 6319, 3382, 6422, 6420, 6421, 6322",12
"6322",6322,"816, 1691, 6222, 6321, 2010, 3152, 4116, 6122, 6221, 6223, 6320, 6522, 6423, 6324, 6421, 6422, 6323",17
"6323",6323,"6322, 6123, 6222, 6224, 3632, 6523, 6424, 6422, 6324",9
"6324",6324,"6224, 6323, 6124, 6223, 6225, 6322, 6629, 6524, 6425, 6326, 6423, 6424, 6325",13
"6325",6325,"382, 6225, 6324, 2397, 4778, 6125, 6224, 6226, 7145, 6525, 6426, 6327, 9278, 6425, 6326",15
"6326",6326,"6325, 6126, 6225, 6227, 6324, 9399, 6328, 6425, 9492, 6426, 6327",11
"6327",6327,"6227, 6326, 4186, 6127, 6226, 6228, 6325, 6527, 6329, 6427, 6328",11
"6328",6328,"1891, 3350, 6228, 6327, 2969, 4886, 6227, 6229, 494, 6326, 6330, 6428, 6329",13
"6329",6329,"6229, 6328, 158, 6129, 6228, 6230, 6327, 6529, 6430, 6331, 6428, 9406, 6429",13
"6330",6330,"6230, 6130, 6231, 6328, 6229, 6433, 6530, 6431, 6332, 6429, 6430, 6331",12
"6331",6331,"6231, 6330, 6131, 6230, 6232, 6329, 4312, 6531, 6430, 6431, 8758",11
"6332",6332,"3875, 6132, 6231, 6233, 6330, 6194, 5170, 6532, 9512, 6431, 6333",11
"6333",6333,"6233, 6332, 6133, 1015, 6234, 6434, 6335, 6433",8
"6334",6334,"6134, 6233, 6235, 6426, 7180, 6738, 6435, 6433, 6434, 6335, 7721",11
"6335",6335,"6235, 6334, 6135, 6234, 6236, 6333, 6773, 6535, 6436, 9039, 6434, 6435, 6336",13
"6336",6336,"6236, 6335, 6136, 6235, 6237, 705, 4647, 9783, 6437, 6338, 6435, 9495, 6436, 6337",14
"6337",6337,"6237, 6336, 6137, 6236, 6238, 8308, 7153, 8976, 6438, 6339, 6437",11
"6338",6338,"5656, 6238, 2419, 1044, 2355, 6237, 6239, 6336, 6538, 6439, 6437, 6438, 6339",13
"6339",6339,"6239, 6338, 4611, 2494, 878, 6240, 6337, 6539, 6440, 6341, 6438, 6439, 6340",13
"6340",6340,"5056, 6339, 6140, 921, 6241, 6540, 6441, 6342, 6439, 8317, 6440, 6341",12
"6341",6341,"6241, 6340, 6141, 6242, 6339, 5922, 6440, 8916, 6441, 8505",10
"6342",6342,"6242, 6142, 6241, 6340, 997, 8882, 6542, 6443, 6344, 6441, 9809, 7251, 6442",13
"6343",6343,"6243, 6143, 6260, 6242, 829, 3170, 6444, 6345, 6442, 6443",10
"6344",6344,"6244, 6144, 6290, 6243, 6245, 6342, 18, 6741, 6346, 6443, 6444, 6345",12
"6345",6345,"6245, 6344, 6145, 6244, 6246, 6343, 9190, 7006, 6545, 6952, 6347, 6445, 6346",13
"6346",6346,"6246, 6345, 6146, 6245, 6247, 6344, 6546, 6447, 6348, 6445, 6446, 6347",12
"6347",6347,"4957, 6247, 6346, 6248, 6345, 5410, 6246, 6547, 6349, 6446, 6447, 6348",12
"6348",6348,"6248, 6347, 6148, 6249, 6346, 6548, 6350, 6447, 7967, 6349",10
"6349",6349,"4905, 6249, 6348, 6248, 6250, 6347, 3266, 8082, 6450, 6351, 6448, 6449, 6350",13
"6350",6350,"6250, 6349, 4419, 6150, 6249, 6251, 6348, 6550, 6451, 6352, 6449, 6450, 6351",13
"6351",6351,"6350, 6151, 6250, 6349, 6551, 6452, 6353, 6450, 6451, 6352",10
"6352",6352,"6252, 6351, 4892, 6152, 6251, 6253, 6350, 6552, 9263, 6354, 6451, 6452, 6353",13
"6353",6353,"6253, 6352, 6153, 6254, 6351, 6553, 7347, 6355, 6452, 8112, 6453, 6354",12
"6354",6354,"6254, 6353, 6154, 6253, 4115, 6352, 2021, 6455, 6356, 6453, 9019, 6355",12
"6355",6355,"6255, 6354, 4826, 1261, 6254, 6353, 6555, 6873, 6357, 6454, 9357, 6356",12
"6356",6356,"1665, 6355, 6255, 6257, 6354, 6556, 6457, 7664, 6455, 6456, 6357",11
"6357",6357,"6257, 6356, 6157, 6256, 6355, 8167, 6557, 6458, 6359, 6456, 6457, 6358",12
"6358",6358,"6258, 6357, 6158, 6257, 6259, 7116, 6558, 6459, 6360, 6457, 6458, 6359",12
"6359",6359,"6358, 6159, 3409, 6260, 6357, 1270, 6559, 6361, 6458, 6459",10
"6360",6360,"6260, 4943, 6160, 6259, 6261, 6358, 5670, 6560, 6461, 6362, 6459, 6460",12
"6361",6361,"6261, 2671, 6260, 6262, 6359, 1632, 6561, 6462, 6363, 6460, 6362",11
"6362",6362,"1289, 5016, 6361, 6261, 6360, 6562, 6463, 6364, 6461, 6462, 6363",11
"6363",6363,"6263, 6362, 3814, 6264, 6361, 7597, 6563, 6462, 6463",9
"6364",6364,"6264, 189, 6263, 6265, 6362, 8084, 6564, 6465, 6366, 6463, 6464, 6365",12
"6365",6365,"113, 6265, 6364, 6165, 6264, 136, 6565, 6367, 6464, 9359, 6366",11
"6366",6366,"6266, 6365, 6265, 6267, 6364, 6566, 6467, 6368, 6465, 6466, 6367",11
"6367",6367,"6366, 2886, 6167, 6266, 6365, 6567, 6369, 6466, 6467, 6368",10
"6368",6368,"5426, 6268, 6367, 2997, 6168, 6267, 6269, 6366, 6568, 6469, 6370, 6467, 6468, 6369",14
"6369",6369,"6269, 6368, 6268, 6270, 6367, 8131, 6569, 6470, 6371, 6468, 6469, 6370",12
"6370",6370,"6270, 6369, 6170, 6269, 6271, 6368, 9212, 6689, 6471, 6372, 6469, 6470, 6371",13
"6371",6371,"5583, 4580, 6271, 6370, 2265, 6270, 6272, 6369, 6571, 6472, 6373, 6470, 6381, 6471, 6372",15
"6372",6372,"2667, 6272, 6371, 4848, 6172, 6271, 6370, 2880, 8865, 6572, 6473, 6374, 6471, 6472",14
"6373",6373,"6273, 5625, 3414, 6272, 6274, 6371, 7441, 6573, 6474, 6375, 6472, 9778, 7383, 6473",14
"6374",6374,"3861, 6274, 4557, 6174, 6273, 6372, 6475, 9617, 6375, 9197",10
"6375",6375,"6275, 6175, 6274, 6276, 6373, 6374, 6575, 6476, 6377, 6474, 6475, 6376",12
"6376",6376,"6276, 6375, 3546, 6176, 6275, 6277, 3373, 6576, 6378, 6475, 6377",11
"6377",6377,"4201, 6376, 1842, 6177, 6276, 6278, 6375, 6478, 6379, 6476, 8296, 6477, 6378",13
"6378",6378,"2543, 6377, 2256, 6178, 6277, 6279, 6376, 7341, 6578, 6479, 6380, 6478, 6379",13
"6379",6379,"6279, 6378, 2232, 6179, 6278, 6280, 6377, 4746, 7953, 6579, 6381, 6940, 6479",13
"6380",6380,"6280, 5248, 4187, 6180, 6378, 8537, 6580, 6481, 6382, 6479, 9073, 8754",12
"6381",6381,"6281, 4447, 6371, 6280, 6282, 6379, 2078, 6581, 6482, 6383, 6480, 6382",12
"6382",6382,"6282, 6381, 6182, 6281, 6283, 6380, 6582, 6483, 6384, 6481, 8844, 6482, 6383",13
"6383",6383,"6283, 6382, 5942, 6183, 3370, 6284, 6381, 6583, 6484, 6385, 6482, 6483, 6384",13
"6384",6384,"6383, 6184, 6283, 6285, 6382, 6584, 6485, 6386, 6483, 6484, 6385",11
"6385",6385,"6285, 6384, 649, 6185, 6284, 6286, 6383, 6486, 6387, 6485",10
"6386",6386,"6286, 6186, 6285, 6287, 6384, 8598, 6586, 6388, 6485, 6486, 6387, 9030",12
"6387",6387,"6287, 6386, 6187, 6286, 6288, 6385, 6488, 6389, 6486, 6487, 6388",11
"6388",6388,"6288, 6387, 3388, 5336, 6188, 6287, 6289, 6386, 6489, 6390, 6487, 6488, 6389",13
"6389",6389,"5759, 6289, 6388, 6189, 6288, 6387, 4563, 6589, 6391, 6488, 9209, 6390",12
"6390",6390,"6290, 6389, 3849, 4627, 6190, 6289, 6291, 6388, 6590, 6491, 6392, 6489, 6490, 6391",14
"6391",6391,"6291, 6390, 6191, 6290, 6292, 6389, 673, 6492, 6393, 6490, 6491, 6392",12
"6392",6392,"6292, 6391, 6192, 6293, 6390, 6393, 6592, 6493, 6394, 6491",10
"6393",6393,"285, 4367, 6293, 6392, 6193, 6292, 6294, 6391, 9800, 6494, 6395, 6492, 6493, 6394",14
"6394",6394,"765, 1444, 6294, 6393, 1529, 6194, 6293, 6295, 6392, 7909, 9244, 6594, 6495, 6396, 6395",15
"6395",6395,"2250, 6394, 6195, 6294, 6296, 6393, 6595, 6496, 6397, 6494, 6495, 6396",12
"6396",6396,"2881, 6296, 6395, 1288, 5629, 6196, 6295, 6297, 6394, 6596, 6497, 6398, 6495, 6496, 6397",15
"6397",6397,"6297, 6396, 6197, 6296, 6298, 6395, 6597, 6498, 6496, 6497, 6398",11
"6398",6398,"6298, 6397, 4245, 6198, 734, 6396, 5301, 6598, 6499, 6497, 6498, 6399",12
"6399",6399,"6299, 6398, 6199, 6298, 6300, 2102, 6599, 6500, 6499, 6400",10
"6400",6400,"6300, 6399, 1598, 6200, 6299, 6600, 6499, 6500",8
"6401",6401,"1922, 6301, 6201, 6302, 6502, 6403, 6402",7
"6402",6402,"1291, 6302, 5184, 6202, 6301, 6303, 6401, 6602, 6503, 6404, 6501, 6502, 6403",13
"6403",6403,"2562, 6303, 6402, 2263, 3372, 864, 6304, 6401, 6603, 6504, 6405, 6502, 6503, 6404",14
"6404",6404,"428, 6403, 4181, 6204, 6303, 6305, 6402, 6604, 6505, 6503, 6504, 6405",12
"6405",6405,"6305, 6404, 6205, 6304, 6403, 1693, 9456, 6605, 6506, 6407, 6505, 6406",12
"6406",6406,"6306, 6405, 6206, 6305, 6307, 4211, 768, 5145, 6544, 6606, 6507, 7128, 6506, 6407",14
"6407",6407,"6406, 1928, 6223, 6207, 6306, 6308, 6405, 5223, 6607, 6507, 6408",11
"6408",6408,"6308, 6407, 6208, 6307, 6309, 6608, 6509, 6410, 6507, 6508",10
"6409",6409,"6309, 1306, 6209, 6308, 6310, 5900, 6609, 6510, 6508, 6509, 6410",11
"6410",6410,"3965, 6310, 6409, 6210, 6309, 6311, 6408, 6610, 6511, 6412, 8417, 6510, 6411",13
"6411",6411,"2755, 5559, 6410, 6211, 6312, 6611, 6413, 6510, 6442, 6511, 6412",11
"6412",6412,"6312, 6411, 4414, 6212, 6311, 6313, 6410, 3932, 6513, 6414, 6413",11
"6413",6413,"6213, 6312, 6314, 6411, 6412, 9509, 8661, 6613, 6514, 6415, 6512, 6513",12
"6414",6414,"6314, 6214, 6313, 6315, 6412, 6614, 6515, 6416, 6514, 6415, 9878",11
"6415",6415,"6315, 6414, 2581, 6215, 6314, 6316, 6413, 8580, 6615, 6516, 6417, 6514, 6515",13
"6416",6416,"6316, 6315, 6317, 6414, 8716, 6616, 6517, 6418, 6515, 6516, 6417, 8065",12
"6417",6417,"6310, 6317, 6416, 6217, 6316, 6415, 6530, 6518, 6419, 6516, 8537, 6517, 6418",13
"6418",6418,"3158, 6417, 4662, 6218, 6317, 6319, 6416, 9088, 9263, 6618, 6519, 6420, 6517, 6518, 6419",15
"6419",6419,"6263, 6319, 6418, 6219, 6318, 6320, 6417, 6619, 6520, 6421, 8048, 6519, 6420",13
"6420",6420,"6320, 6419, 6220, 6319, 6321, 6418, 6620, 6521, 6422, 6519, 6520, 6421",12
"6421",6421,"6321, 6420, 2711, 6221, 6320, 6322, 6419, 1208, 6621, 6423, 6520, 8512, 6521, 6422",14
"6422",6422,"3530, 6322, 6421, 856, 2015, 2078, 6321, 6323, 6420, 1793, 8631, 6622, 9525, 6521, 6423",15
"6423",6423,"15, 6422, 6322, 6324, 6421, 6623, 6524, 6425, 6522, 6523, 6424",11
"6424",6424,"6324, 6423, 2902, 3672, 3890, 4789, 6224, 6323, 3901, 6624, 6525, 6426, 6523, 6524, 6425",15
"6425",6425,"6325, 6424, 6225, 6324, 6326, 6423, 6625, 6526, 6427, 6524, 6525, 6426",12
"6426",6426,"4954, 6326, 6425, 2637, 6226, 6325, 6334, 6424, 6626, 6527, 6428, 6525, 6427",13
"6427",6427,"6327, 6227, 6425, 6426, 6627, 6528, 6429, 6526, 6527, 6428",10
"6428",6428,"6328, 6427, 296, 6228, 1418, 6329, 6426, 6628, 6529, 7238, 6527, 6429",12
"6429",6429,"6329, 5364, 6330, 6427, 6428, 9930, 6530, 6431, 6528, 6529, 6430",11
"6430",6430,"5028, 6330, 6429, 6230, 6329, 6331, 6630, 6531, 6432, 6529, 6530, 9242",12
"6431",6431,"6331, 6231, 6330, 6332, 6429, 6631, 6532, 6433, 6530, 6531, 6432",11
"6432",6432,"6431, 1292, 6232, 1938, 3347, 6430, 6632, 6533, 6434, 6531, 6532, 6433",12
"6433",6433,"6333, 6432, 6233, 6334, 6431, 6330, 6633, 6534, 6435, 6533, 6434",11
"6434",6434,"3257, 6334, 6433, 6234, 6333, 6335, 6432, 9431, 6634, 6535, 6436, 6533, 8060, 6534",14
"6435",6435,"715, 6335, 3424, 6235, 6334, 6336, 6433, 9533, 6635, 6536, 6437, 6534, 6436, 7597",14
"6436",6436,"6336, 6435, 364, 1411, 6335, 5530, 6434, 6636, 6537, 6438, 6535, 6536, 6437",13
"6437",6437,"6337, 6436, 6237, 6336, 6338, 6435, 5454, 6637, 6538, 6439, 6536, 6438",12
"6438",6438,"6338, 6437, 6238, 6337, 6339, 6436, 1505, 6539, 6440, 6537, 6538",11
"6439",6439,"6339, 1336, 6338, 6340, 6437, 6639, 6540, 6441, 6538, 6539, 6440",11
"6440",6440,"6340, 6439, 6240, 6339, 6341, 6438, 1582, 6541, 6442, 6539, 6441",11
"6441",6441,"3379, 5432, 6341, 704, 6340, 6342, 6439, 6440, 6641, 6542, 6443, 6540, 6541, 6442",14
"6442",6442,"6342, 6441, 6343, 6411, 6440, 6642, 6543, 6444, 6541, 6499, 6542, 6443",12
"6443",6443,"6343, 6442, 2253, 6243, 6342, 6344, 6441, 3340, 7025, 6643, 6445, 6542, 6543, 6444",14
"6444",6444,"135, 6344, 6443, 6244, 6343, 4288, 6442, 6644, 6545, 6446, 6543, 6544, 6445",13
"6445",6445,"6345, 6444, 6245, 2018, 6346, 6443, 5112, 6545, 6645, 6447, 6544, 6446",12
"6446",6446,"5998, 6346, 6445, 6347, 6444, 7267, 6646, 6547, 7289, 6545, 6546",11
"6447",6447,"6347, 6247, 6346, 6348, 6445, 6647, 6548, 6449, 6546, 6547",10
"6448",6448,"866, 2064, 6248, 6349, 5012, 6648, 6549, 6450, 6548, 9954",10
"6449",6449,"3785, 6349, 6249, 6350, 6447, 7269, 6550, 6451, 6548, 7920, 7893, 6549, 6450",13
"6450",6450,"6350, 6449, 8, 2581, 6250, 6349, 6351, 6448, 1726, 8931, 6650, 6551, 6452, 6549, 6550, 6451",16
"6451",6451,"6351, 6450, 582, 6350, 6352, 6449, 794, 8639, 6651, 6552, 6453, 6550, 6551",13
"6452",6452,"6352, 1384, 6252, 6351, 6353, 6450, 8079, 6454, 6551, 6552, 6453",11
"6453",6453,"6353, 6452, 398, 6253, 6354, 6451, 6653, 6554, 6455, 6507, 6553, 6454",12
"6454",6454,"6453, 3921, 6355, 6452, 6654, 6555, 6553, 6554, 6455",9
"6455",6455,"6454, 6255, 6356, 6453, 6354, 6655, 6556, 6457, 6554, 6555, 6456",11
"6456",6456,"6356, 6455, 6357, 9673, 6656, 6557, 6458, 6555, 8688, 6556, 6457",11
"6457",6457,"1837, 6357, 6456, 4527, 6257, 6356, 6358, 6455, 6657, 6558, 6459, 6556, 6557",13
"6458",6458,"6358, 116, 3022, 6258, 6357, 6359, 6456, 6658, 6559, 6460, 6557, 6558, 6459, 7622",14
"6459",6459,"1859, 6359, 6458, 6259, 6358, 6360, 6457, 7946, 6659, 6560, 6461, 6558, 6559, 6460",14
"6460",6460,"6360, 6459, 6260, 6361, 6458, 3367, 8701, 6561, 6462, 6559, 6560, 6461",12
"6461",6461,"3396, 6460, 764, 6360, 6362, 6459, 6561, 6661, 6562, 6463, 6560, 6462",12
"6462",6462,"1810, 6362, 6461, 6262, 6361, 6363, 6460, 6662, 7186, 6464, 6561, 6562",12
"6463",6463,"6363, 6263, 6362, 6364, 6461, 6663, 6564, 6465, 6562, 6563, 6464",11
"6464",6464,"6364, 6463, 6264, 2150, 6365, 6462, 6664, 6565, 6466, 6563, 6564",11
"6465",6465,"3709, 218, 6265, 6364, 6366, 6463, 9153, 6566, 6564, 6565, 6466",11
"6466",6466,"3357, 6366, 6465, 408, 5063, 6367, 6464, 7954, 6567, 6468, 6565, 6566, 6467",13
"6467",6467,"6367, 6466, 6267, 6366, 6368, 6568, 6469, 6566, 6672, 6567, 6468",11
"6468",6468,"6368, 6467, 6268, 6369, 6466, 6668, 6569, 6470, 6567, 6867, 6568, 6469",12
"6469",6469,"6369, 6468, 6269, 6368, 6370, 6467, 9411, 7590, 6669, 6570, 6471, 6568, 6569, 6470",14
"6470",6470,"6370, 6469, 4275, 6270, 6369, 6371, 6468, 9473, 8242, 6571, 6472, 6569, 8981",13
"6471",6471,"6371, 2695, 6271, 6372, 6469, 6370, 6671, 6572, 6473, 6570, 6571, 6472, 8373",13
"6472",6472,"6372, 6471, 6272, 6371, 6373, 6470, 6672, 6573, 6474, 6571, 6572, 6473",12
"6473",6473,"6373, 6472, 6273, 6372, 6471, 9430, 6673, 6574, 8839, 6572, 6573, 6474",12
"6474",6474,"6473, 1236, 6274, 6373, 6375, 6472, 9512, 9870, 6674, 6476, 6573, 6574, 6475",13
"6475",6475,"6375, 6474, 6275, 6374, 6376, 8297, 6675, 6576, 6477, 6574, 6575, 6476",12
"6476",6476,"6475, 6276, 6375, 6377, 6474, 5323, 3033, 279, 6577, 8836, 6477",11
"6477",6477,"6377, 6476, 1723, 6277, 1173, 6475, 9856, 8013, 6677, 6578, 6479, 9696, 6577, 6478",14
"6478",6478,"6378, 6477, 6278, 6377, 6678, 6579, 6480, 6577, 6578, 6479",10
"6479",6479,"6379, 6478, 6279, 6378, 6380, 6477, 3332, 6679, 6580, 6481, 7094, 6579, 6480",13
"6480",6480,"6479, 6280, 1842, 6381, 6478, 4836, 6680, 6581, 6482, 6580, 6481",11
"6481",6481,"6480, 6281, 6380, 6382, 6479, 6297, 7114, 8416, 6582, 6483, 6580, 6625, 6581",13
"6482",6482,"6382, 6282, 6381, 6383, 6480, 1724, 6682, 6583, 6581, 6582, 6483",11
"6483",6483,"4228, 6383, 6482, 6283, 6382, 6384, 6481, 8323, 6683, 6584, 6485, 6582, 6583, 9006",14
"6484",6484,"6384, 6284, 6383, 2808, 1915, 6684, 6585, 6583, 6584, 6485",10
"6485",6485,"6385, 6484, 6285, 6384, 6386, 6483, 6685, 6586, 6487, 6584, 6585, 6486",12
"6486",6486,"6386, 6485, 1733, 4668, 6286, 6385, 6387, 6686, 6587, 6488, 6585, 6586, 6487",13
"6487",6487,"6387, 6486, 6388, 6485, 6687, 6588, 6489, 6586, 7899, 6488",10
"6488",6488,"4793, 6388, 6288, 6387, 6389, 6486, 6487, 6688, 7018, 6588, 6489",11
"6489",6489,"6488, 6289, 6390, 6487, 5161, 6388, 6689, 6590, 6491, 6588, 6589, 6490",12
"6490",6490,"6390, 6489, 6290, 6391, 6876, 6690, 6591, 6492, 6589, 8299, 6590, 6491",12
"6491",6491,"3319, 6391, 6490, 5477, 6291, 6390, 6392, 6489, 9159, 6691, 6592, 6493, 6590, 6591, 6492",15
"6492",6492,"6491, 6292, 6391, 6393, 6490, 6692, 6494, 6591, 6592, 6493",10
"6493",6493,"6393, 6492, 6293, 6392, 6491, 6676, 6693, 6594, 6495, 9491, 6593, 6494",12
"6494",6494,"4531, 4323, 6493, 6294, 6393, 6395, 6492, 6694, 6595, 6496, 6593, 6594, 6495",13
"6495",6495,"6395, 6494, 1652, 6295, 6394, 6396, 6493, 5872, 8725, 6875, 6497, 6594, 6595, 6496",14
"6496",6496,"6396, 6495, 2808, 285, 6395, 6397, 6494, 4661, 1697, 6597, 6498, 6595, 6596",13
"6497",6497,"6397, 6297, 6396, 6398, 6495, 6697, 6598, 6499, 6596, 6597, 6498",11
"6498",6498,"3471, 6398, 6497, 5226, 6298, 6397, 229, 6496, 6698, 6599, 6500, 6597, 6598, 6499",14
"6499",6499,"3921, 6399, 6498, 2552, 6299, 6398, 6400, 6497, 228, 1350, 6442, 6699, 6599, 8852",14
"6500",6500,"979, 6400, 6300, 6399, 6498, 6700, 6599, 6600",8
"6501",6501,"6301, 6402, 9261, 6701, 7586, 8410, 6601, 6502",8
"6502",6502,"6402, 6501, 6302, 6401, 6403, 6702, 6603, 6504, 6601, 6602, 6503",11
"6503",6503,"2012, 3099, 6403, 6502, 1325, 2118, 5354, 6303, 6402, 6404, 8141, 8202, 6703, 6604, 8968, 6602, 9405, 6603, 6504",19
"6504",6504,"5024, 6404, 6503, 6304, 6403, 6502, 9790, 6704, 6605, 6506, 6603, 6604, 6505",13
"6505",6505,"6405, 6504, 1723, 6404, 6705, 6604, 6605, 6506",8
"6506",6506,"6406, 6505, 6306, 6405, 3068, 6504, 6706, 6508, 6605, 8436, 6507",11
"6507",6507,"6407, 6506, 3351, 6406, 6408, 6453, 6707, 6608, 6509, 6606, 9237, 6607",12
"6508",6508,"6408, 6308, 6409, 6506, 7727, 6817, 6708, 6609, 6607, 6608, 6509, 9926",12
"6509",6509,"6409, 6508, 6309, 6408, 5999, 6507, 684, 6709, 6610, 6608, 6510",11
"6510",6510,"6410, 6509, 6310, 6409, 6411, 2959, 6710, 7940, 6512, 6609, 7784, 6511",12
"6511",6511,"6411, 6510, 6311, 6410, 6903, 6610, 8519, 6611, 6512",9
"6512",6512,"6511, 6312, 6413, 6510, 6712, 6613, 6514, 6611, 7422, 8328, 6612, 6513, 8593",13
"6513",6513,"6413, 6512, 6313, 6412, 5552, 6713, 6614, 6515, 6606, 6613, 6514",11
"6514",6514,"3194, 6414, 6513, 6314, 6413, 6415, 6512, 8325, 6714, 6615, 9255, 6613, 8749, 7622, 6614, 6515",16
"6515",6515,"6415, 6514, 6315, 6414, 6416, 6513, 5506, 6715, 6616, 6614, 6615",11
"6516",6516,"5597, 6416, 6316, 6415, 6417, 8121, 6716, 6518, 6615, 6517",10
"6517",6517,"6417, 6317, 6416, 6418, 2929, 5710, 6516, 6717, 6618, 6616, 6617, 6518",12
"6518",6518,"6418, 6517, 6318, 6417, 6516, 6748, 6718, 6619, 6520, 6617, 6519",11
"6519",6519,"6419, 3108, 6418, 6420, 6518, 6719, 6620, 6521, 6618, 6619, 6520",11
"6520",6520,"6420, 6519, 3187, 6320, 6419, 6421, 6518, 6642, 9159, 6621, 9692, 6619, 6620, 6521",14
"6521",6521,"6421, 6520, 1446, 6420, 6422, 6519, 6721, 6622, 6523, 6522",10
"6522",6522,"6322, 6423, 6521, 6722, 6623, 6621, 6584, 6523",8
"6523",6523,"2204, 6423, 6522, 4304, 6323, 6206, 6424, 6521, 6723, 6624, 6525, 6622, 6623, 6524",14
"6524",6524,"6424, 6523, 4198, 6324, 6423, 6425, 790, 6724, 6625, 6526, 6624, 6525",12
"6525",6525,"6425, 6524, 6325, 6424, 6426, 6523, 841, 9826, 6725, 6527, 6624, 7460, 6625, 6526",14
"6526",6526,"6525, 627, 6425, 6427, 6524, 9075, 6726, 6627, 6528, 6625, 7105",11
"6527",6527,"6427, 4501, 6327, 6426, 6428, 6525, 3412, 3612, 6628, 6529, 6626, 6627",12
"6528",6528,"5804, 4970, 6427, 6429, 6526, 7418, 6728, 6629, 6530, 6627, 6628, 6529",12
"6529",6529,"3741, 6429, 6528, 644, 6329, 6428, 6430, 6527, 6729, 6531, 6628, 6629, 8003",13
"6530",6530,"68, 6430, 6330, 6417, 6429, 6431, 6528, 6631, 6532, 6629, 6630, 6531",12
"6531",6531,"6431, 6530, 6331, 6430, 6432, 6529, 6731, 6632, 6533, 6631, 6532",11
"6532",6532,"6432, 6531, 5886, 6332, 6431, 6530, 1683, 6732, 6633, 6534, 6632",11
"6533",6533,"6433, 766, 2903, 6432, 6434, 6531, 3426, 6733, 6634, 6535, 6632, 6534",12
"6534",6534,"6434, 6533, 6433, 6435, 6532, 6734, 6635, 6536, 6633, 6634, 6535",11
"6535",6535,"1291, 6534, 5182, 6335, 6434, 6436, 6533, 6735, 6636, 6537, 6634, 6635, 6536",13
"6536",6536,"6436, 6535, 1862, 4345, 6435, 6437, 6534, 789, 6736, 6538, 6635, 6636, 6537",13
"6537",6537,"1160, 6536, 140, 6436, 6438, 6535, 5448, 8399, 6638, 6539, 6636, 9140, 6637, 6538",14
"6538",6538,"6438, 6537, 6338, 6437, 6439, 6536, 6554, 6738, 6639, 6540, 6637, 6638, 6539",13
"6539",6539,"6439, 6538, 6339, 6440, 6537, 6438, 6739, 6541, 6638, 8184, 6639, 6540",12
"6540",6540,"6539, 2405, 6340, 6439, 6441, 6538, 8461, 6740, 6641, 6542, 6639, 6541",12
"6541",6541,"850, 6441, 6540, 2076, 482, 6440, 6442, 6539, 8798, 7455, 6741, 6642, 6543, 6640, 6641, 6542",16
"6542",6542,"67, 6442, 6541, 6342, 6441, 6443, 6540, 2251, 8430, 7392, 6742, 6643, 6544, 6641",14
"6543",6543,"6443, 3242, 4060, 6442, 6444, 6541, 8363, 6743, 6644, 6642, 6643, 6544",12
"6544",6544,"6444, 6543, 6445, 6542, 6406, 3249, 6645, 6546, 6643, 6644",10
"6545",6545,"577, 6445, 391, 6345, 6444, 6446, 6745, 6646, 6547, 6644, 9928, 6546",12
"6546",6546,"6446, 265, 6346, 6447, 6544, 6545, 6746, 6647, 6548, 6646, 6547",11
"6547",6547,"6447, 6546, 2331, 6347, 6446, 6545, 6646, 8267, 6747, 6648, 6647, 6548",12
"6548",6548,"6448, 6547, 6348, 6447, 6449, 6546, 6649, 6550, 6647, 6648, 6549",11
"6549",6549,"6449, 6548, 6448, 6450, 9845, 6749, 7628, 6551, 6648, 6649, 6550",11
"6550",6550,"6450, 6549, 6350, 6451, 6548, 6449, 6750, 6651, 6649, 6650, 6551",11
"6551",6551,"6451, 6550, 2165, 6351, 6450, 6452, 6549, 6751, 6652, 6553, 9054, 6651, 6552",13
"6552",6552,"6452, 6551, 6352, 6451, 6752, 6653, 6718, 6651, 8877, 6652, 6553",11
"6553",6553,"6453, 6552, 6353, 6454, 6551, 6654, 6555, 6652, 6653, 6554",10
"6554",6554,"6454, 6553, 6538, 6453, 6455, 4001, 6655, 6556, 6653, 6654, 6555",11
"6555",6555,"6455, 6554, 5467, 6355, 6454, 6456, 6553, 3777, 6755, 6557, 6654, 9637, 8332, 6655, 6556",15
"6556",6556,"6456, 6555, 6356, 6455, 6457, 6554, 6799, 6756, 6657, 6655, 9285, 6557",12
"6557",6557,"6457, 6556, 6357, 6456, 6458, 6555, 9161, 6658, 6559, 6657, 6558",11
"6558",6558,"6458, 6557, 6358, 6457, 6459, 3466, 1244, 6758, 6560, 6657, 6559",11
"6559",6559,"6459, 6558, 6359, 6458, 6460, 6557, 6759, 6660, 6561, 6658, 6659, 6560, 7760",13
"6560",6560,"6460, 6559, 2466, 4928, 6360, 6459, 6461, 6558, 8673, 9049, 6661, 6562, 6659, 6883, 6660, 6561",16
"6561",6561,"6461, 6560, 6361, 6460, 6462, 6559, 6761, 6662, 6563, 6660, 8118, 6661, 6562",13
"6562",6562,"3311, 6462, 6561, 3589, 4509, 6362, 6461, 6463, 6560, 6762, 6564, 6661, 6662, 6563",14
"6563",6563,"2395, 6463, 6562, 6363, 6464, 6561, 2433, 1701, 6763, 6664, 6663, 9897",12
"6564",6564,"6464, 1861, 6364, 6463, 6465, 6562, 6565, 6764, 6665, 6566",10
"6565",6565,"6465, 6564, 3175, 6365, 6464, 6466, 7717, 6567, 6664, 6566",10
"6566",6566,"6466, 6565, 6366, 6465, 6467, 6564, 6766, 6667, 6568, 7871, 6666, 6567",12
"6567",6567,"6092, 6467, 6566, 778, 6367, 6466, 6468, 6565, 8572, 7829, 6767, 6668, 6569, 6667, 6568",15
"6568",6568,"6468, 6567, 6368, 6467, 6469, 6566, 6768, 6669, 6570, 6667, 6668, 6569",12
"6569",6569,"6469, 6568, 2211, 6369, 6468, 6470, 6567, 6769, 6670, 6571, 6668, 9966",12
"6570",6570,"6469, 6471, 6568, 3418, 5122, 8626, 6770, 6572, 8076, 8251",10
"6571",6571,"6471, 3020, 3872, 6371, 6470, 6472, 6569, 9301, 6771, 6573, 6670, 6671, 6572",13
"6572",6572,"6472, 6571, 4040, 6372, 6471, 6473, 6570, 6673, 6574, 6671, 6672, 6573",12
"6573",6573,"6473, 6572, 4293, 6373, 6472, 6474, 6571, 5263, 6674, 6575, 6672, 9391, 6673, 6574",14
"6574",6574,"4555, 6474, 6573, 5483, 6473, 6475, 6572, 305, 8036, 6675, 6576, 6673, 6674, 6575",14
"6575",6575,"6475, 6574, 750, 6375, 870, 6573, 6775, 6676, 6577, 6674, 6675, 6576",12
"6576",6576,"6575, 6376, 6475, 5365, 6574, 6776, 6677, 6578, 6675, 6676, 6577",11
"6577",6577,"6477, 6576, 5081, 1015, 6476, 6478, 6575, 2008, 7142, 6777, 6678, 6579, 6676, 6677",14
"6578",6578,"6478, 6378, 6477, 6576, 6778, 6679, 6580, 6677, 6678, 6579",10
"6579",6579,"6479, 6578, 6379, 6478, 6577, 548, 6779, 6581, 6678, 6681, 6679, 6580",12
"6580",6580,"6480, 6579, 6380, 6479, 6481, 6578, 6780, 6681, 6582, 6679, 6680, 6581",12
"6581",6581,"6481, 6580, 6381, 6480, 6482, 6579, 3821, 6781, 6583, 6680, 6681, 6582",12
"6582",6582,"6482, 6581, 6382, 6481, 6483, 6580, 6782, 6683, 6584, 6681, 6682",11
"6583",6583,"1791, 6483, 4631, 6383, 6482, 6484, 6581, 1616, 6783, 6585, 6682, 6683, 6584",13
"6584",6584,"6484, 6522, 6583, 6384, 6483, 6485, 6582, 6784, 6685, 6586, 6683, 6684, 6585",13
"6585",6585,"1669, 4922, 6485, 6584, 3821, 45, 6484, 6486, 6583, 6785, 6686, 6587, 6684, 6685, 6586",15
"6586",6586,"6486, 6585, 3084, 6386, 6485, 6487, 6584, 6786, 6687, 6588, 6685, 6686, 6587",13
"6587",6587,"6586, 339, 6486, 641, 6585, 8771, 6787, 6688, 6686, 6687, 6588",11
"6588",6588,"6488, 6587, 6487, 6489, 6586, 4195, 6788, 6590, 6688, 6589",10
"6589",6589,"6489, 6588, 1251, 6389, 6490, 4164, 6690, 9346, 7501, 9897, 6689, 6590",12
"6590",6590,"1527, 6490, 6589, 6390, 6489, 6491, 6588, 6691, 6592, 6690, 6591",11
"6591",6591,"6491, 6590, 6490, 6492, 4865, 9244, 6791, 9259, 6691, 6592",10
"6592",6592,"6492, 6591, 6392, 6491, 6590, 6792, 6693, 6594, 6691, 6692",10
"6593",6593,"6493, 6188, 6494, 1424, 4319, 2498, 6793, 6694, 6693, 7550",10
"6594",6594,"6494, 2502, 6394, 6493, 6495, 6592, 6794, 6695, 6596, 6693, 6694, 6595",12
"6595",6595,"6495, 6594, 1991, 6395, 6494, 6496, 5145, 6795, 6696, 6597, 6695, 6596",12
"6596",6596,"6496, 6595, 2509, 4376, 6396, 6497, 6594, 2407, 9779, 6796, 6598, 6695, 6696",13
"6597",6597,"6497, 6397, 6496, 6498, 6595, 4011, 6618, 6599, 6697, 6598",10
"6598",6598,"6498, 6597, 5735, 6398, 6497, 6596, 9576, 6798, 6600, 6697, 6698, 6599",12
"6599",6599,"6499, 6598, 3447, 6399, 6498, 6500, 6597, 5841, 6799, 6700, 6698, 6600",12
"6600",6600,"6500, 6599, 6400, 6598, 6800, 6699, 6700",7
"6601",6601,"6501, 6502, 6801, 6603, 6602",5
"6602",6602,"130, 5094, 6502, 1673, 6402, 6503, 6601, 6802, 6703, 6604, 6701, 6603",12
"6603",6603,"6503, 6602, 6403, 6502, 6504, 6601, 6803, 8313, 6702, 6753, 6703, 6604",12
"6604",6604,"6504, 6603, 2105, 6128, 6404, 6503, 6505, 6602, 949, 3935, 6703, 6704, 6605",13
"6605",6605,"6505, 6604, 6405, 6504, 6506, 6805, 6706, 6607, 6704, 6705, 6606",11
"6606",6606,"298, 6605, 6406, 6507, 6513, 5379, 6806, 6707, 6608, 6705, 7203, 8376, 6706",13
"6607",6607,"6507, 299, 6407, 6508, 6605, 6807, 6708, 6609, 6706, 7162, 6707, 6608",12
"6608",6608,"6508, 6607, 5208, 6408, 6507, 6509, 6606, 6610, 6808, 6707, 6708, 6609",12
"6609",6609,"6608, 2281, 6409, 6508, 6510, 6607, 6809, 6710, 6611, 6708, 8749, 6709, 6610",13
"6610",6610,"6609, 5387, 6410, 6509, 6511, 6608, 3312, 6810, 6612, 6709, 6710, 6611",12
"6611",6611,"5520, 6511, 6610, 2642, 6411, 6512, 6609, 3161, 6613, 6710, 6711, 6612",12
"6612",6612,"6512, 6611, 1659, 674, 4550, 6610, 6713, 6614, 6711, 6712, 8521",11
"6613",6613,"6513, 934, 6413, 6512, 6514, 6611, 1447, 6813, 6712, 6713, 6614",11
"6614",6614,"6514, 6613, 6414, 6513, 6515, 6612, 454, 6715, 6616, 6713, 6714, 6615",12
"6615",6615,"6515, 6614, 6415, 6514, 6516, 6815, 6716, 6617, 6714, 6616",10
"6616",6616,"6164, 6416, 6515, 6517, 6614, 6615, 7022, 6816, 6717, 6618, 6715, 6716",12
"6617",6617,"6517, 5061, 1985, 3497, 6518, 6615, 6817, 6718, 6619, 6716, 6618",11
"6618",6618,"6597, 6617, 3134, 6418, 6517, 6519, 6616, 2538, 6818, 6620, 6717, 7118, 6718, 6619",14
"6619",6619,"6519, 6618, 6419, 6518, 6520, 6617, 6819, 6720, 6719, 6620",10
"6620",6620,"6520, 6619, 5811, 4416, 6420, 6519, 6618, 6820, 6721, 6622, 6719, 6720, 6621",13
"6621",6621,"6620, 6421, 6520, 6522, 6799, 6821, 6722, 6623, 6720, 8541, 6721, 6622",12
"6622",6622,"6621, 5156, 6422, 6521, 6523, 6620, 9722, 6822, 6723, 6624, 6721, 6722, 6623",13
"6623",6623,"6523, 6622, 6423, 6522, 6621, 1838, 6823, 6724, 6625, 6624",10
"6624",6624,"6524, 66, 6424, 6523, 6525, 6622, 678, 6623, 6725, 6626, 6723, 6724, 6625",13
"6625",6625,"373, 6525, 6624, 6425, 6524, 6526, 6623, 1400, 6481, 8373, 6825, 6726, 6724, 6725",14
"6626",6626,"3401, 6426, 6527, 6624, 9161, 6826, 6727, 6628, 6627",9
"6627",6627,"6527, 6626, 6427, 6526, 6528, 6827, 6921, 6629, 6726, 6727",10
"6628",6628,"6528, 1957, 1153, 6428, 6527, 6529, 6626, 6828, 6729, 6630, 6727, 6728, 6629",13
"6629",6629,"6529, 6628, 2998, 6324, 6528, 6530, 6627, 4735, 6730, 6631, 6728, 6729, 6630",13
"6630",6630,"4472, 6530, 6629, 5691, 6430, 1218, 6628, 5415, 7863, 6830, 6731, 6632, 6729, 6730, 6631",15
"6631",6631,"6236, 6531, 6630, 6431, 6530, 6629, 6831, 6732, 6633, 6731, 6632",11
"6632",6632,"6532, 6631, 2176, 6432, 6531, 6533, 6630, 9377, 6733, 6634, 6731, 6732, 6633",13
"6633",6633,"6632, 6433, 6532, 6534, 6631, 6833, 6734, 6635, 6732, 6733, 6634",11
"6634",6634,"6534, 6633, 6434, 6533, 6535, 6632, 8272, 6834, 6735, 9138, 6733, 6734, 6635",13
"6635",6635,"307, 2750, 6535, 6634, 6435, 6534, 6536, 6633, 6835, 7748, 6637, 6734, 6735, 6636",14
"6636",6636,"6536, 6635, 6436, 6535, 6537, 6836, 6737, 6638, 6735, 7059, 6736, 6637",12
"6637",6637,"6537, 6636, 6437, 6538, 6635, 7972, 6837, 6738, 6736, 6638",10
"6638",6638,"6538, 6637, 6537, 6539, 6636, 7994, 6838, 6739, 6640, 6737, 6738, 6639",12
"6639",6639,"6539, 6638, 2648, 5361, 6439, 6538, 6540, 2661, 6740, 6738, 8049, 6783, 6640",13
"6640",6640,"6000, 6639, 6541, 6638, 6840, 6741, 6642, 6739, 9190, 6740, 6641",11
"6641",6641,"6541, 6640, 6441, 6540, 6542, 6099, 7108, 6742, 6643, 6740, 9721, 6741",12
"6642",6642,"6520, 6442, 6541, 6543, 6640, 7061, 6842, 6743, 6644, 6741, 6742, 6643",12
"6643",6643,"6543, 6642, 6443, 6542, 6544, 6641, 6843, 6744, 6743, 6644",10
"6644",6644,"6544, 6643, 6444, 6543, 6545, 6642, 6844, 6745, 6646, 6743, 6744, 6645",12
"6645",6645,"2820, 6644, 5609, 6445, 6544, 3797, 9409, 7546, 6845, 6746, 6647, 6744, 6745, 6646",14
"6646",6646,"2069, 6546, 6645, 6446, 6545, 6547, 6644, 8324, 6846, 6747, 6648, 6745, 6746, 6647",14
"6647",6647,"6547, 6646, 6447, 6546, 6548, 6645, 8738, 6847, 6649, 6746, 6747",11
"6648",6648,"2296, 6548, 5261, 6448, 6547, 6549, 6646, 7508, 6848, 6747, 6649",11
"6649",6649,"630, 6549, 6648, 1351, 6548, 6550, 6647, 406, 9675, 6815, 6849, 6651, 6748, 6749",14
"6650",6650,"6550, 6450, 5013, 6850, 6751, 6652, 6749, 6750, 6651",9
"6651",6651,"6551, 6650, 6451, 6550, 6552, 6649, 6851, 6752, 6750, 7042, 6751, 6652",12
"6652",6652,"6552, 6651, 6551, 6553, 6650, 6789, 6852, 6753, 6654, 6751, 6752, 6653",12
"6653",6653,"1728, 6553, 6652, 6453, 6552, 6554, 4162, 6853, 6754, 6655, 6752, 6753, 6654",13
"6654",6654,"6554, 6653, 6454, 6553, 6555, 6652, 6854, 6755, 6656, 6753, 8112, 9989",12
"6655",6655,"6555, 6455, 6554, 6556, 6653, 8667, 6855, 6756, 6657, 6754, 6755, 6656",12
"6656",6656,"6655, 5577, 6456, 6654, 6856, 6757, 6658, 6755, 9587, 6756, 6657",11
"6657",6657,"6557, 6656, 6457, 6556, 6558, 6655, 6857, 6659, 6756, 6757, 6658",11
"6658",6658,"6657, 1007, 6458, 6557, 6559, 6656, 5522, 6858, 6759, 6660, 6757, 7648, 6758, 6659",14
"6659",6659,"1330, 6559, 6658, 6459, 6560, 6657, 6859, 6760, 6661, 6758, 9607, 6759, 6660",13
"6660",6660,"6560, 6659, 6559, 6561, 6658, 6860, 6761, 9856, 6760",9
"6661",6661,"1253, 6561, 693, 6461, 6560, 6562, 6659, 6861, 6663, 6761, 6662",11
"6662",6662,"6562, 6661, 4218, 6462, 6561, 399, 7660, 6862, 6763, 6664, 6761, 6762, 6663",13
"6663",6663,"5068, 6563, 6662, 6463, 5070, 6661, 9987, 7455, 6863, 6764, 6762, 6763, 6664",13
"6664",6664,"6663, 2710, 6464, 6563, 6565, 6662, 6864, 6765, 6666, 6763, 6764, 6665",12
"6665",6665,"505, 6664, 4275, 6564, 3026, 6865, 6766, 6667, 6764, 6765",10
"6666",6666,"6566, 576, 5697, 2891, 6664, 7952, 6767, 6668, 6765, 6766, 6667",11
"6667",6667,"6567, 6666, 2927, 6566, 6568, 6665, 4776, 6867, 6768, 6669, 6766, 6668",12
"6668",6668,"6568, 6667, 5706, 6319, 6468, 6567, 6569, 6666, 5991, 6868, 6769, 6670, 6767, 6768, 6669",15
"6669",6669,"2911, 6668, 3660, 6469, 6568, 6667, 6869, 6770, 6671, 6768, 6769, 7787",12
"6670",6670,"5767, 5985, 474, 6569, 6571, 6668, 1341, 6870, 6672, 6842, 6770, 8659",12
"6671",6671,"6571, 4403, 5830, 6471, 6572, 6669, 1485, 4563, 6770, 6771, 6672",11
"6672",6672,"6572, 6671, 5889, 6467, 6472, 2648, 6573, 6670, 6872, 6674, 6771",11
"6673",6673,"6573, 794, 6473, 6572, 6574, 5857, 1858, 1252, 6873, 6774, 6773, 6674",12
"6674",6674,"6574, 6673, 6474, 6573, 6575, 6672, 7136, 6775, 6676, 6773, 6774, 6675",12
"6675",6675,"6575, 6674, 6475, 6574, 6576, 6776, 6677, 6774, 6676",9
"6676",6676,"6576, 6675, 6493, 6575, 6577, 6674, 4893, 6876, 6777, 6678, 6775, 6677",12
"6677",6677,"6577, 6676, 6477, 6576, 6578, 6675, 1907, 6877, 6679, 6776, 6777, 6678",12
"6678",6678,"4183, 6578, 6677, 2253, 6478, 6577, 6579, 6676, 6878, 6779, 6777, 6778, 6679",13
"6679",6679,"6579, 6678, 6479, 6578, 6580, 6677, 3897, 9004, 6780, 6681, 6778, 6779",12
"6680",6680,"5967, 6580, 6480, 6581, 1280, 6880, 6781, 6682, 6779, 7836, 6780, 6681",12
"6681",6681,"6581, 6680, 692, 6579, 6580, 6582, 6679, 6881, 6782, 6780, 6781, 6682",12
"6682",6682,"6582, 6681, 6482, 6583, 6680, 6882, 6783, 6684, 6781, 6782, 6683",11
"6683",6683,"6583, 6682, 2304, 6483, 6582, 6584, 3522, 7736, 6883, 6784, 6685, 6782, 6783, 6684",14
"6684",6684,"6584, 6683, 4805, 6484, 6585, 6682, 8728, 6884, 6785, 6686, 6783, 6784, 6685",13
"6685",6685,"6585, 6684, 6485, 6584, 6586, 6683, 6885, 6786, 6687, 6784, 6785, 6686",12
"6686",6686,"6586, 6685, 2573, 6486, 6585, 6587, 6684, 8890, 6787, 6688, 6785, 6786, 6687",13
"6687",6687,"198, 6587, 6686, 6487, 6586, 1695, 6685, 6887, 6788, 9248, 6786, 6787, 6688",13
"6688",6688,"6588, 6687, 673, 6488, 6587, 6686, 687, 6888, 6789, 6787, 6788, 6689",12
"6689",6689,"6589, 6688, 4757, 6489, 6370, 9037, 6889, 6790, 6691, 6788, 6789, 6690",12
"6690",6690,"1883, 6590, 6689, 6490, 6589, 6234, 3633, 6791, 6692, 6790, 6691",11
"6691",6691,"6591, 6690, 3016, 6491, 6592, 6689, 5512, 6590, 6693, 6790, 6791, 6692",12
"6692",6692,"6592, 6691, 6492, 3275, 6690, 7850, 6892, 6694, 6791, 6693",10
"6693",6693,"6593, 6692, 6493, 6592, 6594, 6691, 6893, 9465, 6695, 6792, 6793, 6694",12
"6694",6694,"6594, 6693, 949, 6494, 6593, 6692, 6894, 6795, 6696, 6793, 8674, 6695",12
"6695",6695,"6595, 6694, 1604, 3767, 6594, 6596, 6693, 6796, 6794, 6795",10
"6696",6696,"6596, 6595, 3662, 6694, 6896, 6795, 6796, 6697, 7856",9
"6697",6697,"6597, 6696, 6497, 6598, 3868, 5550, 6897, 6798, 6699, 6796, 7345",11
"6698",6698,"6598, 2990, 6498, 4446, 6599, 2641, 168, 6700, 6797, 6798, 6699",11
"6699",6699,"6698, 6499, 5524, 6600, 6697, 5050, 6929, 6899, 6798, 6799, 6700",11
"6700",6700,"6600, 6699, 641, 1150, 2011, 6500, 6599, 6698, 6900, 6800",10
"6701",6701,"6501, 6602, 9120, 6901, 6802, 6703, 9891, 6801, 6702",9
"6702",6702,"4542, 1251, 6701, 6502, 6603, 6902, 6704, 6801, 9522, 6802, 6703",11
"6703",6703,"1289, 6603, 6702, 6503, 6602, 6604, 6701, 3561, 8545, 6903, 6705, 6802, 6803, 6704",14
"6704",6704,"6604, 6703, 2953, 6504, 1280, 6605, 6702, 6904, 6805, 6706, 6803, 6804, 6705",13
"6705",6705,"779, 6605, 6704, 6505, 6606, 6703, 9936, 6905, 6806, 6707, 6804, 6805, 6706",13
"6706",6706,"5525, 6606, 6705, 3020, 6506, 6605, 6607, 6704, 8385, 6807, 6708, 6805, 6806",13
"6707",6707,"6607, 3141, 2465, 6507, 6606, 6608, 6705, 4381, 6907, 6709, 6807, 6708",12
"6708",6708,"6608, 6707, 4069, 6508, 6607, 6609, 6706, 6908, 6809, 6710, 6807, 6808, 6709",13
"6709",6709,"6609, 6708, 6509, 6610, 6707, 6909, 6711, 6808, 6809, 6710",10
"6710",6710,"6610, 6709, 6510, 6609, 6611, 6708, 9523, 6811, 6712, 6809, 6810, 6711",12
"6711",6711,"6611, 6710, 6038, 6612, 6709, 9116, 6911, 6713, 6810, 8612, 6811, 6712",12
"6712",6712,"853, 6612, 6711, 2651, 6512, 6613, 6710, 6912, 6714, 6811, 6812, 6713",12
"6713",6713,"6613, 6712, 2355, 6513, 6612, 6614, 6711, 6913, 6814, 6812",10
"6714",6714,"6614, 6514, 365, 6615, 6712, 6914, 6716, 6813, 6814, 6715",10
"6715",6715,"6714, 3131, 6515, 6614, 6616, 7268, 6816, 6717, 6814, 9947, 9414",11
"6716",6716,"6616, 1235, 6516, 6615, 6617, 6714, 6916, 6817, 6718, 6815, 6717",11
"6717",6717,"3346, 6716, 6517, 6616, 6618, 6715, 6980, 6818, 6816, 8498, 6817",11
"6718",6718,"5789, 6618, 3603, 6518, 6552, 6617, 2119, 6716, 6918, 6819, 6720, 6817, 6818, 6719",14
"6719",6719,"6619, 6718, 6519, 6620, 6273, 8481, 6919, 6820, 9865, 7639, 6720",11
"6720",6720,"6620, 6619, 6621, 6718, 6719, 6920, 6821, 6722, 6819, 6820, 6721",11
"6721",6721,"6621, 6720, 6521, 6620, 6622, 2844, 6723, 6821, 6722",9
"6722",6722,"34, 6622, 6721, 6522, 6621, 6720, 8423, 7990, 9116, 6922, 6823, 6724, 6821, 6822, 9600",15
"6723",6723,"1845, 6523, 6622, 6624, 6721, 9355, 6923, 6824, 6725, 6822, 6823, 6724",12
"6724",6724,"6624, 6723, 6524, 6623, 6625, 6722, 7166, 6924, 6825, 6726, 6823, 6824, 6725",13
"6725",6725,"6625, 6724, 6525, 6624, 6723, 8359, 6925, 6826, 6824, 6825, 6726",11
"6726",6726,"6725, 6526, 6625, 6627, 6724, 6926, 6827, 6728, 6825, 6826, 6727",11
"6727",6727,"6627, 6726, 6626, 6628, 5743, 6915, 6927, 6828, 6729, 6826, 7457, 6728",12
"6728",6728,"6628, 6727, 6528, 6629, 6726, 6928, 6829, 6730, 6827, 6828, 6729",11
"6729",6729,"6629, 6728, 5314, 6529, 6628, 6630, 6727, 6929, 6830, 6828, 6829, 6730",12
"6730",6730,"5215, 6630, 6729, 2438, 6629, 2269, 6728, 9092, 6930, 6831, 6732, 6829, 6830, 6731",14
"6731",6731,"6631, 6730, 1796, 6531, 6630, 6632, 761, 6931, 8757, 6831, 6732",11
"6732",6732,"6632, 6731, 6532, 6631, 6633, 6730, 1588, 6932, 6833, 6734, 9807, 6832, 6733",13
"6733",6733,"6633, 6732, 1005, 6533, 6632, 6634, 4866, 6933, 6834, 6735, 6832, 6833, 6734",13
"6734",6734,"6634, 6733, 6139, 6534, 6633, 6635, 6732, 6835, 6736, 6833, 6834",11
"6735",6735,"4666, 6635, 328, 4598, 6535, 6634, 6636, 6733, 6230, 1153, 6836, 7778, 6834, 8070, 6997, 6835",16
"6736",6736,"6636, 6536, 6637, 6734, 6936, 6837, 6738, 6835, 6836, 6737",10
"6737",6737,"6108, 6736, 5305, 6636, 6638, 4356, 6838, 6739, 6836, 6738",10
"6738",6738,"146, 6638, 6737, 2931, 6334, 6538, 6637, 6639, 6736, 6938, 6839, 6740, 6837, 6838, 6739",15
"6739",6739,"1429, 6738, 1868, 6539, 6638, 6640, 6737, 6939, 6840, 6741, 8981, 6839, 6740",13
"6740",6740,"6640, 6739, 6540, 6639, 6641, 6738, 6940, 6841, 6742, 6839, 6840, 6741",12
"6741",6741,"6641, 6740, 6541, 6640, 6642, 6739, 6344, 6077, 8633, 6941, 6743, 6841, 6742",13
"6742",6742,"956, 6642, 6741, 3108, 6542, 6641, 4349, 6740, 8045, 6942, 6843, 6744, 6841, 6842, 6743",15
"6743",6743,"6643, 6742, 6214, 6543, 6642, 6644, 6741, 6943, 6844, 6745, 6842, 6843, 6744",13
"6744",6744,"3158, 6644, 6743, 2743, 6643, 6645, 6742, 5767, 8671, 6944, 6845, 6746, 6843, 6844",14
"6745",6745,"6645, 6545, 6644, 6646, 6743, 7163, 6945, 6846, 6747, 6845, 6746",11
"6746",6746,"6646, 6745, 1991, 6546, 6645, 6647, 6744, 6205, 6946, 6748, 6845, 6846",12
"6747",6747,"6647, 5047, 5151, 6547, 6646, 6648, 6745, 6947, 6848, 6749, 6846, 6847, 9314",13
"6748",6748,"5516, 6207, 3514, 6518, 769, 6649, 6746, 8264, 6849, 6750, 6847, 6848, 6749",13
"6749",6749,"6649, 6748, 1105, 6549, 6650, 6747, 4056, 7104, 6949, 6850, 6751, 9124, 9055, 8339, 6750",15
"6750",6750,"6650, 6749, 5273, 6550, 2994, 6651, 6748, 6950, 6851, 6850, 6751",11
"6751",6751,"6651, 6750, 6551, 6650, 6652, 6749, 6951, 6852, 6753, 6850, 6851, 6752",12
"6752",6752,"24, 6652, 6751, 5838, 6552, 6651, 6653, 6952, 7847, 6754, 6851, 9558, 6852, 6753",14
"6753",6753,"6653, 6752, 6603, 6652, 6654, 6751, 7198, 6953, 6854, 6755, 6852, 6853, 6754",13
"6754",6754,"6753, 6653, 6655, 6752, 6954, 6855, 6756, 6853, 6854, 6755",10
"6755",6755,"6655, 6754, 6555, 6654, 6656, 6753, 111, 6955, 6949, 6757, 6854, 6855",12
"6756",6756,"6656, 6556, 6655, 6657, 6754, 6956, 6857, 6855, 6856, 6757",10
"6757",6757,"6657, 6756, 4743, 6656, 6658, 6755, 2222, 7120, 6858, 6759, 6857, 6758",12
"6758",6758,"6658, 6757, 227, 6558, 5372, 6659, 3653, 5951, 6958, 6859, 6760, 6857, 6759",13
"6759",6759,"190, 6659, 6758, 6559, 6658, 6757, 5936, 6959, 6860, 6761, 6858, 6760",12
"6760",6760,"6660, 6759, 6659, 5926, 6758, 6960, 6861, 6762, 6859, 6860, 6761",11
"6761",6761,"6661, 6760, 6561, 6660, 6662, 6759, 6254, 6961, 6763, 6860, 6861",11
"6762",6762,"6662, 3058, 6562, 6663, 6760, 3995, 5, 6962, 6764, 6861, 8384, 6862",12
"6763",6763,"1570, 6663, 4284, 6563, 6662, 6664, 6761, 5861, 4356, 9120, 6963, 6765, 6862, 8252",14
"6764",6764,"6664, 2283, 6564, 6663, 6665, 6762, 9008, 6964, 6865, 6766, 6863, 6864, 6765",13
"6765",6765,"439, 6665, 6764, 1407, 387, 2871, 818, 6664, 6666, 6763, 6873, 6866, 6767, 6864, 6766",15
"6766",6766,"6666, 6765, 6566, 6665, 6667, 6764, 6966, 6867, 6768, 6865, 9576, 7085, 6866",13
"6767",6767,"6567, 6668, 6765, 3765, 6666, 7834, 6967, 6784, 6769, 6867, 6768",11
"6768",6768,"6011, 6668, 6767, 6568, 6667, 6669, 6766, 6852, 6968, 6869, 6770, 6867, 6868, 6769",14
"6769",6769,"2048, 6669, 6768, 6044, 6569, 6668, 6767, 9061, 8407, 6969, 6870, 6771, 6869, 6770",14
"6770",6770,"6670, 6769, 6570, 6669, 6671, 6768, 9624, 6871, 6869, 6870, 6771",11
"6771",6771,"6671, 6770, 6571, 6672, 6769, 3298, 8244, 6971, 6872, 6773, 6870, 6871, 6772",13
"6772",6772,"6771, 1774, 4036, 8633, 6972, 6873, 6774, 6871, 9038, 6773",10
"6773",6773,"6673, 6772, 6335, 6674, 6771, 6973, 6775, 6872, 6873, 6774",10
"6774",6774,"6674, 6773, 1385, 6673, 6675, 6772, 8104, 6974, 6875, 6776, 6873, 6874, 6775",13
"6775",6775,"5165, 6774, 2437, 6575, 6674, 6676, 6773, 6975, 6876, 6777, 6874, 6776",12
"6776",6776,"6775, 2501, 6576, 6675, 6677, 6774, 8406, 6877, 6778, 6875, 6876, 6777",12
"6777",6777,"6677, 6776, 2070, 3516, 6577, 6676, 6678, 6775, 3363, 6977, 6878, 6779, 6876, 6877, 6778",15
"6778",6778,"2770, 6678, 6777, 6578, 6679, 6776, 6978, 6879, 6877, 6878",10
"6779",6779,"6679, 6162, 6579, 6678, 6680, 6777, 1727, 8200, 6781, 6879, 6780, 7399",12
"6780",6780,"6680, 6779, 6580, 6679, 6681, 6980, 6881, 6782, 6879, 9494, 6880, 6781",12
"6781",6781,"6681, 6780, 6581, 6680, 6682, 6779, 1235, 6783, 6880, 6881, 6782, 8734",12
"6782",6782,"6682, 6781, 6582, 6681, 6683, 6780, 6982, 6881, 6882, 6783",10
"6783",6783,"6639, 6683, 6782, 6583, 6682, 6684, 6781, 6983, 6884, 6785, 6882, 6784",12
"6784",6784,"6684, 6783, 6584, 6683, 6685, 6767, 6984, 6885, 6786, 6883, 7933, 6884, 6785",13
"6785",6785,"1325, 6685, 6784, 6585, 6684, 6686, 6783, 6985, 6886, 6787, 6884, 6885, 6786",13
"6786",6786,"4045, 6686, 6785, 3435, 4126, 6586, 6685, 6687, 6784, 6986, 6887, 6886",12
"6787",6787,"6687, 6587, 6686, 6688, 6785, 9862, 7764, 6987, 6888, 6789, 6886, 9855, 6788",13
"6788",6788,"6688, 6787, 6588, 6687, 6689, 150, 6193, 8850, 6988, 6889, 6790, 6888, 8156",13
"6789",6789,"3811, 6689, 1734, 6652, 6688, 6787, 7418, 6989, 6890, 6791, 6888, 6889, 6790",13
"6790",6790,"47, 6690, 6789, 6689, 6691, 6788, 7432, 6990, 6891, 6792, 6889, 6791",12
"6791",6791,"2120, 6691, 6790, 6591, 6690, 6692, 6789, 6991, 6892, 6793, 6890, 9988, 6891, 6792",14
"6792",6792,"517, 4297, 6791, 6240, 6592, 6693, 6790, 1724, 3549, 2111, 6992, 6893, 6794, 9053, 6892",15
"6793",6793,"6693, 6593, 6694, 6791, 6122, 6993, 6894, 6795, 9048, 6893, 6794",11
"6794",6794,"6793, 6594, 6695, 6792, 6994, 6796, 6893, 6894, 9656",9
"6795",6795,"6695, 193, 197, 6595, 6694, 6696, 6793, 6797, 6995, 9455, 6895, 6796",12
"6796",6796,"6696, 6795, 6191, 6596, 6697, 6794, 6695, 6996, 6897, 6798, 6895, 6896, 6797",13
"6797",6797,"2555, 6796, 6698, 6795, 6036, 6997, 6799, 6914, 6897, 8191",10
"6798",6798,"6698, 6598, 6697, 6699, 6796, 6998, 6899, 6800, 6897, 6898, 6799",11
"6799",6799,"6621, 6699, 6798, 6599, 6556, 6797, 3228, 6999, 6900, 6898, 6899",11
"6800",6800,"6700, 953, 6052, 6600, 6798, 7000, 6899, 6900",8
"6801",6801,"6701, 6137, 6601, 6702, 5577, 6902, 6803, 8318, 6901, 6802",10
"6802",6802,"6702, 6801, 6602, 6701, 6703, 1270, 8951, 8432, 6903, 6804, 6901, 6902, 6803",13
"6803",6803,"6703, 6802, 1433, 5117, 6603, 5433, 6704, 6801, 7003, 6904, 6903, 6804",12
"6804",6804,"6704, 6803, 4799, 1892, 6705, 6802, 1696, 7004, 6905, 6806",10
"6805",6805,"6705, 6605, 6704, 6706, 6147, 6906, 6807, 6904, 7346, 6806",10
"6806",6806,"6706, 6805, 6606, 6705, 6804, 9474, 6907, 6808, 6905, 6906, 6807",11
"6807",6807,"5092, 6707, 6806, 6607, 6706, 6708, 6805, 7007, 6809, 6906, 6907",11
"6808",6808,"6708, 3215, 6608, 6709, 6806, 8872, 7008, 6909, 6810, 9367, 6908, 6809",12
"6809",6809,"290, 6709, 6808, 6609, 6708, 6710, 6807, 7009, 6910, 6811, 6908, 6909, 6810",13
"6810",6810,"6710, 6809, 3481, 6610, 6711, 6808, 7010, 6911, 6812, 6909, 9961, 7032, 6910, 6811",14
"6811",6811,"918, 6711, 6810, 737, 6115, 6710, 6712, 6809, 7011, 6912, 6813, 6910, 6911",13
"6812",6812,"5032, 6712, 2089, 6713, 6810, 7012, 6913, 6814, 6911, 6912, 6813, 9186",12
"6813",6813,"524, 1943, 6812, 6613, 2161, 6714, 6811, 3856, 7013, 6914, 6815, 6814",12
"6814",6814,"6714, 6813, 6713, 6715, 6812, 7014, 6816, 6913, 6914, 6815",10
"6815",6815,"6814, 6615, 6716, 6813, 6649, 3231, 7015, 6914, 9650, 6915, 6816",11
"6816",6816,"32, 6815, 835, 3786, 6616, 6717, 6814, 3977, 6715, 6818, 7016, 6915, 8545, 6916, 6817",15
"6817",6817,"3788, 6717, 6816, 6617, 6716, 6718, 6508, 6819, 6916, 6917, 6818",11
"6818",6818,"6718, 6817, 6618, 6717, 6816, 7018, 6919, 6820, 6917, 6918, 6819",11
"6819",6819,"5304, 6818, 2828, 6619, 6718, 6720, 6817, 8517, 7019, 6920, 6821, 6918",12
"6820",6820,"6720, 6620, 6719, 6818, 3092, 7020, 6921, 6822, 6919, 6920, 6821",11
"6821",6821,"6721, 6820, 6621, 6720, 6722, 6819, 7021, 6922, 6823, 6920, 6921, 6822",12
"6822",6822,"179, 3013, 6722, 6821, 6622, 6723, 6820, 7984, 6923, 6824, 8779, 6922, 6823",13
"6823",6823,"6723, 6822, 1049, 5002, 6623, 6722, 6724, 6821, 7023, 6924, 6825, 6922, 6923, 6824",14
"6824",6824,"6724, 6823, 6723, 6725, 6822, 2353, 9595, 7024, 6826, 6923, 6924, 6825",12
"6825",6825,"6725, 6824, 1038, 3202, 6625, 6724, 6726, 6823, 7025, 6926, 6827, 6924, 7103, 6826",14
"6826",6826,"1061, 6726, 6825, 4269, 6626, 6725, 6727, 6824, 7026, 6927, 6828, 6925, 6926, 6827",14
"6827",6827,"2975, 6826, 6627, 6726, 6728, 6825, 6928, 6829, 6926, 6927, 6828",11
"6828",6828,"4740, 6728, 6827, 6628, 6727, 6729, 6826, 2055, 9505, 7028, 6929, 6830, 6927, 6928",14
"6829",6829,"6729, 108, 6728, 6730, 6827, 7029, 6831, 6928, 6929, 6830",10
"6830",6830,"6730, 6829, 6630, 6729, 3922, 6828, 7030, 6931, 6832, 6929, 6930, 6831",12
"6831",6831,"6731, 6830, 1922, 3692, 6631, 6730, 6829, 7031, 6932, 6833, 6930, 6931, 6832",13
"6832",6832,"6732, 6831, 1507, 5457, 6733, 6830, 7313, 7032, 6933, 6834, 6932, 6833",12
"6833",6833,"6733, 6832, 6633, 6732, 6734, 6831, 2582, 3781, 7811, 7033, 6835, 6933, 6834",13
"6834",6834,"6734, 6833, 6634, 6733, 6735, 6832, 295, 7034, 6836, 6933, 6934, 6835",12
"6835",6835,"4862, 6735, 6834, 6635, 6736, 6833, 6734, 9442, 7035, 6936, 6837, 6934, 6935, 6836",14
"6836",6836,"6736, 6835, 5545, 6636, 6735, 6737, 6834, 4984, 7036, 6937, 6838, 6837",12
"6837",6837,"6836, 6637, 6736, 6738, 6835, 9287, 7037, 6938, 8611, 6936, 6838",11
"6838",6838,"4988, 6738, 6837, 1493, 6638, 6737, 6836, 7038, 6939, 6840, 6937, 6938, 6839",13
"6839",6839,"6739, 6838, 1111, 6738, 6740, 7039, 6940, 7329, 6938, 6939",10
"6840",6840,"6740, 2833, 6640, 6739, 6838, 7040, 6941, 6842, 6939, 6940, 6841, 9401",12
"6841",6841,"1380, 1399, 6741, 6840, 6740, 6742, 7041, 6942, 6940, 6941",10
"6842",6842,"6742, 3513, 6642, 6743, 6840, 6670, 7640, 9316, 6943, 6844, 6941, 6843",12
"6843",6843,"6743, 6842, 6643, 6742, 6744, 7043, 6944, 6845, 6942, 7310, 6943, 6844",12
"6844",6844,"6744, 6843, 1294, 1352, 6644, 6743, 4063, 6842, 7044, 6945, 6846, 6943, 6944, 6845",14
"6845",6845,"4722, 6745, 6844, 6645, 6744, 6746, 6843, 7045, 6946, 6847, 6944, 6945, 6846",13
"6846",6846,"6746, 6845, 5601, 6646, 6745, 6747, 6844, 8623, 7046, 6947, 6848, 6945, 6946, 6847",14
"6847",6847,"6747, 6846, 6647, 6748, 6845, 7047, 6948, 6849, 6946, 6947, 6848",11
"6848",6848,"482, 4337, 6748, 6847, 1902, 6648, 6747, 6846, 5027, 6949, 6850, 6947, 6948, 6849",14
"6849",6849,"6848, 6649, 6748, 6847, 7049, 6950, 6948, 8828",8
"6850",6850,"6750, 156, 1105, 6650, 6749, 6751, 6848, 7050, 6951, 6852, 6949, 6950, 6851",13
"6851",6851,"6751, 6850, 6651, 6750, 6752, 4716, 7051, 7478, 6853, 6950, 9629, 6951, 6852",13
"6852",6852,"6752, 6851, 970, 6652, 6751, 6753, 6850, 5470, 6768, 7204, 6953, 6854, 6952, 6853",14
"6853",6853,"6753, 6852, 6653, 6754, 6851, 5909, 7053, 6954, 7620, 7015, 6953, 6854",12
"6854",6854,"6754, 6853, 2173, 6654, 6753, 6755, 6852, 4653, 7054, 6955, 6856, 6855",12
"6855",6855,"2198, 6755, 6655, 6754, 6756, 872, 6854, 8868, 7055, 6956, 6857, 6954, 6955",13
"6856",6856,"6756, 6656, 6854, 3031, 2624, 7056, 6957, 6858, 7914, 6857",10
"6857",6857,"2768, 6757, 6856, 391, 6657, 6756, 6758, 6855, 8494, 7057, 6958, 6859, 6957, 6858",14
"6858",6858,"6857, 2615, 6658, 6757, 6759, 6856, 7058, 6957",8
"6859",6859,"1618, 6659, 6758, 6760, 6857, 4455, 7059, 6861, 6958, 6959, 6860",11
"6860",6860,"6760, 6859, 6660, 6759, 6761, 9381, 7060, 6961, 6862, 6959, 9260, 6960",12
"6861",6861,"6761, 6661, 6760, 6762, 6859, 8233, 7061, 6962, 6863, 6960, 6862, 7819",12
"6862",6862,"6762, 6861, 6662, 2231, 6763, 6860, 5353, 9312, 6963, 9985, 6961, 9271",12
"6863",6863,"586, 2664, 1878, 6663, 6764, 6861, 2572, 7063, 6964, 6865, 6962, 6963",12
"6864",6864,"6764, 6664, 6765, 7064, 6965, 6866, 6963, 8073, 6964, 6865",10
"6865",6865,"1961, 6864, 4270, 6665, 6764, 6766, 6863, 6966, 6867, 6964, 6866",11
"6866",6866,"6766, 6865, 3951, 5774, 6765, 6864, 7737, 8937, 7066, 6868, 6965, 6966, 6867",13
"6867",6867,"200, 6767, 6866, 6468, 6667, 6766, 6768, 6865, 7067, 6968, 9304, 6966, 6967, 6868",14
"6868",6868,"6768, 6867, 6668, 2613, 864, 6866, 6969, 6870, 6968, 6869",10
"6869",6869,"6769, 6868, 2465, 6669, 6768, 6770, 1977, 7069, 6970, 6871, 6969, 6870",12
"6870",6870,"6770, 6869, 6670, 6769, 6771, 6868, 7609, 7070, 6971, 6872, 6969, 6970",12
"6871",6871,"6771, 1116, 6770, 6772, 6869, 7071, 6972, 6873, 6970, 6971, 6872",11
"6872",6872,"6871, 6672, 6771, 6773, 6870, 7072, 6973, 6874, 6971, 6972, 6873",11
"6873",6873,"6773, 6872, 6355, 6673, 6765, 6772, 6774, 6871, 2770, 7073, 6974, 6875, 6972, 9353",14
"6874",6874,"5007, 6774, 5226, 5123, 6775, 6872, 7074, 6975, 9505, 6973, 7756, 6974, 6875",13
"6875",6875,"1571, 6874, 6495, 6774, 6776, 6873, 7075, 6976, 6877, 6974, 6876",11
"6876",6876,"6776, 6875, 1676, 491, 6676, 6775, 6777, 6490, 3642, 7076, 8406",11
"6877",6877,"5228, 6777, 1948, 6677, 6776, 6778, 6875, 2232, 7077, 6978, 6879, 6976, 6878",13
"6878",6878,"3678, 6778, 6678, 6777, 6877, 8615, 7078, 6979, 6977, 6978, 6879",11
"6879",6879,"6779, 6878, 2021, 6778, 6780, 6877, 5666, 6980, 6881, 6978, 6979, 6880",12
"6880",6880,"6780, 6879, 151, 6680, 6781, 2955, 7139, 7080, 6981, 6882, 6979, 9444, 6980",13
"6881",6881,"2427, 6781, 6681, 6780, 6782, 6879, 7081, 6982, 6883, 6980, 6882",11
"6882",6882,"6782, 6881, 6682, 6783, 6880, 7121, 6983, 7499, 6981, 6982",10
"6883",6883,"2938, 6560, 6683, 1909, 6784, 6881, 7083, 6885, 6982, 6983, 6884",11
"6884",6884,"6784, 6883, 4041, 6684, 6783, 6785, 9066, 7084, 6985, 6886, 6983, 6984, 6885",13
"6885",6885,"6785, 6884, 6685, 6784, 1359, 6883, 7085, 6986, 6887, 6984, 7584, 6886",12
"6886",6886,"6786, 6885, 6785, 6787, 6884, 7086, 6987, 6888, 6985, 6887",10
"6887",6887,"2028, 6886, 6687, 6786, 6885, 8777, 9646, 6988, 6889, 6986, 6987, 6888",12
"6888",6888,"3939, 6788, 6887, 6688, 6787, 6789, 6886, 2265, 7088, 8123, 6987, 6988",12
"6889",6889,"6789, 5113, 6689, 6788, 6790, 6887, 3898, 2091, 4309, 7300, 6990, 6891, 6989, 9371",14
"6890",6890,"5615, 1512, 6789, 6791, 7090, 6991, 6892, 6989, 6990, 6891",10
"6891",6891,"6791, 6890, 6790, 6889, 8198, 7091, 6992, 6893, 6990, 6991, 6892",11
"6892",6892,"6792, 6891, 6692, 6791, 6890, 6993, 6894, 6991, 6992, 6893",10
"6893",6893,"1156, 6793, 6892, 3301, 6693, 6792, 6794, 6891, 2530, 2375, 7093, 7288, 6992, 7916, 6993",15
"6894",6894,"4671, 6794, 431, 1632, 6694, 6793, 6892, 7094, 6995, 6896, 6993, 6994, 6895",13
"6895",6895,"6795, 6894, 6796, 1905, 8900, 7034, 7020, 6996, 6897, 6994, 7000, 6896",12
"6896",6896,"6796, 6895, 6696, 2659, 6894, 7096, 6997, 6898, 6995, 6996, 6897",11
"6897",6897,"6797, 6896, 5728, 6697, 6796, 6798, 6895, 5335, 7097, 6899, 6996, 6997",12
"6898",6898,"6798, 5525, 6799, 6896, 7098, 6999, 6900, 6998, 6899",9
"6899",6899,"6799, 6898, 6699, 6798, 6800, 18, 6897, 7099, 6999, 6900",10
"6900",6900,"2271, 6800, 6899, 6700, 6799, 6898, 7100, 6999, 7000",9
"6901",6901,"2682, 6801, 4711, 6701, 6802, 282, 6903, 9821, 6902",9
"6902",6902,"6802, 4616, 6702, 6801, 35, 5512, 6901, 7042, 7003, 6904, 7001, 7002, 6903",13
"6903",6903,"4603, 6803, 6902, 6117, 6511, 6703, 6802, 4159, 6901, 7103, 6905, 7002, 7003, 6904",14
"6904",6904,"6903, 6704, 6803, 6805, 6902, 7005, 6906, 7003, 7004, 6905",10
"6905",6905,"5961, 273, 6904, 4054, 6705, 6804, 6806, 6903, 7105, 7006, 6907, 7004, 7005, 6906",14
"6906",6906,"6806, 6905, 1418, 6805, 6807, 6904, 7106, 7007, 7005, 7006, 6907",11
"6907",6907,"6807, 6906, 6707, 6806, 6905, 7107, 6909, 7006, 7007",9
"6908",6908,"6808, 4439, 1609, 6708, 6809, 7311, 7108, 7009, 9466, 7007, 7445, 7008",12
"6909",6909,"6809, 6709, 6808, 6810, 6907, 9332, 7109, 7010, 6911, 7706, 7009, 6910, 7896",13
"6910",6910,"6810, 6909, 3816, 6809, 6811, 4542, 7110, 7011, 6912, 7010",10
"6911",6911,"6811, 6711, 6810, 6812, 6909, 7111, 7012, 6913, 7010, 6912, 7671",11
"6912",6912,"6812, 6911, 6712, 6811, 4580, 6910, 9128, 7937, 7112, 7013, 6914, 7011, 7012, 6913",14
"6913",6913,"6912, 6713, 6812, 6814, 6911, 7113, 7014, 6915, 7012, 7013",10
"6914",6914,"6814, 6797, 6714, 6813, 6815, 6912, 7114, 7015, 6916, 7013, 6915, 8402",12
"6915",6915,"6815, 3834, 5784, 6034, 6727, 6816, 6913, 6914, 8944, 7016, 6917, 7014, 6916",13
"6916",6916,"6816, 6915, 2365, 6716, 6817, 6914, 7116, 7017, 7015, 7016",10
"6917",6917,"6817, 63, 6818, 6915, 3735, 8047, 7117, 7018, 6919, 7017, 6918, 7464",12
"6918",6918,"274, 759, 6818, 6917, 2165, 6718, 6819, 1230, 7118, 7019, 6920, 7017, 7018",13
"6919",6919,"6719, 6818, 6820, 6917, 9104, 7119, 7020, 6921, 7018, 7019, 6920, 9827",12
"6920",6920,"6820, 6919, 139, 6720, 6819, 6821, 6918, 7768, 7120, 7021, 6922, 7019, 7020, 6921",14
"6921",6921,"6821, 6920, 2045, 6627, 2132, 6820, 4858, 6919, 8412, 7121, 7022, 6923, 7021",13
"6922",6922,"6822, 968, 1598, 6722, 6821, 6823, 6920, 3980, 7122, 7023, 7021, 7022, 6923",13
"6923",6923,"6823, 6922, 6723, 6822, 6824, 6921, 7123, 7024, 6925, 7022, 7023, 6924",12
"6924",6924,"1248, 6824, 6923, 6724, 6823, 6825, 7124, 7025, 6926, 7023, 7024, 6925",12
"6925",6925,"6924, 6725, 6826, 6923, 6151, 7125, 7026, 6927, 7025, 6926",10
"6926",6926,"6826, 6925, 3788, 6726, 6825, 6827, 6924, 8208, 7027, 6928, 7025, 7026",12
"6927",6927,"6827, 586, 6727, 6826, 6828, 6925, 7127, 7028, 7026, 7027, 6928, 9864",12
"6928",6928,"6828, 6927, 6728, 6827, 6829, 6926, 7128, 7029, 6930, 7027, 7028, 6929",12
"6929",6929,"1601, 6829, 6928, 6729, 6828, 6830, 6699, 2874, 7670, 7030, 6931, 7028, 7029, 6930",14
"6930",6930,"6830, 6929, 6730, 6005, 6831, 6928, 7378, 7130, 7031, 6932, 7029, 7030, 6931",13
"6931",6931,"6831, 6930, 6731, 6830, 6929, 9879, 7209, 7131, 6933, 7030, 7031, 6932",12
"6932",6932,"6832, 6931, 6732, 6831, 6930, 7132, 7033, 6934, 7031, 7032",10
"6933",6933,"6833, 6229, 6733, 6832, 6834, 6931, 7133, 7034, 6935, 7033, 6934",11
"6934",6934,"6834, 6933, 6835, 6932, 8948, 7134, 7035, 6936, 6935",9
"6935",6935,"6835, 6934, 4765, 6933, 1328, 1415, 7135, 7034, 7035, 6936",10
"6936",6936,"6935, 6736, 6835, 6837, 6934, 7136, 7037, 6938, 7035, 6937",10
"6937",6937,"4338, 4749, 6936, 4095, 6836, 6838, 5117, 8515, 7137, 6939, 7681, 7037",12
"6938",6938,"6838, 4478, 6738, 6837, 6839, 6936, 7039, 6940, 7037, 7038, 6939",11
"6939",6939,"6839, 6938, 6739, 6838, 6840, 6937, 7040, 6941, 7038, 7039",10
"6940",6940,"6840, 6379, 2907, 3192, 6740, 6839, 6841, 6938, 7140, 7041, 6942, 9996, 7040, 6941",14
"6941",6941,"3522, 6841, 6940, 1399, 6741, 6840, 6842, 6939, 8037, 7042, 6943, 7040, 7041, 6942",14
"6942",6942,"1992, 6941, 4862, 6742, 6841, 6843, 6940, 6026, 7524, 7043, 6944, 7042, 6943",13
"6943",6943,"6843, 6942, 6743, 6842, 6844, 6941, 63, 4828, 7044, 7042, 7043, 6944",12
"6944",6944,"6844, 6943, 6744, 6843, 6845, 6942, 2333, 7144, 7045, 6946, 7043, 7044",12
"6945",6945,"6845, 6745, 6844, 6846, 7046, 6947, 7044, 7670, 6946",9
"6946",6946,"6846, 6945, 6746, 6845, 6847, 6944, 7146, 7047, 7046, 6947",10
"6947",6947,"4155, 6847, 6946, 6747, 6846, 6848, 6945, 7147, 7048, 6949, 7046, 7047, 6948",13
"6948",6948,"6848, 6947, 2156, 3828, 6847, 6849, 379, 8814, 7148, 6950, 7047, 7048, 6949",13
"6949",6949,"2950, 6948, 2025, 6749, 6755, 6848, 6850, 6947, 3634, 5847, 8968, 7149, 6951, 7048, 7049",15
"6950",6950,"3578, 6850, 6750, 6849, 6851, 6948, 7150, 7051, 7049, 7050, 6951",11
"6951",6951,"6851, 6950, 6751, 6850, 6949, 7151, 7052, 6953, 7050, 7051, 6952",11
"6952",6952,"6852, 6951, 6345, 6752, 3770, 7152, 7053, 6954, 7051, 8054, 7052, 6953",12
"6953",6953,"6853, 6952, 6753, 6852, 6951, 6108, 7153, 7052, 7053, 6954",10
"6954",6954,"6953, 6754, 6853, 6855, 6952, 9972, 7154, 7055, 6956, 7053, 7054, 6955",12
"6955",6955,"6855, 6954, 3747, 6755, 6854, 5039, 9141, 7155, 6957, 7054, 7118, 6956",12
"6956",6956,"6955, 6756, 6855, 6954, 9536, 7156, 6958, 7055, 7351, 6957",10
"6957",6957,"1222, 6857, 6956, 6856, 6858, 6955, 7157, 6959, 7056, 7238, 7057, 6958",12
"6958",6958,"1882, 6957, 6758, 6857, 6859, 6956, 7158, 7059, 7155, 7057, 7058, 6959",12
"6959",6959,"6859, 6958, 6759, 6286, 6860, 6957, 9038, 7159, 7708, 6961, 7215, 7059, 6960",13
"6960",6960,"6860, 6959, 992, 5592, 6760, 6861, 7160, 7061, 6962, 7059, 7060, 6961",12
"6961",6961,"6960, 2179, 6761, 6860, 6862, 6959, 6963, 7061, 6962",9
"6962",6962,"6961, 475, 3364, 6762, 6861, 6863, 6960, 7162, 7063, 6964, 7061, 7062, 8047",13
"6963",6963,"157, 2859, 6863, 6763, 6862, 6864, 6961, 9571, 7064, 6965, 7062, 6964",12
"6964",6964,"1246, 6864, 6764, 6863, 6865, 6962, 6963, 7164, 7065, 6966, 7063, 8589, 7064, 6965",14
"6965",6965,"2096, 6964, 6864, 6866, 6963, 7165, 7066, 6967, 7064, 7065, 6966",11
"6966",6966,"6129, 6866, 6965, 458, 6766, 6865, 6867, 6964, 3911, 7067, 7065, 7066",12
"6967",6967,"6867, 1449, 1871, 2636, 6767, 1728, 6965, 5833, 7167, 7068, 6969, 7066, 9870, 6968",14
"6968",6968,"6868, 6967, 6768, 6867, 7168, 7069, 6970, 7067, 7068, 6969",10
"6969",6969,"6869, 6968, 6769, 6868, 6870, 6967, 5444, 7169, 7070, 6971, 7069, 6970",12
"6970",6970,"6870, 6969, 2168, 6869, 6871, 6968, 7170, 7071, 6972, 7069, 7070, 6971",12
"6971",6971,"6871, 6970, 6771, 6870, 6872, 6969, 1804, 2746, 7171, 7070, 7838, 6972",12
"6972",6972,"6872, 6971, 5872, 6772, 6871, 6873, 6970, 7740, 7172, 7073, 6974, 7071, 7072, 6973",14
"6973",6973,"6972, 6773, 6872, 6874, 7173, 7074, 6975, 7073, 6974",9
"6974",6974,"6874, 6973, 6774, 6873, 6875, 6972, 7174, 7075, 6976, 7073, 7074, 6975",12
"6975",6975,"1666, 2251, 6974, 6775, 6874, 6973, 7175, 7076, 6977, 7074, 8262, 7075, 6976",13
"6976",6976,"1744, 3295, 6975, 2389, 195, 6875, 6877, 6974, 7176, 7077, 6978, 7075, 7076, 6977",14
"6977",6977,"3543, 6976, 6777, 6878, 6975, 8760, 8483, 7078, 6979, 7076, 7077, 6978",12
"6978",6978,"6878, 6977, 6778, 6877, 6879, 6976, 2868, 7079, 6980, 7077, 7078, 6979",12
"6979",6979,"6879, 6978, 3232, 5437, 6878, 6880, 6977, 7179, 7080, 6981, 7078, 7079, 6980",13
"6980",6980,"4660, 6880, 6979, 6717, 6780, 6879, 6881, 6978, 8712, 7081, 6982, 8658, 6981",13
"6981",6981,"4419, 2673, 3561, 6880, 6882, 6979, 1725, 999, 6980, 7181, 7082, 6983",12
"6982",6982,"6882, 6782, 6881, 6883, 6980, 8125, 7182, 7083, 6984, 7081, 7082, 6983",12
"6983",6983,"6883, 6982, 6783, 6884, 6981, 6882, 7084, 6985, 7082, 7083, 6984",11
"6984",6984,"6884, 6983, 6784, 1848, 6885, 6982, 9775, 8086, 7085, 6986, 7083, 8750, 7084, 6985",14
"6985",6985,"114, 6984, 3212, 6785, 6884, 6886, 6983, 7185, 7086, 6987, 7084, 7085, 6986",13
"6986",6986,"1075, 6985, 3303, 4322, 6786, 6885, 6887, 6984, 9001, 7186, 6988, 7086",12
"6987",6987,"6887, 4781, 6787, 6886, 6888, 6985, 7187, 7088, 6989, 7086, 7087, 6988",12
"6988",6988,"6888, 6987, 6788, 6887, 6986, 7188, 7089, 6990, 7088, 6989",10
"6989",6989,"6889, 6988, 2088, 6789, 6890, 6987, 2679, 2234, 1852, 6991, 7089, 6990",12
"6990",6990,"6890, 6989, 6790, 6889, 6891, 6988, 4895, 4448, 7190, 7219, 6992, 7090",12
"6991",6991,"343, 6891, 4397, 6791, 6890, 6892, 6989, 9130, 7191, 7092, 6993, 7090, 6992",13
"6992",6992,"6892, 6991, 15, 6792, 6891, 6893, 6990, 7192, 7093, 6994, 8723, 7092, 6993",13
"6993",6993,"6893, 6992, 6793, 6892, 6894, 6991, 7193, 7094, 6995, 7092, 7093, 6994",12
"6994",6994,"6894, 6993, 1736, 6794, 6895, 6992, 8253, 7194, 7095, 7093, 7094, 6995",12
"6995",6995,"4864, 6994, 6795, 6894, 6896, 6993, 7195, 7096, 6997, 7094, 7095, 6996",12
"6996",6996,"6896, 6995, 6271, 6796, 6895, 6897, 4832, 7196, 7097, 6998, 7095, 7096, 6997",13
"6997",6997,"4109, 5620, 6897, 6996, 6797, 6896, 6048, 6995, 6735, 7098, 6999, 7096, 7645, 7097",14
"6998",6998,"6898, 6798, 6996, 7099, 7000, 8681, 7098, 6999",8
"6999",6999,"6899, 6998, 6799, 6898, 6900, 6997, 7199, 7100, 7098, 7099, 7000",11
"7000",7000,"6900, 6999, 6895, 6800, 6163, 6998, 7099, 7100",8
"7001",7001,"396, 6902, 7487, 7514, 7624, 7201, 7102, 7003, 7101, 7002",10
"7002",7002,"6902, 7001, 6903, 4456, 9339, 7202, 7103, 7004, 7102, 7003",10
"7003",7003,"6903, 7002, 6803, 6902, 6904, 7001, 7203, 7104, 7005, 7102, 7103, 7004",12
"7004",7004,"1940, 6904, 7003, 6804, 6905, 7002, 8468, 7204, 7105, 7006, 7103",11
"7005",7005,"6905, 4483, 6904, 6906, 7003, 2563, 257, 7205, 7106, 7007, 7104",11
"7006",7006,"1414, 6906, 4905, 874, 6345, 6905, 6907, 7004, 4396, 8588, 7206, 7107, 7008, 7106, 7007",15
"7007",7007,"6907, 7006, 327, 6807, 6906, 6908, 7005, 7207, 7108, 7009, 7106, 7107, 7008",13
"7008",7008,"6908, 7007, 6808, 7006, 8972, 7208, 7109, 7010, 7107, 7108, 7009",11
"7009",7009,"6909, 7008, 2749, 6809, 6908, 7007, 7209, 8970, 7011, 7108, 7109, 7010",12
"7010",7010,"6910, 7009, 6810, 6909, 6911, 7008, 7111, 7109, 9715, 7110, 7011",11
"7011",7011,"5359, 7010, 6811, 6910, 6912, 7009, 7211, 7112, 7013, 7110, 7111, 7012",12
"7012",7012,"3523, 6912, 7011, 4936, 6048, 6812, 6911, 6913, 7212, 7113, 7014, 7111, 8287, 7112, 7013",15
"7013",7013,"6913, 7012, 6813, 6912, 6914, 7011, 8553, 7114, 7015, 7112, 8245, 7014",12
"7014",7014,"7013, 6814, 6913, 6915, 7012, 7278, 7214, 7115, 7016, 7113, 7114, 7015",12
"7015",7015,"6853, 7014, 6815, 6914, 6916, 7013, 7215, 7116, 7017, 7114, 7115, 7016",12
"7016",7016,"3851, 6916, 7015, 6816, 7014, 6915, 8195, 7216, 7117, 7018, 7115, 7116, 7017",13
"7017",7017,"6917, 7016, 6916, 6918, 7015, 8943, 8742, 8392, 7217, 7118, 7019, 7018",12
"7018",7018,"6918, 7017, 6488, 6818, 6917, 6919, 7016, 7218, 7119, 7549, 7117, 7118, 7019",13
"7019",7019,"4043, 6919, 7018, 6819, 6918, 6920, 7017, 4207, 7219, 7120, 8486, 7119, 7020",13
"7020",7020,"6920, 7019, 1808, 4126, 6820, 6919, 6895, 7121, 7022, 7119, 7120, 7021",12
"7021",7021,"6921, 7020, 6821, 6920, 6922, 7051, 7122, 7023, 7120, 9730, 7022",11
"7022",7022,"5333, 6616, 6922, 7021, 1731, 6921, 6923, 7020, 1869, 7024, 7121, 7122, 7023",13
"7023",7023,"6923, 7022, 6823, 6922, 6924, 7021, 7223, 7124, 7025, 7122",10
"7024",7024,"6924, 2735, 5247, 6824, 6923, 7022, 119, 666, 9551, 7224, 7125, 7026, 7123, 9753, 7025",15
"7025",7025,"6925, 7024, 6825, 6924, 6926, 7023, 6443, 7225, 7126, 7124, 7125, 7026",12
"7026",7026,"6926, 7025, 6826, 6925, 6927, 7024, 5552, 7226, 7127, 7028, 7125, 7126",12
"7027",7027,"6927, 5122, 6926, 6928, 8721, 7128, 7029, 7126, 7127, 7028",10
"7028",7028,"1084, 6928, 7027, 6828, 6927, 6929, 7026, 5063, 7228, 7129, 7030, 9915, 7128",13
"7029",7029,"5928, 6929, 6829, 6928, 6930, 7027, 7229, 7031, 7128, 7129, 7030",11
"7030",7030,"6930, 7029, 6830, 6929, 6931, 7028, 7230, 7131, 9050, 7129, 7130, 7031",12
"7031",7031,"1662, 6931, 7030, 6831, 6930, 6932, 7029, 7231, 7132, 7033, 7130, 7131",12
"7032",7032,"3959, 6932, 6810, 6832, 9592, 7232, 7133, 7034, 7650, 8556, 7204, 7132, 7033",13
"7033",7033,"1999, 6933, 7032, 2318, 4374, 6833, 6932, 2866, 7031, 1655, 7233, 7134, 7035, 7133, 7034",15
"7034",7034,"368, 4478, 7033, 1451, 6834, 6933, 6935, 7032, 6895, 7234, 7135, 7133, 7134, 7035",14
"7035",7035,"6284, 6935, 7034, 6835, 6934, 6936, 7033, 5262, 7235, 7136, 7037, 7135, 7036",13
"7036",7036,"1978, 7035, 6836, 7236, 7137, 7038, 7135, 7136, 7037",9
"7037",7037,"6937, 7036, 4382, 6837, 6936, 6938, 7035, 7237, 7138, 7039, 7136, 7137, 7038",13
"7038",7038,"6938, 7037, 4413, 6838, 4725, 6939, 7036, 7238, 7139, 7040, 7137, 7138, 7039",13
"7039",7039,"6939, 7038, 5873, 6839, 6938, 7037, 7239, 7140, 7041, 9835, 8410",11
"7040",7040,"167, 6940, 6840, 6939, 6941, 7038, 2550, 2887, 4036, 7141, 7042, 7139, 7041",13
"7041",7041,"6941, 7040, 6841, 6940, 7039, 8972, 7241, 7142, 7043, 7140, 7141, 7042",12
"7042",7042,"6942, 7041, 1179, 6941, 6943, 7040, 6902, 6651, 8205, 7242, 7143, 7044, 7043",13
"7043",7043,"6943, 7042, 6843, 6942, 6944, 7041, 7243, 7144, 7045, 7142, 7143, 7044",12
"7044",7044,"6944, 7043, 1978, 2540, 744, 6844, 6943, 6945, 7042, 5752, 7145, 7046, 7144, 7045",14
"7045",7045,"7044, 6845, 6944, 106, 7043, 7245, 7146, 7047, 7145, 7046",10
"7046",7046,"6946, 7045, 1190, 6846, 6947, 7044, 6945, 7246, 7147, 7145, 7146, 7047",12
"7047",7047,"6947, 7046, 6847, 6946, 6948, 7045, 7247, 7148, 7049, 7147, 7048",11
"7048",7048,"6948, 7047, 1512, 6947, 6949, 2358, 7248, 7149, 7050, 7147, 7148",11
"7049",7049,"6949, 6849, 5674, 6950, 7047, 7249, 7051, 7148, 7149, 7050",10
"7050",7050,"6950, 7049, 6850, 6951, 7048, 7380, 7250, 7151, 7052, 7150",10
"7051",7051,"4526, 6951, 2759, 6851, 6950, 6952, 7021, 7049, 7740, 7251, 7152, 7053, 7150, 7151, 7052",15
"7052",7052,"249, 6952, 7051, 6951, 6953, 7050, 7252, 7153, 7054, 7151, 7152, 7053",12
"7053",7053,"6953, 7052, 2084, 6853, 6952, 6954, 7051, 7253, 7154, 7055, 7152, 7153, 7054",13
"7054",7054,"6954, 7053, 3016, 6854, 4869, 6955, 7052, 7153, 7254, 7155, 7055",11
"7055",7055,"7054, 6855, 6954, 6956, 7053, 7255, 7156, 7057, 8091, 9775, 7056",11
"7056",7056,"7055, 6856, 6957, 7256, 7157, 7058, 7155, 7156, 7057",9
"7057",7057,"6957, 7056, 251, 6857, 2903, 6958, 7055, 2081, 5823, 7257, 7158, 7156, 7058",13
"7058",7058,"6958, 7057, 6858, 7056, 7258, 7159, 7060, 7157, 7626, 7665, 7158, 7059",12
"7059",7059,"6959, 7058, 6859, 6958, 6960, 6636, 7259, 7160, 7158, 7159",10
"7060",7060,"6960, 575, 2145, 6860, 7058, 8396, 7161, 7062, 7159, 7160, 7061",11
"7061",7061,"6961, 7060, 6861, 6960, 6962, 6642, 9682, 7162, 7063, 7160, 7161, 7062",12
"7062",7062,"6962, 7061, 6963, 7060, 1497, 7262, 7163, 7064, 7161, 7162",10
"7063",7063,"3979, 1423, 6863, 6962, 6964, 7061, 2634, 7706, 7263, 7065, 7162, 7163",12
"7064",7064,"5731, 6964, 6864, 6963, 6965, 7062, 7264, 7165, 7066, 7164, 7065, 9729",12
"7065",7065,"6965, 7064, 5622, 1684, 6964, 6966, 7063, 7265, 7166, 7067, 9633, 7165, 7066",13
"7066",7066,"6966, 7065, 1311, 2169, 4753, 6866, 6965, 6967, 7064, 7266, 7167, 7068, 7165, 7166, 7067",15
"7067",7067,"7066, 857, 2750, 6867, 6966, 6968, 7065, 7267, 7168, 7069, 7166, 7068",12
"7068",7068,"6968, 6967, 7066, 7067, 7268, 7169, 7167, 7069",8
"7069",7069,"6969, 7068, 6869, 6968, 6970, 7067, 5247, 7170, 7071, 7070",10
"7070",7070,"6970, 7069, 3756, 6870, 6969, 6971, 5511, 7270, 7171, 7072, 7169",11
"7071",7071,"6309, 6871, 6970, 6972, 7069, 7271, 7172, 7073, 7170, 7171, 7072",11
"7072",7072,"6972, 7071, 6872, 4552, 7070, 7272, 7173, 7074, 7171, 9425, 7073",11
"7073",7073,"6973, 6873, 6972, 6974, 7071, 7072, 7273, 7174, 7075, 7173, 7074",11
"7074",7074,"6974, 7073, 4676, 6874, 6973, 6975, 7072, 7175, 7076, 7173, 7174, 7075",12
"7075",7075,"6975, 7074, 6875, 6974, 6976, 7073, 7275, 7077, 7174, 7175, 7076",11
"7076",7076,"6976, 7075, 6876, 6975, 6977, 7074, 2628, 7276, 7177, 7078, 7175, 7409, 7077",13
"7077",7077,"6977, 7076, 6877, 6976, 6978, 7075, 7277, 7178, 7079, 7176, 7177, 7078",12
"7078",7078,"6978, 7077, 3635, 6878, 6977, 6979, 7076, 7278, 7179, 7080, 7177, 7178, 7079",13
"7079",7079,"6979, 7078, 6978, 1064, 7077, 8059, 7279, 7178, 7179, 7080",10
"7080",7080,"7079, 4278, 6880, 6979, 7078, 7280, 7181, 7082, 7179, 7180, 7081, 9294",12
"7081",7081,"980, 7080, 6881, 6980, 6982, 7281, 7182, 7083, 7180, 7754, 7181, 7082",12
"7082",7082,"4230, 6982, 7081, 1753, 6981, 6983, 7080, 53, 7698, 7183, 7084, 7181, 7182, 7083",14
"7083",7083,"6983, 7082, 2641, 6883, 6982, 6984, 7081, 7283, 7184, 7085, 7182, 7183, 9696",13
"7084",7084,"6984, 274, 6884, 6985, 7082, 6983, 7284, 7185, 7086, 7183, 7184, 7085",12
"7085",7085,"6985, 7084, 6885, 6984, 4507, 7083, 6766, 7285, 7186, 7087, 7184, 7185",12
"7086",7086,"2565, 6986, 2273, 6886, 6985, 6987, 7084, 3028, 9036, 7187, 7185, 7186, 7087",13
"7087",7087,"6987, 7086, 4500, 4019, 5054, 7085, 7287, 7188, 8946, 7186, 7187, 7088",12
"7088",7088,"6988, 7087, 6888, 6987, 3652, 7288, 7189, 9088, 7187, 7563, 7188, 7089",12
"7089",7089,"6989, 7088, 4195, 6988, 7289, 7190, 7091, 7188, 9319, 7189, 7090",11
"7090",7090,"6990, 7089, 1608, 4675, 6890, 6991, 8782, 7290, 7191, 7092, 7189, 7190, 7749",13
"7091",7091,"4052, 6891, 7089, 7291, 9780, 7190, 8823, 8271, 7092",9
"7092",7092,"6992, 7091, 1465, 4266, 6991, 6993, 7090, 7292, 7193, 7094, 7191, 7192, 7093",13
"7093",7093,"6993, 7092, 6893, 6992, 6994, 309, 7293, 7194, 9727, 7192, 7193",11
"7094",7094,"1640, 6994, 6479, 6894, 6993, 6995, 7092, 8035, 7294, 7195, 7096, 7193, 7194, 7095",14
"7095",7095,"1504, 2226, 6995, 7094, 4563, 5973, 6994, 6996, 7295, 7196, 7097, 7195, 7096",13
"7096",7096,"1013, 1280, 6996, 7095, 3913, 6896, 6995, 6997, 7094, 7296, 7197, 7098, 7196, 7097",14
"7097",7097,"6997, 7096, 6897, 6996, 6133, 7095, 7297, 7198, 7099, 7196, 7197, 7098",12
"7098",7098,"6998, 7097, 6898, 6997, 6999, 7096, 7298, 7199, 7100, 7197, 7198, 7099",12
"7099",7099,"6999, 7098, 2841, 6899, 6998, 7000, 7097, 7299, 7198, 7199, 7100",11
"7100",7100,"7000, 7099, 6900, 6999, 7098, 7527, 9204, 7300, 7199, 7200",10
"7101",7101,"7001, 7301, 7202, 7103, 7201, 7102",6
"7102",7102,"7002, 7101, 7001, 7003, 7302, 7203, 7104, 7201, 7202, 7103",10
"7103",7103,"6825, 7003, 7102, 2835, 4889, 6903, 7002, 7004, 7101, 7303, 7204, 7105, 7202, 7203, 7104",15
"7104",7104,"7103, 4397, 3590, 7003, 7005, 7102, 5494, 6749, 9343, 7205, 7106, 7203, 7204, 7105",14
"7105",7105,"6526, 7104, 5059, 6905, 7004, 7103, 3673, 7305, 7206, 7205, 7106",11
"7106",7106,"7006, 7105, 6906, 7005, 7007, 7104, 5932, 2992, 7207, 7205, 7710, 7206",12
"7107",7107,"7007, 5426, 6907, 7006, 7008, 318, 8016, 7366, 7307, 7208, 7109, 7206, 8596, 7207, 7108",15
"7108",7108,"7008, 7107, 2107, 4206, 5284, 6641, 6908, 7007, 7009, 7308, 7209, 7110, 7207, 7208, 7109",15
"7109",7109,"7009, 7108, 2166, 6909, 7008, 7010, 7107, 7309, 7210, 7111, 7208, 7209, 7110",13
"7110",7110,"7010, 7109, 981, 6910, 7011, 7108, 5166, 7310, 7112, 7209, 7743, 7210, 7111",13
"7111",7111,"1508, 7011, 7110, 6911, 7012, 7109, 7010, 9784, 7311, 7212, 7210, 7211, 7112",13
"7112",7112,"7012, 7111, 6912, 7011, 7013, 7110, 1425, 7312, 7213, 7211, 7212, 7113",12
"7113",7113,"659, 7112, 6913, 7012, 7014, 4521, 7313, 7214, 7115, 7212, 7213, 7114",12
"7114",7114,"5690, 7014, 7113, 3692, 6914, 7013, 7015, 6481, 7314, 7215, 7116, 7213, 7214, 7115",14
"7115",7115,"7015, 7114, 3393, 4306, 7014, 7016, 7113, 9145, 7315, 7216, 7117, 7214, 7215, 7116",14
"7116",7116,"7016, 7115, 6276, 6916, 7015, 6358, 7114, 4991, 7217, 7118, 7215, 7216, 7117",13
"7117",7117,"3762, 7116, 4022, 6917, 7016, 7018, 7115, 7317, 7218, 7119, 7612, 7217",12
"7118",7118,"6955, 7018, 6618, 6918, 7017, 7116, 3342, 7318, 7219, 7217, 7218, 7119",12
"7119",7119,"7019, 7118, 2901, 6919, 7018, 7020, 7117, 2059, 7319, 7220, 9185, 7219",12
"7120",7120,"7020, 6757, 6920, 7019, 7021, 3117, 7320, 7221, 7219, 7220, 7121",11
"7121",7121,"7120, 6882, 6921, 7020, 7022, 7991, 7222, 7123, 7220, 7221, 7122",11
"7122",7122,"7022, 7121, 6922, 7021, 7023, 8920, 7322, 7223, 7124, 7221, 7222",11
"7123",7123,"6923, 7024, 7121, 8060, 7323, 7224, 7125, 7222, 7223, 7124, 9387",11
"7124",7124,"7123, 6924, 7023, 7025, 7122, 7324, 7225, 7126, 7223, 7224, 7125",11
"7125",7125,"3443, 7025, 7124, 6925, 7024, 7026, 7123, 7325, 7226, 7127, 7224, 7225, 7126",13
"7126",7126,"5622, 7026, 7125, 1970, 6058, 600, 7025, 7027, 7124, 9150, 7227, 9331, 7225, 7226, 7127",15
"7127",7127,"7027, 7126, 6927, 7026, 2807, 7125, 7327, 7228, 7226, 7227, 7128",11
"7128",7128,"1555, 7028, 7127, 6928, 7027, 7029, 6406, 7228, 7328, 7229, 7130, 7227",12
"7129",7129,"7029, 7028, 7030, 4101, 7547, 7329, 7230, 7131, 9115",9
"7130",7130,"4130, 7030, 5219, 6930, 3302, 7031, 7128, 1199, 7762, 7330, 7231, 7229, 7230, 7131",14
"7131",7131,"7031, 7130, 6931, 7030, 7129, 7331, 7133, 7230, 7306, 7231, 7132",11
"7132",7132,"7032, 7131, 6932, 7031, 849, 7332, 7233, 7134, 7232, 7133",10
"7133",7133,"7033, 7132, 6933, 7032, 7034, 7131, 9790, 7333, 7234, 7135, 7232, 7233, 7134",13
"7134",7134,"7034, 7133, 3991, 6934, 7033, 7132, 3203, 8886, 7334, 7235, 7136, 7233, 7135",13
"7135",7135,"7035, 7134, 6935, 7034, 7036, 7133, 7335, 7236, 7137, 7234, 7235, 7136",12
"7136",7136,"7036, 7135, 3465, 6674, 6936, 7035, 7037, 7134, 9651, 7336, 7237, 7235, 7236",13
"7137",7137,"7037, 1599, 4912, 6937, 7036, 7038, 7135, 7337, 7238, 7139, 7236, 7237, 7138",13
"7138",7138,"7038, 7137, 5419, 7037, 5641, 1890, 7239, 7140, 7237, 7139",10
"7139",7139,"7138, 6880, 7038, 7040, 7137, 8435, 7339, 7240, 7141, 7238, 7239, 7140",12
"7140",7140,"7139, 1055, 6940, 7039, 7041, 7138, 3414, 7340, 7241, 7142, 7141",11
"7141",7141,"3044, 7041, 7140, 1517, 7040, 7139, 7514, 7143, 7240, 7142",10
"7142",7142,"4053, 7141, 4944, 6577, 7041, 7043, 7140, 5769, 7342, 7243, 7242",11
"7143",7143,"3442, 7043, 7042, 7141, 9133, 7343, 7244, 7242, 7799, 7243, 7144, 9803",12
"7144",7144,"842, 7044, 7143, 3071, 6944, 7043, 7344, 7245, 7146, 7243, 7244, 7145",12
"7145",7145,"7045, 7144, 7044, 7046, 6325, 9135, 7345, 7246, 7147, 8796, 7245, 7146",12
"7146",7146,"5079, 7046, 7145, 5336, 6946, 7045, 7144, 5453, 7346, 7148, 7245, 7246, 7147",13
"7147",7147,"7146, 6947, 7046, 7048, 7145, 7047, 7347, 7248, 7149, 7246, 7247, 7148",12
"7148",7148,"7048, 7147, 843, 2042, 3190, 6948, 7047, 7049, 7146, 3864, 7348, 7150, 7247, 7248, 7149",15
"7149",7149,"7049, 7148, 6949, 7048, 7147, 8680, 7349, 7250, 7248, 7215, 7150",11
"7150",7150,"7050, 7149, 4270, 6950, 2990, 7051, 7148, 7350, 7251, 7152, 7249, 7250, 7151",13
"7151",7151,"7051, 7150, 3384, 6951, 7050, 7052, 7351, 7252, 7153, 7250, 8427, 7152",12
"7152",7152,"7052, 7151, 6952, 7051, 7053, 7150, 5359, 7352, 7253, 7251, 7252",11
"7153",7153,"7053, 705, 6953, 7052, 7054, 7151, 6337, 7353, 7254, 7155, 7252, 7253, 7154",13
"7154",7154,"1819, 7153, 6954, 7053, 7354, 7255, 7156, 7253, 9768, 7254, 8060",11
"7155",7155,"4271, 6955, 6958, 7054, 7056, 7153, 8204, 7256, 7254, 7156",10
"7156",7156,"7056, 7155, 4647, 6956, 7055, 7057, 7154, 3587, 7255, 7256, 7157",11
"7157",7157,"7156, 6957, 7056, 7058, 7357, 7258, 7159, 7256, 7504, 8610, 7257, 7158",12
"7158",7158,"7058, 7157, 1077, 2652, 6958, 7057, 7059, 7358, 7259, 7160, 8811, 7258, 7159",13
"7159",7159,"7059, 7158, 6959, 7058, 7060, 7157, 1191, 7359, 7260, 7258, 7160",11
"7160",7160,"7060, 7159, 6960, 7059, 7061, 7158, 9168, 7360, 7261, 7162, 7981, 7260, 7161",13
"7161",7161,"7061, 7160, 4315, 7060, 7062, 9808, 7361, 7262, 7163, 7260, 8124, 7261, 7162",13
"7162",7162,"7062, 7161, 6607, 6962, 7061, 7063, 7160, 7362, 7164, 7261, 7262, 7163",12
"7163",7163,"7063, 7162, 7062, 6745, 7161, 1257, 9118, 7601, 7363, 7264, 7165, 7262, 7263",13
"7164",7164,"7064, 95, 6964, 6318, 7162, 7263, 8500, 7265, 7264, 7165",10
"7165",7165,"7065, 7164, 6965, 7064, 7066, 7163, 7266, 7167, 7264, 7265, 7166",11
"7166",7166,"7066, 7165, 6724, 7065, 7067, 157, 7366, 7168, 7265, 9505, 7266, 7167",12
"7167",7167,"437, 7166, 2387, 6967, 7066, 7068, 7165, 1192, 7295, 7367, 7268, 7169, 7267, 7168",14
"7168",7168,"6046, 7167, 6968, 7067, 7166, 5657, 7368, 7269, 8299, 7268",10
"7169",7169,"5814, 6969, 7068, 7070, 7167, 5895, 7270, 7268, 7269, 7170, 9653",11
"7170",7170,"7169, 2050, 6970, 7069, 7071, 7370, 7271, 7172, 8251, 7270, 7171",11
"7171",7171,"4423, 7071, 7170, 6971, 7070, 7072, 3023, 5874, 2971, 7371, 9755, 7172",12
"7172",7172,"7171, 6972, 7071, 3952, 7170, 3047, 8915, 7372, 7273, 7174, 7173",11
"7173",7173,"7073, 7172, 3127, 6096, 6973, 7072, 7074, 7373, 7175, 7272, 7273, 7174",12
"7174",7174,"7074, 7173, 6974, 7073, 7075, 7172, 3028, 7374, 7176, 7273, 7175",11
"7175",7175,"7075, 7174, 5507, 6975, 7074, 7076, 7173, 9250, 7375, 7276, 7177, 7274, 7275, 7176",14
"7176",7176,"7175, 6976, 1502, 7077, 7174, 268, 7277, 7178, 7275, 7276, 7177",11
"7177",7177,"7077, 7176, 7076, 7078, 7175, 4994, 7565, 7377, 7278, 7179, 7276, 9422, 7277",13
"7178",7178,"7078, 7077, 7079, 7176, 7378, 7279, 7180, 7277, 9819, 8082",10
"7179",7179,"7079, 6979, 7078, 7080, 7177, 1172, 6205, 7379, 7181, 7279, 7180",11
"7180",7180,"3977, 7080, 7179, 3165, 6334, 6233, 7081, 7178, 7281, 7182, 7279, 7280, 8729",13
"7181",7181,"7081, 208, 4945, 6981, 7080, 7082, 7179, 7282, 7183, 7280, 7281, 7182",12
"7182",7182,"4393, 7082, 7181, 6982, 7081, 7083, 7180, 108, 7382, 7283, 7184, 7281, 7930, 7183",14
"7183",7183,"7083, 7182, 993, 7082, 7084, 7181, 4108, 9135, 8285, 7284, 7185, 7283, 7184",13
"7184",7184,"7084, 7183, 7083, 7085, 7182, 4820, 7384, 7186, 7283, 7284, 7185",11
"7185",7185,"1179, 7085, 7184, 6985, 7084, 7086, 7183, 7385, 7187, 7284, 7285, 7186",12
"7186",7186,"5611, 7086, 7185, 1378, 6462, 6986, 7085, 7087, 7184, 7478, 7386, 7287, 7188, 7285, 7286, 7187",16
"7187",7187,"7087, 7186, 3548, 6987, 7086, 7088, 7185, 3489, 7387, 7288, 7286, 7287, 7188",13
"7188",7188,"477, 7088, 7187, 3043, 5938, 6988, 7087, 7089, 7186, 7388, 7289, 7190, 7287, 7189",14
"7189",7189,"7089, 7188, 7088, 7090, 7389, 7290, 7191, 7288, 7190",9
"7190",7190,"7090, 6990, 7089, 7091, 7188, 7189, 7390, 9815, 7289, 7290, 7191",11
"7191",7191,"3443, 4141, 4563, 7190, 216, 6991, 7090, 7092, 7189, 7391, 7292, 7193, 7290, 7291, 7192",15
"7192",7192,"7092, 7191, 6992, 7093, 1156, 7392, 7293, 7194, 7291, 8324, 7292",11
"7193",7193,"7093, 5060, 6993, 7092, 7094, 7191, 7393, 7294, 7292, 9862, 7293, 7778",12
"7194",7194,"7094, 6994, 7093, 1109, 7192, 223, 7394, 7295, 7293, 7294, 7195",11
"7195",7195,"4240, 7095, 7194, 6995, 7094, 715, 5706, 7810, 7395, 7296, 7197, 7294, 7295, 7196",14
"7196",7196,"7096, 7195, 543, 6996, 7095, 7097, 7396, 7297, 7295, 7296, 7197",11
"7197",7197,"7097, 7196, 2949, 7096, 7098, 7195, 7397, 7298, 7199, 7296, 7297, 7198",12
"7198",7198,"744, 7098, 7197, 736, 2084, 2382, 3734, 4631, 7097, 7099, 4335, 6753, 7398, 7299, 7200, 7298, 7199",17
"7199",7199,"7099, 7198, 2863, 6159, 6999, 7098, 7100, 7197, 7399, 7298, 7299, 7200",12
"7200",7200,"7100, 7199, 4094, 4704, 445, 7198, 8691, 7400, 7299, 7300",10
"7201",7201,"4616, 5390, 7101, 7001, 7102, 7401, 7302, 7301, 7202",9
"7202",7202,"427, 7102, 7201, 7002, 7101, 7103, 9477, 9062, 7402, 7303, 7204, 7301, 7203",13
"7203",7203,"7103, 7202, 6606, 7003, 7102, 7104, 7403, 7205, 7302, 7638, 7303",11
"7204",7204,"7104, 7032, 1441, 7004, 7103, 7202, 6852, 7303, 7304, 7205",10
"7205",7205,"7105, 7204, 7005, 7104, 7106, 2627, 7203, 9966, 7405, 7306, 7207, 7305, 7206",13
"7206",7206,"7106, 7205, 7006, 7105, 7107, 4674, 7406, 7307, 7208, 7305, 7500, 7306",12
"7207",7207,"5134, 7107, 1595, 5379, 7007, 7106, 7108, 7205, 7407, 7308, 7209, 7306, 7307, 7208, 8246",15
"7208",7208,"7108, 7207, 746, 7008, 7107, 7109, 7206, 7408, 7309, 7210, 7307, 7308, 7209",13
"7209",7209,"7109, 7208, 7009, 7108, 7110, 7207, 6931, 9762, 7211, 7308, 7210",11
"7210",7210,"3278, 7110, 4503, 5228, 7109, 7111, 7208, 5359, 7209, 8148, 7410, 7212, 7309, 7310, 7211",15
"7211",7211,"7111, 7210, 5837, 7011, 7112, 7209, 7411, 7312, 7213, 7310, 7311, 7212",12
"7212",7212,"7112, 7211, 6243, 7012, 7111, 7113, 7210, 7667, 8014, 7313, 7214, 7311, 7312, 7213",14
"7213",7213,"4782, 7113, 7212, 3777, 7112, 7114, 7211, 7413, 7314, 7215, 7312, 7313, 7214",13
"7214",7214,"7114, 7213, 7014, 7113, 7115, 7212, 3411, 7313, 7314, 7215",10
"7215",7215,"7115, 7149, 7214, 4005, 5833, 6959, 7015, 7114, 7116, 7213, 7415, 7316, 7217, 7314, 7315, 7216",16
"7216",7216,"7116, 7215, 7016, 7115, 7416, 7317, 8537, 7315, 7316, 7217",10
"7217",7217,"7117, 7216, 7017, 7116, 7118, 7215, 3646, 7417, 7318, 7219, 7317, 7218",12
"7218",7218,"7118, 7217, 7018, 7117, 6015, 7319, 7220, 7317, 7219",9
"7219",7219,"7119, 7218, 6990, 7019, 7118, 7120, 7217, 3065, 7419, 7320, 7221, 7319, 9063",13
"7220",7220,"7120, 362, 7119, 7121, 7218, 7669, 7321, 7222, 7319, 7320, 7221",11
"7221",7221,"7121, 7220, 7120, 7122, 7219, 7421, 7223, 7320, 7321, 7222",10
"7222",7222,"7122, 7221, 3655, 7121, 7123, 7220, 7422, 7323, 7224, 7321, 7223",11
"7223",7223,"7123, 7222, 7023, 7122, 7124, 7221, 7662, 7423, 7324, 7225, 7322, 7323, 7224",13
"7224",7224,"5925, 7124, 7223, 7024, 7123, 7125, 7222, 4731, 7424, 7226, 7323, 7225",12
"7225",7225,"7125, 7025, 7124, 7126, 7223, 7224, 7425, 7326, 7324, 7325, 7226",11
"7226",7226,"7126, 7225, 1985, 7026, 7125, 7127, 7224, 5264, 7426, 7228, 7325, 7326, 7227",13
"7227",7227,"4798, 7127, 7226, 1208, 7126, 7128, 7427, 7328, 7229, 7326, 9308, 7327, 7228",13
"7228",7228,"7128, 7227, 7028, 7127, 7226, 8385, 7428, 7329, 7327, 7328",10
"7229",7229,"3575, 1376, 2659, 7029, 7128, 7130, 7227, 5739, 6172, 7330, 7328, 7329, 8468",13
"7230",7230,"7130, 7030, 7129, 7131, 4492, 7430, 7331, 7232, 7329, 7330, 7231",11
"7231",7231,"1264, 7131, 7230, 7031, 7130, 7431, 7332, 7233, 7330, 7331, 7232",11
"7232",7232,"7132, 7231, 7032, 404, 7133, 7230, 7432, 7333, 7331, 7332, 7233",11
"7233",7233,"7133, 7232, 7033, 7132, 7134, 7231, 7289, 7433, 7235, 7332, 9592, 8267",12
"7234",7234,"7034, 7133, 7135, 5535, 2495, 7335, 7333, 7235",8
"7235",7235,"7135, 7234, 3424, 4040, 7035, 7134, 7136, 7233, 7435, 7336, 7237, 7856, 7335, 7236",14
"7236",7236,"4681, 7136, 7235, 7036, 7135, 7137, 7436, 7337, 7238, 7335, 7612, 7336, 7237",13
"7237",7237,"7137, 7236, 7037, 7136, 7138, 7235, 7337, 7338, 7239, 7238",10
"7238",7238,"3, 3847, 6957, 7237, 6428, 7038, 7137, 7139, 7236, 3804, 2828, 9121, 7339, 7337, 7338",15
"7239",7239,"7139, 7039, 7138, 770, 7237, 511, 7332, 7439, 7340, 7241, 7339, 7240",12
"7240",7240,"7239, 7139, 7141, 1315, 7241, 9123, 7341, 7242, 8954",9
"7241",7241,"1307, 7240, 7041, 7140, 391, 7239, 7441, 7342, 7243, 7340, 7341, 7242",12
"7242",7242,"7142, 7241, 1381, 4419, 7042, 7143, 7240, 7442, 7343, 7244, 7341, 7342, 7243",13
"7243",7243,"7143, 7242, 7043, 7142, 7144, 7241, 7443, 7344, 7245, 7343, 7244",11
"7244",7244,"7144, 7243, 7143, 7242, 9549, 7444, 7246, 7344, 7245",9
"7245",7245,"7145, 7244, 7045, 7144, 7146, 7243, 9711, 9478, 7445, 7346, 7247, 7344",12
"7246",7246,"4046, 7146, 7046, 7145, 7147, 7244, 7347, 7248, 7345, 8797, 7346, 7247, 8514",13
"7247",7247,"7147, 7246, 7047, 7148, 7245, 7447, 7348, 7249, 9403, 7347, 7248",11
"7248",7248,"7148, 7247, 7048, 7147, 7149, 7246, 108, 7448, 7250, 7347, 8409, 7249",12
"7249",7249,"7248, 6171, 7049, 7150, 7247, 7449, 7348, 7349, 7250",9
"7250",7250,"7150, 7249, 971, 6158, 7050, 7149, 7151, 7248, 7450, 7351, 7349, 7251",12
"7251",7251,"6342, 7250, 7051, 7150, 7152, 7352, 7253, 7350, 7351, 7252",10
"7252",7252,"7152, 7251, 7052, 7151, 7153, 1144, 9849, 7452, 7353, 7254, 7351, 7253",12
"7253",7253,"4962, 7153, 7252, 4531, 7053, 7152, 7154, 7251, 4162, 7453, 7354, 7352, 7353, 7254",14
"7254",7254,"7154, 7253, 7054, 7153, 7155, 7252, 7454, 7355, 7256, 7353, 7354, 7255",12
"7255",7255,"5606, 7254, 7055, 7154, 7156, 7455, 7356, 7257, 7354, 7355, 7256",11
"7256",7256,"7156, 7255, 1763, 7056, 7155, 7157, 7254, 7456, 7357, 7355, 7356, 7257",12
"7257",7257,"7157, 7256, 3565, 357, 7057, 695, 7255, 7457, 7358, 7259, 7356, 7258",12
"7258",7258,"7158, 7257, 7058, 7157, 7159, 2343, 3768, 9715, 7458, 7359, 7260, 7357, 7358",13
"7259",7259,"2592, 1172, 3964, 7059, 7158, 7257, 8032, 7459, 7360, 7261, 7359, 7260",12
"7260",7260,"7160, 7259, 256, 7159, 7161, 7258, 7460, 7361, 7262, 7359, 7360, 7261",12
"7261",7261,"7161, 7260, 3691, 7160, 7162, 7259, 2006, 9205, 7461, 7362, 7360, 7262",12
"7262",7262,"7162, 7261, 3938, 7062, 7161, 7163, 7260, 2322, 7462, 7264, 7361, 7362, 7263",13
"7263",7263,"3112, 3121, 7163, 7262, 7063, 2718, 7164, 9312, 8536, 7674, 7364, 7265, 7362, 9073, 7363, 7264",16
"7264",7264,"7164, 7263, 341, 7064, 7163, 7165, 7262, 7464, 7365, 7266, 7363, 7364, 7265",13
"7265",7265,"7165, 7264, 4805, 7065, 7164, 7166, 7263, 7366, 7267, 7364, 7365, 7266",12
"7266",7266,"7166, 7265, 7066, 7165, 7264, 7466, 7367, 7268, 7365, 7366, 7267",11
"7267",7267,"7167, 7266, 6446, 7067, 7265, 7467, 7269, 7366, 7367, 7268",10
"7268",7268,"6715, 7168, 7267, 7068, 7167, 7169, 7266, 5778, 3211, 7369, 7367, 7368",12
"7269",7269,"7169, 215, 346, 6449, 7168, 4967, 7267, 7999, 7469, 7271, 7368, 7369, 7270",13
"7270",7270,"7170, 7269, 345, 7070, 7169, 7470, 7371, 7272, 7369, 8502, 7370, 7271",12
"7271",7271,"4443, 7270, 1461, 2628, 7071, 7170, 4389, 1319, 7269, 9523, 7471, 7372, 7273, 9069, 7371, 7272",16
"7272",7272,"7271, 7072, 7173, 7270, 7451, 7472, 7274, 7371, 7372, 7273",10
"7273",7273,"7173, 7272, 6299, 7073, 7172, 7174, 7271, 7473, 7374, 7275, 7372, 7373, 7274",13
"7274",7274,"7273, 2072, 5427, 4572, 7175, 7272, 7474, 7375, 7276, 7373, 7374, 7275",12
"7275",7275,"7175, 7274, 7075, 7176, 7273, 7475, 7376, 7277, 7374, 7375, 7276",11
"7276",7276,"3279, 7176, 7275, 7076, 7175, 7177, 7274, 7377, 7278, 7375, 7376, 7277",12
"7277",7277,"7177, 7276, 7077, 7176, 7178, 7275, 7477, 7711, 7279, 7376, 7377, 7278",12
"7278",7278,"7014, 7277, 7078, 7177, 7276, 7280, 7377, 7378, 7279",9
"7279",7279,"7179, 7278, 7079, 7178, 7180, 7277, 642, 7479, 7380, 7281, 7280",11
"7280",7280,"7180, 7279, 1292, 7080, 7181, 7278, 4373, 8575, 7381, 7282, 7379, 7380, 7281",13
"7281",7281,"7181, 7280, 7081, 7180, 7182, 7279, 5286, 7481, 7382, 7381, 7282",11
"7282",7282,"5652, 7281, 7181, 186, 7280, 9741, 7433, 9474, 7284, 7736, 7382, 7283",12
"7283",7283,"7183, 7282, 1496, 5667, 7083, 7182, 7184, 1215, 5553, 7384, 7285, 7382, 7383, 7284",14
"7284",7284,"7184, 7283, 7084, 7183, 7185, 7282, 7484, 7385, 7286, 7383, 7384, 7285",12
"7285",7285,"7185, 7284, 2223, 7085, 7186, 7283, 3314, 7386, 7287, 7384, 7385, 7286",12
"7286",7286,"7186, 7285, 3177, 7187, 7284, 8527, 7486, 7387, 7288, 7386, 7287",11
"7287",7287,"7187, 7286, 2214, 7087, 7186, 7188, 7285, 7487, 7388, 7289, 7387, 7288",12
"7288",7288,"3707, 7287, 1340, 5331, 6893, 7088, 7187, 7189, 7286, 7488, 7389, 7290, 7387, 7388, 7289",15
"7289",7289,"602, 7233, 7288, 6446, 7089, 7188, 7190, 7287, 9514, 7489, 7388, 7290",12
"7290",7290,"7190, 7289, 7090, 7189, 7191, 7288, 7798, 7490, 7391, 7292, 7389, 7390, 7291",13
"7291",7291,"7191, 7290, 7091, 7192, 2717, 7491, 7392, 7293, 7390, 7292",10
"7292",7292,"901, 7192, 7291, 4980, 7092, 7191, 7193, 7290, 7492, 7393, 7294, 7391, 7392, 7293",14
"7293",7293,"7193, 7292, 7093, 7192, 7194, 7291, 7493, 7394, 7295, 7694, 7393, 7294",12
"7294",7294,"5968, 7194, 7293, 1681, 7094, 7193, 7195, 7292, 7494, 7395, 7296, 7393, 7394, 7295",14
"7295",7295,"6004, 7167, 7195, 7294, 7095, 7194, 7196, 7293, 7495, 7297, 7394, 7395, 7296",13
"7296",7296,"7196, 7295, 7096, 7195, 7197, 7294, 5754, 7496, 7397, 7298, 9034, 8922, 7396, 7297",14
"7297",7297,"7197, 7296, 7097, 7196, 569, 7295, 7398, 7299, 7396, 7397, 7298",11
"7298",7298,"7198, 7297, 4595, 7098, 7197, 7296, 7199, 3946, 7498, 7399, 7300, 7397, 7398",13
"7299",7299,"2677, 7199, 7099, 7198, 7200, 7297, 7499, 7400, 7398, 7399, 7300",11
"7300",7300,"7200, 7299, 135, 7100, 7298, 6889, 7399, 9364, 7400",9
"7301",7301,"7201, 885, 4000, 7101, 7202, 8571, 7501, 7402, 7303, 7401, 7302",11
"7302",7302,"2340, 7301, 4755, 3104, 7102, 7201, 7203, 7621, 7403, 7304, 7401",11
"7303",7303,"74, 7203, 7103, 7202, 7204, 7301, 7428, 7503, 7305, 7402, 7403",11
"7304",7304,"7204, 3057, 7302, 369, 8398, 7504, 7405, 7403, 8404, 7404",10
"7305",7305,"7205, 7105, 7206, 7303, 1549, 7505, 7406, 7404, 7405, 7306",10
"7306",7306,"941, 4613, 7206, 7305, 5631, 7205, 7207, 5319, 7131, 7506, 7407, 7308, 7406",13
"7307",7307,"7207, 7107, 7206, 7208, 7507, 7408, 7309, 7406, 7407, 7308",10
"7308",7308,"7208, 7307, 7108, 7207, 7209, 7306, 8616, 7508, 7409, 7407, 7408, 7309",12
"7309",7309,"2145, 7308, 2708, 3398, 7109, 7208, 7210, 7307, 1103, 9979, 7509, 7410, 7311, 7408, 7409, 7310",16
"7310",7310,"7210, 7309, 6843, 7110, 7211, 7510, 7411, 7312, 7409, 7789, 7410, 7311",12
"7311",7311,"7211, 7310, 7111, 7212, 7309, 6908, 9375, 7511, 7412, 7410, 7590, 7312",12
"7312",7312,"1293, 7212, 7311, 476, 184, 7112, 7211, 7213, 7310, 3713, 5246, 700, 7512, 7411, 7412, 7313",16
"7313",7313,"7213, 7312, 7113, 7212, 7214, 4316, 6832, 7513, 7315, 7412, 7413, 7314",12
"7314",7314,"7214, 7313, 7114, 7213, 7215, 7514, 7415, 7316, 7413, 7414, 7315",11
"7315",7315,"7215, 7314, 7115, 7216, 7313, 7515, 7416, 7414, 7904, 7415, 7316",11
"7316",7316,"7216, 7315, 5125, 7215, 7314, 243, 8491, 8106, 7417, 7318, 7416, 7317",12
"7317",7317,"7217, 7316, 5121, 7117, 7216, 7218, 4474, 7517, 7418, 7319, 7416, 7417, 7318",13
"7318",7318,"157, 3893, 7317, 1899, 7118, 7217, 7316, 8002, 9913, 7518, 7419, 7320, 7417, 7418, 7319",15
"7319",7319,"7219, 7318, 7119, 7218, 7220, 7317, 7739, 7519, 7420, 7321, 7418, 7419, 7320",13
"7320",7320,"7220, 7319, 7120, 7219, 7221, 7318, 7520, 7421, 7322, 7419, 7420, 7321",12
"7321",7321,"7221, 7320, 7220, 7222, 7319, 7521, 7422, 7323, 7420, 7421, 7322",11
"7322",7322,"7321, 7122, 6194, 7223, 7320, 7522, 7423, 7324, 7421, 7422, 7323",11
"7323",7323,"7223, 7322, 2782, 5469, 7123, 7222, 7224, 7321, 7714, 7424, 7325, 7422, 8487, 7324",14
"7324",7324,"7323, 7124, 7223, 7225, 7322, 8740, 7524, 7425, 7326, 7423, 7424, 7325",12
"7325",7325,"7225, 7324, 7125, 7226, 7323, 5875, 7525, 7426, 7327, 8476, 7425",11
"7326",7326,"7226, 5042, 7225, 7227, 7324, 2433, 7526, 7427, 7425, 7426, 7327",11
"7327",7327,"7227, 7326, 7127, 7228, 7325, 2889, 8443, 7527, 7329, 7427, 7328",11
"7328",7328,"4796, 7228, 7327, 7128, 7227, 7229, 7528, 7429, 7330, 7427, 7428, 7329",12
"7329",7329,"3624, 7229, 7328, 2465, 6839, 7129, 7228, 7230, 7327, 7529, 7430, 7428, 7429, 7330",14
"7330",7330,"7230, 7329, 7130, 7231, 7328, 7229, 7530, 7431, 7332, 7429, 7430",11
"7331",7331,"7231, 3993, 5053, 7131, 7230, 7232, 7431, 7531, 7432, 7333, 7430, 9955, 7332, 9773",14
"7332",7332,"7232, 7331, 7132, 7231, 7233, 7330, 7239, 7532, 7433, 7432",10
"7333",7333,"5195, 7133, 7232, 7234, 7331, 9052, 8100, 7533, 7434, 7335, 7432, 7433, 7334",13
"7334",7334,"7333, 7134, 2326, 2340, 7789, 7534, 7435, 7336, 7433, 7434",10
"7335",7335,"7235, 7135, 7234, 7236, 7333, 1154, 7535, 7436, 7337, 7434, 9592, 7336",12
"7336",7336,"7236, 7335, 7136, 7235, 7334, 7391, 7536, 7437, 7338, 7435, 7436, 7337",12
"7337",7337,"7237, 7336, 3603, 7137, 7236, 7238, 7335, 4084, 8994, 7537, 7339, 7436, 7437, 7338",14
"7338",7338,"2079, 7238, 7337, 7237, 7336, 7538, 7439, 7340, 7437, 7438, 7339",11
"7339",7339,"7239, 7338, 5988, 7139, 7238, 4799, 7337, 3104, 7539, 7440, 7438, 7439, 7340",13
"7340",7340,"1971, 7339, 3543, 7140, 7239, 7241, 7338, 7540, 7441, 7342, 7548, 7440, 7341",13
"7341",7341,"7241, 7340, 7240, 7242, 6378, 8400, 7541, 7442, 7343, 7441, 7342",11
"7342",7342,"7242, 7341, 1193, 7142, 7241, 7340, 9602, 7542, 7443, 7344, 7441, 7442, 7343",13
"7343",7343,"3056, 7243, 7342, 7143, 7242, 2903, 7341, 7543, 7444, 7345, 7442, 7443, 7344",13
"7344",7344,"225, 7244, 7343, 7144, 7243, 7245, 7342, 7544, 7346, 7443, 7345",11
"7345",7345,"4324, 7344, 6697, 7145, 7246, 7343, 9153, 7545, 9911, 7347, 7444, 8000, 7445, 7346",14
"7346",7346,"7246, 7345, 7146, 7245, 7344, 6805, 8620, 9858, 7546, 7447, 7348, 7445, 9908, 7446",14
"7347",7347,"7247, 6353, 7147, 7246, 7248, 7345, 3162, 8597, 7547, 7448, 7446, 9463, 7447, 7348",14
"7348",7348,"139, 7347, 7148, 7247, 7249, 7346, 7548, 7449, 7350, 7447, 7448, 7349",12
"7349",7349,"5390, 7249, 7348, 7149, 7250, 8435, 7549, 7450, 7448, 7449, 7350",11
"7350",7350,"5036, 7349, 7150, 7251, 7348, 1951, 7550, 7449, 9792, 9438, 7450, 7351",12
"7351",7351,"6956, 7251, 7350, 3759, 3267, 7151, 7250, 7252, 8760, 8700, 7551, 7452, 7353, 7430, 7451, 7352",16
"7352",7352,"2999, 798, 7351, 7152, 7253, 1785, 7251, 9365, 7552, 7354, 7451, 7452, 7353",13
"7353",7353,"7253, 7352, 7153, 7252, 7254, 7351, 7942, 7553, 7454, 7355, 7452, 7453, 7354",13
"7354",7354,"7254, 7353, 7154, 7253, 7255, 7352, 2322, 7554, 7455, 7356, 7453, 7355",12
"7355",7355,"7255, 7354, 1303, 7254, 7256, 7353, 7424, 7456, 7357, 7454, 9044, 7455, 7356",13
"7356",7356,"7256, 7355, 1361, 1924, 7255, 7257, 7354, 7556, 7457, 7358, 7455, 7456, 7357",13
"7357",7357,"7356, 7157, 7256, 7258, 7355, 7557, 7458, 7666, 7456, 7457",10
"7358",7358,"3376, 7258, 7158, 7257, 7356, 9538, 7918, 7558, 7459, 7360, 7457, 7374, 7359, 8926",14
"7359",7359,"223, 921, 5381, 7259, 7358, 4114, 7159, 7258, 7260, 2702, 7559, 7460, 7458, 7360",14
"7360",7360,"1356, 7260, 7359, 39, 7160, 7259, 7261, 7358, 7560, 7461, 7362, 7459, 7460, 7361",14
"7361",7361,"7360, 7161, 7260, 7262, 7561, 7462, 7363, 7460, 7549, 7461, 7362",11
"7362",7362,"1929, 7262, 7361, 7162, 7261, 7263, 7360, 7463, 7364, 7461, 7462, 7363",12
"7363",7363,"7263, 7362, 1022, 7163, 7264, 7361, 7563, 7464, 7365, 7462, 7364",11
"7364",7364,"7264, 7363, 7265, 7362, 7263, 8202, 7564, 7465, 7366, 7464, 7365",11
"7365",7365,"3353, 7265, 7364, 2054, 4944, 7264, 7266, 7363, 7565, 7466, 7367, 7464, 7465, 7366",14
"7366",7366,"7266, 7365, 7166, 7265, 7267, 7364, 7107, 7566, 7368, 7465, 7466, 7367",12
"7367",7367,"7267, 7366, 7167, 7266, 7268, 7365, 7567, 7468, 7369, 7466, 7467, 7368",12
"7368",7368,"7268, 7367, 7168, 7269, 7366, 7995, 7568, 7469, 7370, 7467, 9672, 7468, 7369",13
"7369",7369,"7269, 7368, 7270, 7367, 7268, 7569, 7470, 7371, 7469, 7370",10
"7370",7370,"7270, 7369, 1525, 7170, 7368, 7471, 7469, 9754, 7470, 7371",10
"7371",7371,"7271, 7370, 4374, 7171, 7270, 7272, 7369, 3699, 7571, 7373, 7470, 7471, 7372",13
"7372",7372,"7272, 7371, 3837, 4981, 7172, 7271, 7273, 3089, 7572, 7473, 7374, 8733, 7472, 7373",14
"7373",7373,"7273, 7372, 7173, 6047, 7274, 7371, 3815, 8756, 7573, 7375, 7472, 7531, 7473, 7374",14
"7374",7374,"7274, 7358, 7373, 1522, 7174, 7273, 7275, 7372, 3056, 3565, 7574, 7475, 7376, 7474",14
"7375",7375,"7275, 7175, 7274, 7276, 7373, 5917, 7575, 7377, 7474, 7475, 7376",11
"7376",7376,"7276, 7375, 7275, 7277, 7374, 7576, 7477, 7475, 7476, 7377",10
"7377",7377,"7277, 7376, 7177, 7276, 7278, 7375, 1762, 7577, 7478, 8148, 7477, 7378",12
"7378",7378,"7278, 7377, 638, 4992, 7178, 3670, 6930, 7578, 7479, 7380, 7477, 7478, 7379",13
"7379",7379,"7378, 7179, 2119, 7280, 7480, 7381, 7479, 7380",8
"7380",7380,"7280, 7379, 7050, 7279, 7378, 7481, 7382, 7479, 7480, 7381",10
"7381",7381,"7281, 7380, 966, 7280, 7379, 9614, 7581, 7383, 7480, 7471, 7481, 7382",12
"7382",7382,"7282, 7381, 4625, 7182, 7281, 7283, 7380, 3133, 7483, 7384, 7481, 7482, 7383",13
"7383",7383,"7283, 7382, 4137, 5249, 7284, 7381, 6373, 7583, 7484, 7385, 7482",11
"7384",7384,"6269, 7284, 7184, 7283, 7285, 7382, 3818, 7485, 7386, 7483, 7484, 7385",12
"7385",7385,"7285, 7384, 7185, 7284, 7383, 819, 7485, 9184, 8900, 7941, 7585, 7387, 7484",13
"7386",7386,"7286, 5872, 5928, 7186, 7285, 426, 7384, 7586, 7487, 7388, 7485, 7486",12
"7387",7387,"3728, 7287, 7187, 7286, 7288, 7385, 7587, 7488, 7389, 7486, 7388",11
"7388",7388,"7288, 7387, 1115, 2655, 7188, 7287, 7289, 7386, 8875, 7588, 7489, 7390, 7487, 7488, 8123",15
"7389",7389,"3255, 7189, 7288, 7290, 7387, 7589, 7490, 7391, 7488, 7489, 7390",11
"7390",7390,"7290, 7389, 2058, 7190, 101, 7291, 7388, 7590, 7491, 7392, 7489, 7490, 7391",13
"7391",7391,"2869, 7390, 288, 7191, 7336, 7290, 7292, 7389, 7591, 7492, 7393, 7490, 7392",13
"7392",7392,"7292, 7391, 7192, 7291, 7390, 6542, 7592, 7493, 7394, 7491, 7492, 7393",12
"7393",7393,"7293, 7392, 7193, 7292, 7294, 7391, 2506, 7593, 7395, 7492, 7493, 7394",12
"7394",7394,"7294, 7393, 344, 7194, 7293, 7295, 7392, 7594, 7495, 7396, 7493, 7494, 7395",13
"7395",7395,"7295, 7394, 6149, 7195, 7294, 7393, 7595, 7496, 7397, 7494, 7495, 7396",12
"7396",7396,"7296, 7395, 7196, 7297, 7394, 7596, 7497, 7398, 7495, 9995, 7496, 7397",12
"7397",7397,"7297, 7396, 7197, 7296, 7298, 7395, 7597, 7498, 7496, 7497, 7398",11
"7398",7398,"4774, 7298, 7397, 7198, 7297, 7299, 7396, 7598, 7499, 7400, 7497, 7498, 7399",13
"7399",7399,"6779, 7299, 7398, 7199, 7298, 7300, 2056, 7599, 7500, 7498, 7499, 7400",12
"7400",7400,"7300, 7399, 7200, 7299, 7398, 7600, 7499",7
"7401",7401,"7301, 1161, 7201, 7302, 2921, 7403, 7501, 7402",8
"7402",7402,"1853, 7401, 7202, 7301, 7303, 7602, 7503, 7404, 7501, 7502, 7403",11
"7403",7403,"7303, 7402, 414, 1732, 7203, 7302, 7304, 7401, 5122, 9007, 7405, 7502, 7503, 7404",14
"7404",7404,"7304, 7403, 2308, 7305, 7402, 3391, 8993, 7604, 7503, 7504, 7405",11
"7405",7405,"7305, 7404, 7205, 7304, 7, 2442, 7403, 7605, 7506, 7407, 7505, 7406",12
"7406",7406,"956, 7306, 7405, 448, 816, 7206, 7305, 7307, 7507, 7408, 7505, 7506, 7407",13
"7407",7407,"3306, 7307, 7406, 7207, 7306, 7308, 7405, 7607, 7409, 7506, 7507, 7408",12
"7408",7408,"7308, 7407, 7208, 7307, 7309, 7406, 7608, 7509, 7410, 9192, 7508",11
"7409",7409,"7309, 7076, 455, 2617, 7308, 7310, 7407, 7609, 7510, 7411, 9804, 7509, 7410",13
"7410",7410,"7310, 7409, 7210, 7309, 7311, 7408, 4424, 2710, 7610, 7412, 7509, 7510",12
"7411",7411,"923, 7211, 7310, 7312, 7409, 6172, 7611, 7413, 7510, 7511, 8099",11
"7412",7412,"7312, 7311, 7313, 7410, 7612, 7513, 7414, 7511, 7512, 7413",10
"7413",7413,"7313, 7412, 7213, 7314, 7411, 7613, 7514, 7415, 7512, 7513, 7414",11
"7414",7414,"7314, 7413, 626, 7315, 7412, 4229, 7614, 7416, 7513, 7514, 7415",11
"7415",7415,"7315, 7414, 5773, 7215, 7314, 7413, 7615, 7516, 7417, 7514, 7515, 7416",12
"7416",7416,"7316, 7415, 3692, 7216, 7315, 7317, 7414, 1640, 7616, 7517, 7418, 7690, 7516, 7417",14
"7417",7417,"7317, 7416, 7217, 7316, 7318, 7415, 7617, 7518, 7419, 7516, 7517, 7418",12
"7418",7418,"6528, 7318, 7417, 6789, 7317, 7319, 7416, 7618, 7519, 7420, 7517, 7518, 7419",13
"7419",7419,"792, 7319, 7418, 7219, 7318, 7320, 7417, 7619, 7520, 7421, 7518, 7519, 7420",13
"7420",7420,"7320, 7419, 6286, 7319, 7321, 7418, 7620, 7521, 7422, 7519, 7520, 7421",12
"7421",7421,"6213, 7321, 7420, 178, 7221, 7320, 7322, 7419, 9455, 7621, 7522, 7423, 7520, 7521, 7422",15
"7422",7422,"7322, 7421, 1386, 4237, 2414, 6512, 7222, 7321, 7323, 7420, 1033, 7622, 7424, 7521, 7522, 7423",16
"7423",7423,"7422, 7223, 7322, 7324, 7421, 7623, 7524, 7425, 7522, 7523",10
"7424",7424,"7324, 1187, 4853, 7224, 7323, 7355, 7422, 7525, 7523, 7524, 7425, 8384",12
"7425",7425,"7325, 7424, 7225, 7324, 7326, 7423, 7525, 7625, 7526, 7524, 7426",11
"7426",7426,"7326, 7425, 2444, 7226, 7325, 4989, 7626, 7527, 7525",9
"7427",7427,"7327, 7227, 7326, 7328, 126, 4060, 7528, 7429, 7526, 7527, 7428",11
"7428",7428,"7328, 7427, 7228, 7303, 7329, 1865, 7628, 7529, 7430, 7527, 8121",11
"7429",7429,"7329, 5035, 7328, 7330, 7427, 8957, 7629, 7530, 7431, 7528, 7529",11
"7430",7430,"4828, 6177, 7330, 2122, 5918, 7230, 7329, 7331, 7351, 7428, 202, 7630, 8307, 7432, 7529, 7431",16
"7431",7431,"7331, 7430, 2696, 7231, 7330, 5373, 7429, 7631, 7532, 7582, 7530, 7531, 7432",13
"7432",7432,"7332, 7431, 1361, 6790, 7232, 7331, 7333, 7430, 7632, 7533, 7434, 7531, 7532, 7433",14
"7433",7433,"7333, 7432, 7233, 7282, 7332, 7334, 5843, 7633, 7435, 7533, 7434",11
"7434",7434,"2624, 7334, 7433, 456, 920, 2956, 7333, 7335, 7432, 8741, 8594, 7960, 7634, 7535, 7436, 7533, 7534, 7435",18
"7435",7435,"7434, 7235, 7334, 7336, 7433, 9164, 7536, 7437, 7534, 7535, 7436",11
"7436",7436,"2139, 7336, 7435, 7236, 7335, 7337, 7434, 7636, 7537, 7438, 9539, 7536, 7437",13
"7437",7437,"7337, 7436, 874, 7336, 7338, 7435, 7637, 7538, 7439, 7536, 7537, 7438",12
"7438",7438,"7338, 7437, 7339, 7436, 7638, 7539, 7440, 7537, 7538, 7439",10
"7439",7439,"7339, 7438, 5708, 7239, 7338, 7437, 2006, 7639, 7441, 7538, 7539",11
"7440",7440,"7340, 7339, 7438, 7640, 7541, 7442, 7539, 7540, 7441",9
"7441",7441,"7341, 7440, 7241, 7340, 7342, 7439, 6373, 7542, 7443, 7540, 7541, 7442",12
"7442",7442,"7342, 7441, 7242, 7341, 7343, 7440, 7777, 7642, 7543, 7444, 7541, 8023, 7443",13
"7443",7443,"2139, 7343, 7442, 3320, 7243, 7342, 7344, 7441, 9962, 9033, 7544, 7445, 7542, 7543, 7444",15
"7444",7444,"2038, 7443, 1138, 1434, 7244, 7343, 7345, 7442, 7644, 7545, 7446, 7543, 7544, 7445",14
"7445",7445,"7345, 7444, 6908, 7245, 4268, 7346, 7443, 7645, 7546, 7447, 7544, 7545, 7446",13
"7446",7446,"7346, 7445, 979, 7347, 7444, 547, 7646, 7547, 7448, 7546, 7447",11
"7447",7447,"7347, 7446, 329, 7247, 7346, 7348, 7445, 4690, 7647, 7548, 7547, 7448",12
"7448",7448,"7348, 7447, 7248, 7347, 7349, 7446, 7449, 7648, 7549, 7450, 7547",11
"7449",7449,"7349, 7448, 2942, 7249, 7348, 7350, 645, 2507, 2595, 7649, 7548, 7549",12
"7450",7450,"7350, 7250, 7349, 7448, 7479, 7549, 7551, 7550, 7451",9
"7451",7451,"7351, 7450, 3200, 7272, 7352, 9464, 7651, 7552, 7453, 7550, 7551, 7452",12
"7452",7452,"7352, 7451, 7252, 7351, 7353, 7652, 7553, 7454, 7551, 7552, 7453",11
"7453",7453,"7353, 7452, 7253, 7354, 7451, 7653, 7554, 7552, 7553, 7454",10
"7454",7454,"7453, 7254, 7353, 7355, 7452, 7654, 7555, 7456, 7553, 7554, 7455",11
"7455",7455,"7355, 7454, 7255, 7354, 7356, 6663, 6541, 7457, 7555",9
"7456",7456,"4237, 7356, 7256, 7355, 7357, 7454, 7557, 7458, 7555, 7556, 7457, 8724",12
"7457",7457,"6727, 7357, 7456, 7257, 7356, 7358, 7455, 9166, 7657, 7558, 7459, 7556, 8898, 7557, 7458",15
"7458",7458,"805, 7457, 3743, 7258, 7357, 7359, 7456, 7994, 7658, 7559, 7460, 7557, 7558, 7459",14
"7459",7459,"7458, 3049, 7259, 7358, 7360, 7457, 7659, 7560, 7461, 7558, 7559",11
"7460",7460,"7360, 6525, 7260, 7359, 7361, 7458, 7660, 7561, 7462, 7559, 8470, 7560, 7461",13
"7461",7461,"7361, 7460, 7261, 7360, 7362, 7459, 6024, 9570, 7661, 7562, 7463, 7560, 7462",13
"7462",7462,"7362, 7461, 7262, 7361, 7363, 7460, 7662, 7563, 7464, 9965, 7562, 7463",12
"7463",7463,"2192, 7462, 1639, 3729, 7362, 2194, 7461, 9003, 7663, 7465, 7562",11
"7464",7464,"6917, 7364, 7264, 7363, 7365, 7462, 8880, 7664, 9816, 7564, 7465",11
"7465",7465,"7365, 7464, 136, 7364, 7366, 7463, 7665, 7566, 7467, 7564, 7565, 7466",12
"7466",7466,"7366, 7465, 7266, 7365, 7367, 2922, 9761, 9309, 7666, 7565, 7566, 7467",12
"7467",7467,"7367, 7466, 2690, 7267, 7368, 7465, 6288, 7667, 7568, 7469, 7566, 7468",12
"7468",7468,"7368, 7467, 634, 1864, 7367, 1874, 9507, 7668, 7569, 7470, 7567, 8019, 7568, 7469",14
"7469",7469,"7369, 7468, 7269, 7368, 7370, 7467, 7669, 7570, 7471, 7568, 7569, 7470",12
"7470",7470,"2697, 7370, 7469, 2932, 7270, 7369, 7371, 7468, 882, 7670, 7570, 7471",12
"7471",7471,"7371, 7470, 7271, 7469, 7370, 7381, 9968, 7671, 7572, 7473, 7570, 7472",12
"7472",7472,"7372, 7471, 3183, 4857, 7272, 7373, 7672, 7573, 7474, 7571, 8417, 7572, 7473",13
"7473",7473,"1823, 4879, 7373, 7472, 2120, 7273, 7372, 7471, 7673, 7574, 7475, 7572, 7573, 7474",14
"7474",7474,"7374, 7473, 7274, 7375, 7472, 4565, 7674, 7476, 7574, 7475",10
"7475",7475,"7375, 7474, 7275, 7374, 7376, 7473, 8131, 7576, 7477, 7683, 7476",11
"7476",7476,"7376, 7475, 1818, 7474, 7478, 7676, 7575, 8114, 7576, 7477",10
"7477",7477,"7377, 7476, 7277, 7376, 7378, 7475, 4982, 8028, 7677, 7578, 7479, 7576, 7577",13
"7478",7478,"7378, 6851, 7186, 7377, 3662, 7476, 4799, 7678, 7579, 7577, 9374",11
"7479",7479,"7379, 7279, 7450, 7378, 7380, 7477, 7679, 7580, 7481, 7578, 7579, 7480",12
"7480",7480,"7380, 7479, 1843, 7381, 2180, 7379, 7680, 9108, 7482, 7579, 7580",11
"7481",7481,"294, 7381, 6166, 7281, 7380, 7382, 7479, 7681, 7582, 7483, 7580, 7581, 7482",13
"7482",7482,"7382, 7481, 4763, 7383, 7480, 7682, 7583, 7484, 7581, 7582, 7483",11
"7483",7483,"7482, 7382, 7384, 7481, 2514, 7683, 7584, 7485, 7582, 9813",10
"7484",7484,"7384, 7284, 7383, 7385, 7482, 7684, 7585, 7486, 7584, 7485",10
"7485",7485,"7385, 7484, 957, 7384, 7386, 7483, 9549, 7586, 7584, 7585, 7486",11
"7486",7486,"7386, 7485, 1708, 7286, 7387, 7484, 7686, 7587, 7488, 7585, 7752, 7586, 7487",13
"7487",7487,"4245, 7001, 4848, 7486, 4892, 7287, 7386, 7388, 2894, 7687, 7588, 7489, 7586, 8044, 7587, 7488",16
"7488",7488,"5013, 7388, 7487, 7288, 7387, 7389, 7486, 7688, 7589, 7490, 7587, 7489",12
"7489",7489,"7389, 7488, 7289, 7388, 7390, 7487, 7689, 7590, 7491, 7588, 7589, 7490",12
"7490",7490,"7390, 7489, 7290, 7389, 7391, 7488, 7690, 7492, 7589, 7491",10
"7491",7491,"5702, 359, 7291, 7390, 7392, 7489, 7490, 7691, 7592, 7493, 7591, 7492",12
"7492",7492,"7392, 7491, 7292, 7391, 7393, 7490, 2365, 7593, 7494, 7591, 7592",11
"7493",7493,"7393, 7293, 7392, 7394, 7491, 4830, 8714, 7693, 7594, 7495, 7593",11
"7494",7494,"7394, 7294, 7395, 7492, 8303, 7694, 7595, 7496, 7593, 7594, 7495",11
"7495",7495,"7395, 7494, 2463, 2679, 7295, 7394, 7396, 7493, 9519, 7596, 7497, 7594, 7595, 7496",14
"7496",7496,"7396, 7495, 7296, 7395, 7397, 7494, 8838, 7696, 7597, 7498, 9774, 7497",12
"7497",7497,"7397, 7496, 7396, 7398, 7495, 845, 7598, 7499, 7596, 7597",10
"7498",7498,"7398, 1556, 7298, 7397, 7399, 7496, 8776, 7698, 7599, 7500, 7597, 7598, 7499",13
"7499",7499,"7399, 7498, 6882, 7299, 7398, 7400, 7497, 6210, 9121, 7699, 7600, 7598, 7599",13
"7500",7500,"7206, 7399, 7498, 9086, 7700, 7599, 7600",7
"7501",7501,"7401, 1325, 6589, 7301, 7402, 7701, 7602, 7503, 7601, 7502",10
"7502",7502,"1753, 7402, 7501, 3716, 7403, 1659, 7603, 7504, 7601, 7602, 7503",11
"7503",7503,"7403, 7502, 3219, 7303, 7402, 7404, 7501, 9133, 7504, 7703, 7604, 7505",12
"7504",7504,"7404, 7503, 7157, 7304, 7502, 8613, 7704, 7605, 7506, 7603, 7604, 7505",12
"7505",7505,"7405, 7504, 7305, 55, 7406, 7503, 7705, 7606, 7507, 7605, 7506",11
"7506",7506,"7406, 7505, 1859, 7306, 7405, 7407, 7504, 7706, 7607, 7606, 7507",11
"7507",7507,"4534, 7407, 7506, 7307, 7406, 7505, 7707, 7608, 7509, 7607, 7508",11
"7508",7508,"7408, 7507, 2705, 7308, 6648, 6158, 9674, 7708, 7510, 7607, 8815, 7509",12
"7509",7509,"7409, 7508, 7309, 7408, 7410, 7507, 3255, 7709, 7610, 7608, 7609, 7510",12
"7510",7510,"7410, 7509, 7310, 7409, 7411, 7508, 7710, 7611, 7512, 7609, 7610, 7511",12
"7511",7511,"7411, 7510, 7412, 7311, 7711, 7612, 7513, 7611, 7512",9
"7512",7512,"7412, 7511, 2748, 5834, 7312, 7413, 7510, 3674, 7514, 7611, 7612, 7513",12
"7513",7513,"7413, 7512, 1512, 7313, 7412, 7414, 7511, 2988, 8915, 7713, 7614, 7612, 7613, 7514",14
"7514",7514,"7414, 7513, 7001, 7141, 7314, 7413, 7415, 7512, 7714, 7615, 7516, 7613, 7614, 7515",14
"7515",7515,"5967, 7415, 7514, 7315, 2399, 7715, 7616, 7614, 7615, 7516",10
"7516",7516,"7416, 7515, 1323, 7415, 7417, 7514, 7517, 7730, 7617, 7518, 7615",11
"7517",7517,"641, 7417, 7516, 5973, 7317, 7416, 7418, 7717, 7618, 7616, 7617",11
"7518",7518,"7418, 2671, 7318, 7417, 7419, 7516, 7619, 7520, 7617, 7618",10
"7519",7519,"7419, 58, 605, 3656, 7319, 7418, 7420, 7719, 7620, 7521, 7618, 8840, 7619, 7520",14
"7520",7520,"7420, 7519, 7320, 7419, 7421, 7518, 7720, 7621, 7619, 7620, 7521",11
"7521",7521,"7421, 7520, 7321, 7420, 7422, 7519, 2921, 7721, 7523, 7620, 7621, 7522",12
"7522",7522,"7422, 7521, 5377, 7322, 7421, 7423, 3458, 5485, 1790, 7722, 7555, 7523",12
"7523",7523,"3587, 7423, 7522, 397, 991, 7424, 7521, 7723, 7624, 7525, 7622, 8543, 7623, 7524",14
"7524",7524,"637, 7424, 7523, 7324, 7423, 7425, 6942, 7724, 7625, 7526, 7623, 7624, 7525",13
"7525",7525,"7425, 7524, 65, 6166, 7325, 7424, 7426, 7523, 7725, 7626, 7527, 7624, 7625",13
"7526",7526,"4035, 4910, 7326, 7425, 7427, 7524, 7726, 7627, 7528, 7625, 7527, 9487",12
"7527",7527,"7100, 7427, 7526, 3109, 7327, 7426, 7428, 7525, 8266, 7917, 7628, 7627, 7528",13
"7528",7528,"5229, 7527, 2833, 7328, 7427, 7429, 7526, 918, 7728, 7629, 7530, 7627, 7628",13
"7529",7529,"7429, 2882, 7329, 7428, 7430, 5011, 1816, 7729, 7630, 7531, 7628, 7629",12
"7530",7530,"467, 4148, 7330, 7429, 7431, 7528, 7730, 7631, 7532, 7629, 7630, 7531",12
"7531",7531,"7431, 7530, 7331, 7432, 7529, 7373, 7731, 7632, 7533, 7630, 7532",11
"7532",7532,"7432, 7531, 7332, 7431, 6181, 7530, 7732, 7633, 7534, 7631, 7632, 7533",12
"7533",7533,"7433, 7532, 7333, 7432, 7434, 7531, 7733, 7634, 7535, 7618, 7633, 7534",12
"7534",7534,"7434, 7533, 5486, 7334, 7435, 7532, 7734, 7635, 7633, 7634, 7535",11
"7535",7535,"4418, 7435, 7534, 7335, 7434, 7533, 7735, 7636, 7537, 7634, 7635, 7536",12
"7536",7536,"7436, 7535, 7336, 7435, 7437, 1257, 9241, 7736, 8211, 7538, 7635, 7636, 7537",13
"7537",7537,"732, 1433, 7437, 7536, 5004, 7337, 7436, 7438, 7535, 7737, 7638, 7539, 7636",13
"7538",7538,"2481, 7438, 565, 7338, 7437, 7439, 7536, 757, 7738, 7639, 7637, 7539",12
"7539",7539,"7439, 7538, 232, 7339, 7438, 7440, 7537, 7739, 7640, 7541, 7638, 7639, 7540",13
"7540",7540,"2045, 5905, 7440, 7539, 3494, 4783, 7340, 3904, 7441, 1291, 9614, 7740, 7641, 9268, 8636, 9144, 7640",17
"7541",7541,"7441, 2106, 7341, 7440, 7442, 7539, 7741, 7642, 7543, 7641, 7542",11
"7542",7542,"7541, 815, 2934, 7342, 7441, 7443, 6113, 7742, 7643, 7544, 7642, 7543",12
"7543",7543,"7443, 7542, 7343, 7442, 7444, 7541, 7743, 7644, 7545, 7642, 7643, 7544",12
"7544",7544,"7444, 7543, 2726, 7344, 7443, 7445, 7542, 8192, 9265, 7546, 7643, 7644",12
"7545",7545,"5179, 7445, 2917, 3388, 4010, 7345, 7444, 7543, 7745, 7646, 7644, 7546",12
"7546",7546,"7446, 7545, 6645, 7346, 7445, 3761, 7544, 7746, 7548, 7645, 7646, 7547",12
"7547",7547,"7447, 7546, 7347, 7446, 7448, 7129, 7747, 7648, 7549, 7646, 7647, 7548",12
"7548",7548,"7547, 7340, 7348, 7447, 7449, 7546, 4054, 7748, 7649, 7648, 7549",11
"7549",7549,"7449, 7548, 1967, 2261, 5771, 7018, 7349, 7361, 7448, 7450, 7547, 7749, 7650, 7551, 7648, 7649, 7550",17
"7550",7550,"6593, 7450, 7549, 837, 7350, 632, 7451, 3684, 7750, 8923, 7552, 7551",12
"7551",7551,"4463, 7451, 7550, 2099, 7351, 7450, 7452, 7549, 8255, 7652, 7553, 7650, 7552",13
"7552",7552,"7452, 7551, 7352, 7451, 7453, 7550, 7752, 7653, 7554, 7651, 7652, 7553",12
"7553",7553,"7453, 7552, 7353, 7452, 7454, 7551, 7753, 7654, 7555, 7652, 7653, 7554",12
"7554",7554,"7454, 7553, 7354, 7453, 7552, 8948, 7754, 7655, 7556, 8805, 7654, 7555",12
"7555",7555,"7455, 7554, 7454, 7456, 7522, 7553, 7656, 7557, 7654, 7556",10
"7556",7556,"300, 7456, 7356, 2220, 7457, 7554, 2436, 7555, 7756, 7657, 7558, 7655, 7656",13
"7557",7557,"7457, 369, 739, 5725, 7357, 7456, 7458, 7555, 7757, 7658, 7559, 7656, 7657, 7558",14
"7558",7558,"5848, 7458, 7557, 7358, 7457, 7459, 7556, 8739, 7659, 7560, 7657, 7658",12
"7559",7559,"5902, 7459, 6099, 7359, 7458, 7460, 7557, 7759, 7660, 7561, 7659, 7560",12
"7560",7560,"2452, 7460, 7559, 2540, 7360, 7459, 7461, 7558, 54, 9320, 7562, 7659, 7660, 7561",14
"7561",7561,"7560, 4929, 7361, 7460, 7559, 7761, 7662, 7563, 7661, 7562",10
"7562",7562,"7462, 7561, 4904, 4427, 7461, 7463, 7560, 8709, 7762, 7663, 7564, 7661, 7662, 7563",14
"7563",7563,"7088, 7562, 7363, 7462, 647, 7561, 7763, 7664, 7565, 7662, 7663, 7564",12
"7564",7564,"7464, 7563, 678, 7364, 2870, 7465, 7562, 7880, 7764, 7665, 7663, 7928, 7664, 7565",14
"7565",7565,"7465, 7564, 7365, 7466, 7563, 7177, 8735, 7567, 7664, 7665, 7566",11
"7566",7566,"7466, 7565, 7366, 7465, 7467, 2478, 9132, 7766, 7667, 7568, 7665, 7666, 7567",13
"7567",7567,"7566, 7367, 7468, 7565, 7668, 7569, 7666, 9290, 8855, 7667, 7568",11
"7568",7568,"2233, 7468, 7567, 7368, 7467, 7469, 7566, 7669, 7570, 7667, 7668, 7569",12
"7569",7569,"7469, 7568, 7369, 7468, 5799, 7567, 4659, 7769, 7571, 7668, 7669, 7570",12
"7570",7570,"7470, 7569, 7469, 7471, 7568, 9617, 7770, 9052, 7572, 7669, 7571",11
"7571",7571,"590, 5046, 7570, 5716, 7371, 7472, 7569, 7771, 7672, 7671, 7572",11
"7572",7572,"7472, 7571, 1779, 7372, 7471, 7473, 7570, 7772, 7673, 7574, 7671, 7672, 7573",13
"7573",7573,"7473, 7572, 5349, 6093, 7373, 7472, 3752, 3030, 7773, 7674, 7575, 7672, 7673, 7574",14
"7574",7574,"7474, 7573, 7374, 7473, 58, 7572, 1537, 7774, 7675, 7576, 7674, 7575",12
"7575",7575,"7574, 7375, 7476, 7573, 7775, 7676, 7577, 7674, 7675, 7576",10
"7576",7576,"7476, 7575, 7376, 7475, 7477, 7574, 7776, 7677, 7578, 7675, 7676, 7577",12
"7577",7577,"7477, 7576, 1800, 7377, 7478, 7575, 7777, 7678, 7579, 7676, 7677, 7578",12
"7578",7578,"7577, 7378, 7477, 7479, 7576, 5622, 9048, 7778, 7679, 7677, 7579",11
"7579",7579,"526, 7479, 7578, 1330, 7478, 7480, 7577, 8176, 9670, 7680, 7581, 7678, 7679, 7580",14
"7580",7580,"7480, 7579, 2569, 7479, 7481, 7907, 7780, 7681, 7582, 7679, 7680",11
"7581",7581,"7481, 4790, 7381, 7482, 7579, 7682, 7583, 7680, 7681, 7582",10
"7582",7582,"3422, 5771, 7482, 7581, 7431, 7481, 7483, 7580, 7782, 7683, 7584, 7681, 7682, 7583",14
"7583",7583,"7582, 5545, 7383, 7482, 600, 7581, 7783, 7682, 7584",9
"7584",7584,"6885, 7484, 7583, 7483, 7485, 7582, 8941, 7784, 7685, 7586, 7683, 7684, 7585",13
"7585",7585,"7485, 7584, 7385, 7484, 7486, 511, 2862, 4756, 7686, 9684, 7685, 7586",12
"7586",7586,"7486, 7585, 6501, 7386, 7485, 7487, 7584, 7786, 7687, 7588, 7685, 7686, 7587",13
"7587",7587,"4080, 7487, 7586, 7387, 7486, 7488, 2587, 7787, 7688, 7589, 9397, 7687, 7588",13
"7588",7588,"5713, 7587, 3562, 7388, 7487, 7489, 7586, 5461, 7788, 7689, 7687, 7589",12
"7589",7589,"7489, 7588, 5819, 7389, 7488, 7490, 7587, 7789, 7690, 7591, 7688, 7689, 7590",13
"7590",7590,"7311, 7589, 7390, 7489, 6469, 2362, 8747, 7790, 7691, 7689, 7690, 7591",12
"7591",7591,"1410, 7491, 7590, 7391, 4102, 7492, 7589, 7791, 7593, 7690, 7691, 7592",12
"7592",7592,"7492, 7591, 3454, 7392, 7491, 671, 5860, 7792, 7594, 7691, 7692, 7593",12
"7593",7593,"7493, 7592, 7393, 7492, 7494, 7591, 7793, 7694, 7595, 7692, 7693",11
"7594",7594,"2832, 7494, 950, 5402, 7394, 7493, 7495, 7592, 7794, 7695, 7596, 7693, 7694, 7595",14
"7595",7595,"7495, 7594, 7395, 7494, 7593, 1807, 7795, 7696, 7597, 7694, 7596",11
"7596",7596,"538, 7595, 7396, 7497, 7594, 7495, 7697, 7695, 7696, 7597",10
"7597",7597,"6435, 7497, 7596, 6363, 7397, 7496, 7498, 7595, 4871, 1328, 7698, 7696, 7697, 7598",14
"7598",7598,"7498, 7597, 7398, 7497, 7499, 1633, 7798, 7699, 7600, 7697, 7698, 7599",12
"7599",7599,"7499, 7598, 7399, 7498, 7500, 7799, 7698, 7699, 7600",9
"7600",7600,"7500, 7599, 7400, 7499, 7598, 7800, 7700",7
"7601",7601,"1708, 3324, 7501, 7502, 7163, 7801, 7702, 7678, 7701, 7602",10
"7602",7602,"7502, 7601, 7402, 7501, 982, 7802, 7703, 7604, 7702, 7603",10
"7603",7603,"2285, 7602, 7502, 7504, 267, 7704, 7605, 7702",8
"7604",7604,"2649, 7504, 4496, 4258, 7404, 7503, 7602, 8504, 7804, 7705, 7606, 7703, 7704, 7605",14
"7605",7605,"7505, 7604, 316, 674, 7405, 7504, 6314, 7603, 7805, 7607, 7704, 7705, 7606",13
"7606",7606,"7506, 7605, 7505, 1582, 7604, 7806, 7707, 7608, 7705, 7706, 7607",11
"7607",7607,"7507, 7606, 7407, 7506, 7508, 7605, 1350, 7708, 7706, 7707, 7608",11
"7608",7608,"7607, 7408, 7507, 7509, 7606, 7808, 7709, 7610, 7707, 7708, 7609",11
"7609",7609,"4851, 7509, 7608, 7409, 6294, 7510, 6870, 7710, 7611, 7708, 8378, 7709, 7610",13
"7610",7610,"7510, 7609, 7410, 7509, 7608, 5074, 9604, 7612, 7709, 7611",10
"7611",7611,"7511, 7411, 7510, 7512, 7609, 7610, 7811, 7712, 7710, 7718, 7711, 7612",12
"7612",7612,"2143, 7512, 7611, 7117, 7236, 7412, 7511, 7513, 7610, 5637, 4543, 7713, 7614, 7711, 7613",15
"7613",7613,"338, 1532, 7513, 7612, 7413, 7514, 9462, 7714, 7712, 7713",10
"7614",7614,"3340, 3838, 7514, 7414, 7513, 7515, 7612, 1240, 7814, 7715, 8314, 7714, 7615",13
"7615",7615,"7515, 7614, 580, 7415, 7514, 7516, 1548, 8887, 7815, 7617, 7714, 8609, 7715, 7616",14
"7616",7616,"7615, 5070, 7416, 7515, 7517, 9597, 7717, 7618, 7715, 7716, 7617",11
"7617",7617,"1119, 2831, 7517, 7616, 7417, 7516, 7518, 7615, 9163, 7817, 7718, 7716, 7717, 7618",14
"7618",7618,"7518, 7617, 7418, 7517, 7519, 7533, 7616, 937, 7719, 7620, 7718, 7619",12
"7619",7619,"7519, 7618, 7419, 7518, 7520, 4009, 7647, 7819, 7720, 7621, 7718, 7719, 7620",13
"7620",7620,"7520, 7619, 2625, 6853, 7420, 7519, 7521, 7618, 7820, 7721, 7622, 7720, 7621",13
"7621",7621,"4940, 7521, 7620, 374, 7302, 7421, 7520, 7619, 7821, 7722, 7623, 7720, 7721, 7622",14
"7622",7622,"6458, 7621, 6514, 7422, 7523, 7620, 7822, 7723, 7624, 7721",10
"7623",7623,"7523, 7423, 7524, 7621, 7724, 7625, 7722, 7723, 7624",9
"7624",7624,"7524, 7623, 2951, 7001, 7523, 7525, 7622, 7824, 7725, 7626, 7723, 7724",12
"7625",7625,"7525, 5040, 7425, 7524, 7526, 7623, 7825, 7726, 7627, 7724, 7725, 7626, 7865",13
"7626",7626,"2229, 7625, 5331, 7058, 7426, 7525, 7624, 7908, 7826, 7727, 7628, 7725, 7726, 7627",14
"7627",7627,"7527, 7626, 3924, 5155, 7526, 7528, 7625, 7827, 7728, 7629, 7726, 7727, 7628",13
"7628",7628,"7528, 7627, 5818, 6549, 7428, 7527, 7529, 7626, 7828, 7729, 7630, 7727, 7728, 7629",14
"7629",7629,"4570, 7529, 7628, 7429, 7528, 7530, 7627, 7829, 7631, 7728, 7729, 7630",12
"7630",7630,"7530, 7629, 207, 7430, 7529, 7531, 7628, 7830, 7731, 7632, 7729, 8600, 7730, 7631",14
"7631",7631,"7630, 33, 4560, 7431, 7530, 7532, 7629, 7831, 7633, 7730, 7731, 7632",12
"7632",7632,"4049, 7532, 7631, 728, 7432, 7531, 7630, 4389, 3012, 8169, 7832, 7733, 7634, 7731, 7732",15
"7633",7633,"7533, 501, 7433, 7532, 7534, 7631, 4634, 7833, 7734, 7635, 7732, 7634",12
"7634",7634,"4045, 7534, 7633, 5708, 7434, 7533, 7535, 7632, 7834, 7735, 7636, 7733, 7734, 7635",14
"7635",7635,"5820, 7535, 7634, 33, 7534, 7536, 7633, 7835, 7736, 7734, 7636",11
"7636",7636,"5192, 7536, 7635, 7436, 7535, 7537, 7634, 7836, 7737, 7638, 7735, 7736, 7637",13
"7637",7637,"4339, 7636, 7437, 7538, 5637, 7837, 7738, 7736, 7782, 7737",10
"7638",7638,"3266, 2048, 7203, 7438, 7537, 7539, 7636, 7838, 7739, 7640, 7737, 7738",12
"7639",7639,"7539, 6719, 7439, 7538, 9250, 7839, 7641, 7738, 7739, 7640, 7933",11
"7640",7640,"7540, 7639, 295, 3774, 4736, 7440, 7539, 429, 7638, 6842, 7741, 7642, 7739, 7641",14
"7641",7641,"7541, 7640, 7540, 7639, 7841, 7742, 7643, 7740, 7741, 7642",10
"7642",7642,"7542, 7641, 7442, 7541, 7543, 7640, 4126, 8890, 7842, 7741, 7742, 7643",12
"7643",7643,"7543, 7642, 3517, 7542, 7544, 7641, 9108, 7843, 7744, 7645, 7742, 7743, 7644",13
"7644",7644,"7544, 7643, 7444, 7543, 7545, 7844, 7745, 7646, 7743",9
"7645",7645,"6997, 7445, 7546, 7643, 3982, 7845, 7746, 7647, 7744, 7745, 7646",11
"7646",7646,"7546, 7645, 7446, 7545, 7547, 7644, 7846, 7747, 7648, 7745, 7647",11
"7647",7647,"7547, 7646, 7447, 4922, 7619, 7645, 7847, 7748, 7649, 7746, 7747",11
"7648",7648,"7548, 6658, 717, 7448, 7547, 7549, 7646, 7848, 7749, 7650, 7747, 7649",12
"7649",7649,"2893, 7549, 7648, 835, 7449, 7548, 7647, 7750, 7651, 7748, 7749, 7650",12
"7650",7650,"3969, 2531, 7649, 7032, 376, 7549, 7551, 7648, 7850, 7751, 7652, 7749, 7750, 7651",14
"7651",7651,"2967, 7650, 3586, 7451, 7552, 7649, 7851, 7752, 7653, 7750, 7652",11
"7652",7652,"7552, 7651, 4217, 6192, 7452, 7551, 7553, 7650, 7852, 7753, 7654, 7751, 8668, 7752, 7653",15
"7653",7653,"7553, 7652, 7453, 7552, 7651, 457, 9022, 7853, 7754, 7655, 7752, 7753",12
"7654",7654,"7554, 1011, 7454, 7553, 7555, 7652, 3724, 8181, 7854, 7755, 7656, 7754",12
"7655",7655,"2358, 7554, 7556, 7653, 8140, 7855, 7756, 7657, 7754, 7755, 7656",11
"7656",7656,"7556, 7655, 4619, 7557, 7654, 4094, 5257, 7555, 7856, 7658, 7755, 7756, 7657",13
"7657",7657,"7557, 7656, 2424, 7457, 7556, 7558, 7655, 7857, 7758, 7659, 7757, 7658",12
"7658",7658,"7558, 7657, 3729, 7458, 7557, 965, 7656, 7935, 7858, 7759, 7660, 7757, 7758, 7659",14
"7659",7659,"1463, 5821, 7559, 7658, 7459, 7558, 7560, 7657, 343, 7859, 7759",11
"7660",7660,"5748, 7560, 7460, 7559, 6662, 7658, 1352, 7860, 7761, 7662, 7759, 7760, 9377",13
"7661",7661,"7561, 873, 7461, 7562, 7861, 7762, 7663, 7760, 7761, 7662",10
"7662",7662,"137, 7562, 7661, 7462, 7561, 7563, 7660, 7223, 7763, 7762, 7663",11
"7663",7663,"775, 7563, 7662, 1189, 3133, 7463, 7562, 7564, 7661, 5694, 7863, 7764, 7762, 7763",14
"7664",7664,"163, 7564, 6356, 7464, 7563, 7565, 4952, 7864, 7765, 7666, 7763, 7764, 7665",13
"7665",7665,"7565, 7664, 7465, 7564, 7566, 1029, 7058, 7865, 7766, 7764, 7765",11
"7666",7666,"7566, 7357, 7466, 7567, 7664, 1302, 7866, 7767, 7668, 7765, 7766",11
"7667",7667,"6195, 7567, 5868, 7467, 7566, 7568, 7212, 646, 7867, 7768, 7669, 7668",12
"7668",7668,"7568, 7667, 955, 2693, 7468, 7567, 7569, 7666, 7868, 7769, 7670, 7767, 7768, 7669",14
"7669",7669,"7569, 7668, 4443, 7220, 7469, 7568, 7570, 7667, 7869, 7770, 7671, 9113, 7769, 7670",14
"7670",7670,"6945, 993, 7669, 7470, 7668, 6929, 7870, 7771, 7672, 7770, 7671",11
"7671",7671,"6911, 7571, 7670, 2278, 7471, 7572, 7669, 7871, 7772, 7673, 7770, 7771, 7672",13
"7672",7672,"7572, 7671, 7472, 7571, 7573, 7670, 7872, 7773, 7674, 7771, 7772, 7673",12
"7673",7673,"7573, 7672, 3994, 7473, 7572, 7671, 2193, 9330, 8755, 7873, 7774, 7772, 7773, 7674",14
"7674",7674,"7574, 7673, 7474, 7573, 7575, 7672, 7263, 7676, 7773, 7774, 7675",11
"7675",7675,"7575, 7674, 4617, 1954, 7574, 7576, 7875, 7776, 7677, 7774, 7775, 7676",12
"7676",7676,"7576, 7675, 7476, 7575, 7577, 7674, 7876, 7777, 7678, 7776, 7677",11
"7677",7677,"6110, 7577, 7676, 7477, 7576, 7675, 7578, 1763, 7877, 7778, 7679, 7776, 7777",13
"7678",7678,"7478, 7577, 7579, 7676, 7601, 7680, 7777, 7679",8
"7679",7679,"7579, 7678, 7479, 7578, 7580, 7677, 7879, 8171, 7681, 7778, 7779, 7680",12
"7680",7680,"7580, 7679, 5158, 7480, 7579, 7581, 7678, 7880, 7781, 7682, 7779, 7780, 7681",13
"7681",7681,"7581, 7680, 4917, 7481, 7580, 7582, 7679, 6937, 7881, 7782, 7683, 7780",12
"7682",7682,"7582, 3155, 7482, 7583, 7680, 7581, 8668, 7882, 7783, 7684, 7781, 7782, 7683",13
"7683",7683,"7475, 4824, 26, 7682, 7483, 7582, 7584, 7681, 7883, 7784, 7685, 7782, 7783, 7684",14
"7684",7684,"7584, 7683, 7484, 7682, 5188, 7884, 7785, 7686, 7784, 7685",10
"7685",7685,"7585, 7684, 7584, 7586, 7683, 31, 7786, 7687, 7784, 7785, 7686",11
"7686",7686,"7586, 7685, 4523, 7486, 7585, 7684, 1148, 7886, 7787, 7688, 7785, 7687",12
"7687",7687,"7587, 7686, 7487, 7586, 7588, 7685, 7887, 7788, 7689, 7810, 7787, 7688",12
"7688",7688,"7687, 7488, 7587, 7589, 7686, 4066, 7888, 8202, 7690, 7787, 9408, 7689",12
"7689",7689,"7589, 7688, 7489, 7588, 7590, 7687, 3089, 7790, 7691, 7788, 7789, 7690",12
"7690",7690,"7590, 7689, 4192, 7416, 7490, 7589, 7591, 7688, 4409, 7890, 7791, 7790, 7691",13
"7691",7691,"7591, 7690, 7491, 7590, 7592, 7689, 4839, 7891, 7693, 7790, 7791, 7692",12
"7692",7692,"7592, 7691, 311, 1959, 3981, 229, 1751, 7593, 965, 7892, 7793, 7791, 7792",13
"7693",7693,"2740, 7593, 5824, 7493, 7594, 7691, 7893, 7794, 7695, 7792, 7799, 8866, 7793, 7694",14
"7694",7694,"7594, 7693, 7293, 7494, 7593, 7595, 2433, 2149, 7894, 7696, 7793, 9346, 7794",13
"7695",7695,"7594, 7596, 7693, 7895, 7796, 7697, 8062, 7795, 7696",9
"7696",7696,"7596, 7695, 2220, 7496, 7595, 7597, 7694, 7701, 7896, 7797, 7698, 7795, 7796, 7697",14
"7697",7697,"7597, 7696, 1192, 7598, 7695, 7596, 8959, 7897, 7798, 7699, 7796, 7797, 7698",13
"7698",7698,"7598, 7697, 7082, 7498, 7597, 7599, 7696, 7898, 7799, 7700, 7798, 7699",12
"7699",7699,"1040, 7599, 7698, 2691, 7499, 7598, 5489, 7697, 7899, 7800, 7798, 7799, 7700",13
"7700",7700,"5047, 7600, 7699, 7500, 6129, 7698, 9884, 7900, 7799, 7800",10
"7701",7701,"7601, 7501, 7696, 7901, 7802, 7801",6
"7702",7702,"7602, 6047, 7601, 7603, 7902, 7803, 7704, 7801, 7802, 9113",10
"7703",7703,"7503, 7602, 7604, 1191, 7804, 7705, 7803, 7704",8
"7704",7704,"5652, 7604, 7703, 7504, 7603, 7605, 7702, 4310, 8674, 7904, 7805, 7706, 7803, 7804",14
"7705",7705,"726, 7605, 7505, 7604, 7606, 7703, 7905, 7806, 7707, 7804, 7805",11
"7706",7706,"7063, 7606, 1559, 6909, 7506, 5090, 7607, 7704, 3767, 7906, 7708, 7805, 7806",13
"7707",7707,"7607, 4420, 5254, 7507, 7606, 7608, 7705, 2040, 2891, 7907, 7806, 8820, 7708",13
"7708",7708,"288, 7608, 7707, 55, 3355, 6959, 7508, 7609, 7706, 1345, 7607, 7908, 7710, 7808, 7709",15
"7709",7709,"7609, 7708, 7509, 7608, 7610, 7909, 7810, 7711, 7808, 7809",10
"7710",7710,"7510, 7609, 7611, 7708, 7106, 9593, 7811, 7712, 7809, 9598, 7711, 9600",12
"7711",7711,"7611, 7710, 7277, 7511, 7612, 7709, 7911, 7812, 7713, 7810, 7811, 7712",12
"7712",7712,"7711, 2449, 7611, 7613, 7710, 5945, 7912, 7813, 7812, 7713",10
"7713",7713,"7613, 7712, 3528, 7513, 7612, 7711, 4754, 7715, 7812, 7813, 7714",11
"7714",7714,"7614, 7713, 1623, 7323, 7514, 7613, 7615, 7914, 7815, 7716, 7813, 7814, 7715",13
"7715",7715,"7615, 7714, 5302, 3544, 7515, 7614, 7616, 7713, 7915, 8821, 7717, 7814",12
"7716",7716,"7616, 3249, 642, 7617, 7714, 9020, 7916, 7817, 7718, 7815, 7816, 7717",12
"7717",7717,"7617, 7716, 1998, 6565, 7517, 7616, 7715, 7818, 7719, 7816, 7817, 7718",12
"7718",7718,"3532, 7618, 7717, 4842, 2972, 7611, 7617, 7619, 7716, 9821, 8465, 7918, 7819, 7720, 7817, 7818, 7719",17
"7719",7719,"648, 7619, 7718, 7519, 7618, 7717, 1715, 7919, 7818, 7819, 7720",11
"7720",7720,"7620, 7719, 7520, 7619, 7621, 7718, 7820, 7920, 7821, 7819, 7721",11
"7721",7721,"6334, 7621, 7720, 3427, 7521, 7620, 7622, 7921, 7822, 7723, 7820, 7821",12
"7722",7722,"5239, 7522, 7621, 7623, 6187, 6314, 7922, 7823, 7724, 8878, 7723",11
"7723",7723,"69, 7623, 7722, 5445, 7523, 7622, 7624, 7721, 7923, 7725, 7822, 7823, 7724",13
"7724",7724,"7624, 7723, 7524, 7623, 7625, 7722, 7924, 7825, 7726, 7823, 7824",11
"7725",7725,"2335, 7625, 853, 3173, 7525, 7624, 7626, 7723, 8557, 7925, 7824, 7825, 7726",13
"7726",7726,"7626, 7725, 791, 7526, 7625, 7627, 7724, 7926, 7827, 7728, 7825, 7826, 7727",13
"7727",7727,"1695, 4854, 7627, 7726, 7626, 7628, 6508, 7927, 7828, 7826, 7827, 7728",12
"7728",7728,"7628, 7727, 5944, 55, 724, 4588, 7528, 7627, 7629, 7726, 7928, 7730, 7827, 7729",14
"7729",7729,"7629, 7728, 7529, 7628, 7630, 4418, 7929, 7830, 7731, 7828, 8144, 7829",12
"7730",7730,"7630, 1847, 2623, 7530, 7631, 7728, 158, 7516, 7930, 7831, 7732, 7801, 7830, 7731",14
"7731",7731,"7631, 7730, 7531, 7630, 7632, 7729, 7931, 7832, 9477, 7831, 7732",11
"7732",7732,"346, 7632, 7731, 2915, 5430, 7532, 5229, 7633, 7730, 7932, 7833, 7734, 7831, 7832, 7733",15
"7733",7733,"7732, 7533, 7632, 7634, 4439, 7933, 7832, 7833, 7734",9
"7734",7734,"7634, 7733, 540, 7534, 7633, 7635, 7732, 7934, 7835, 7736, 7833, 7834, 7735",13
"7735",7735,"2294, 3136, 7734, 3898, 7535, 7634, 7636, 5296, 7935, 7836, 7737, 7834, 7835",13
"7736",7736,"3883, 4322, 7636, 7282, 101, 7536, 7635, 7637, 7734, 6683, 8844, 7738, 7835, 7836, 7737",15
"7737",7737,"7637, 7736, 4186, 6866, 7537, 7636, 7638, 7735, 7937, 7838, 7739, 7837, 7738",13
"7738",7738,"7638, 7737, 7538, 7637, 7639, 7736, 7938, 7839, 7740, 7837, 7838, 7739",12
"7739",7739,"7639, 7738, 7539, 7638, 7640, 7737, 1561, 7319, 7939, 7741, 7740",11
"7740",7740,"1230, 1021, 7739, 7540, 6972, 7641, 7738, 7051, 7841, 7742, 7839, 7840, 7741",13
"7741",7741,"7641, 7740, 7541, 7640, 7642, 7739, 7941, 7842, 7743, 7742",10
"7742",7742,"7642, 7741, 3799, 7542, 7641, 7643, 7740, 7942, 7843, 7744, 7841, 7842",12
"7743",7743,"7643, 7110, 7543, 2890, 7644, 7741, 7943, 7745, 7842, 7843",10
"7744",7744,"5204, 2823, 1236, 7643, 7645, 7742, 2943, 7944, 7845, 7746, 7843, 7844",12
"7745",7745,"7645, 7545, 7644, 7646, 7743, 1042, 3560, 7945, 7846, 7746",10
"7746",7746,"7745, 7546, 7645, 7647, 7744, 7946, 7847, 7748, 7845, 7846, 8412",11
"7747",7747,"7647, 1873, 7547, 7646, 7648, 5772, 9920, 7848, 7749, 7846, 7847, 7748",12
"7748",7748,"4606, 4514, 7747, 5799, 6635, 7548, 7647, 7649, 7746, 5334, 9754, 7849, 7750, 7847, 7848, 7749",16
"7749",7749,"7090, 7649, 7748, 1664, 2538, 5564, 7549, 7648, 7650, 7747, 5236, 7949, 7850, 7923, 7848, 7750",16
"7750",7750,"7650, 7749, 1975, 7550, 7649, 7651, 7748, 7950, 7851, 7752, 7849, 7850, 7751",13
"7751",7751,"1373, 7750, 7650, 7652, 3941, 8244, 7951, 7852, 7753, 7851",10
"7752",7752,"7652, 4843, 7552, 7651, 7653, 7750, 7486, 7952, 7853, 7754, 7851, 7852",12
"7753",7753,"7653, 4853, 6021, 7553, 7652, 4966, 7751, 7953, 7854, 7755, 7852, 7853, 7754",13
"7754",7754,"7654, 7753, 7081, 7554, 7653, 7655, 7752, 7954, 7855, 7756, 7853, 7854, 7755",13
"7755",7755,"7655, 7754, 7654, 7656, 7753, 447, 8510, 7854, 7955, 7856, 7756",11
"7756",7756,"7656, 7755, 5852, 6874, 7556, 7655, 7754, 4329, 8668, 7956, 7857, 7855, 7856, 7757",14
"7757",7757,"7657, 7756, 2454, 7557, 7658, 7957, 7858, 7759, 7856, 7857, 7758",11
"7758",7758,"7658, 7757, 5339, 7657, 7958, 7859, 7760, 7857, 7858, 7759",10
"7759",7759,"2772, 7659, 7758, 7559, 7658, 7660, 7757, 1667, 7959, 7761, 7858, 7859, 7760",13
"7760",7760,"5424, 6559, 7660, 7759, 7661, 7758, 2462, 7861, 7762, 7859, 7851, 7860, 7761",13
"7761",7761,"3159, 7661, 7760, 7561, 7660, 3791, 7759, 1012, 7961, 7862, 7860, 7861",12
"7762",7762,"7662, 7130, 7562, 7661, 7663, 7760, 4621, 901, 8559, 7863, 7861, 7862, 7763, 8236",14
"7763",7763,"1833, 7663, 7762, 2009, 7563, 7662, 7664, 7963, 7864, 7765, 7862, 7863, 7764",13
"7764",7764,"7664, 7763, 5788, 7564, 7663, 7665, 6787, 7964, 7865, 7766, 7864, 7765",12
"7765",7765,"7665, 7764, 3273, 7664, 7666, 7763, 2036, 7866, 7865",9
"7766",7766,"7666, 986, 7566, 7665, 3138, 7764, 7966, 7867, 7768, 7865, 7866, 7767",12
"7767",7767,"7766, 4978, 7666, 7668, 7967, 7868, 7866, 7867",8
"7768",7768,"7668, 6920, 7667, 7766, 7968, 7869, 7770, 7868, 7769, 7987",10
"7769",7769,"7669, 7768, 7569, 7668, 4339, 7969, 7870, 7771, 7868, 7869, 7770",11
"7770",7770,"7670, 7769, 7570, 7669, 7671, 7768, 5479, 8592, 7871, 7870, 7771",11
"7771",7771,"7671, 7770, 7571, 7670, 7672, 7769, 7971, 7872, 7773, 7870, 7871, 7772",12
"7772",7772,"7672, 7771, 3946, 7572, 7671, 7673, 7873, 7774, 7871, 7872, 7773",11
"7773",7773,"7673, 7772, 7573, 7672, 7674, 7771, 7973, 7874, 7872, 7873, 7774",11
"7774",7774,"7674, 7773, 1351, 7574, 7673, 7675, 7772, 7974, 7875, 7776, 7873, 7874, 7775",13
"7775",7775,"7675, 7774, 7575, 2893, 2543, 4915, 7975, 7876, 7777, 7874, 7875",11
"7776",7776,"7676, 7576, 7675, 7677, 7774, 7976, 7877, 7778, 7875, 7876, 7777",11
"7777",7777,"7677, 7776, 7577, 7676, 7678, 7775, 7442, 7977, 7878, 7876, 7877, 7778",12
"7778",7778,"4407, 7193, 7777, 6735, 7578, 7677, 7679, 7776, 7978, 7879, 7877, 8621, 7878, 7779",14
"7779",7779,"7679, 7778, 1646, 3970, 7680, 8341, 7979, 7880, 7781, 7878, 7879, 7780",12
"7780",7780,"7680, 7779, 4768, 7580, 7681, 7980, 7947, 7782, 7879, 8727, 7880, 7781",12
"7781",7781,"7780, 7680, 7682, 7779, 8938, 7981, 7882, 7783, 7880, 7881",10
"7782",7782,"7682, 3748, 7582, 7637, 7681, 7683, 7780, 7784, 7881, 7882, 7783",11
"7783",7783,"7683, 7782, 7583, 7682, 7781, 4915, 7983, 7785, 7882, 7883, 7784",11
"7784",7784,"453, 6510, 7684, 7783, 1574, 7584, 7683, 7685, 7782, 7984, 7885, 7786, 7884, 7785",14
"7785",7785,"7685, 7784, 7684, 7686, 7783, 7985, 7886, 7787, 7884, 7885, 7786",11
"7786",7786,"7785, 3539, 7586, 7685, 14, 7784, 7986, 7887, 7885, 7886, 8984",11
"7787",7787,"6669, 7687, 5916, 7587, 7686, 7688, 7785, 5990, 2300, 7788, 9358, 7888, 7789, 7886",14
"7788",7788,"2188, 7787, 858, 1862, 5997, 7588, 7687, 7689, 5605, 8016, 7889, 7790, 7887, 7888, 8360",15
"7789",7789,"7689, 7310, 7334, 7589, 7787, 1055, 7890, 7888, 7889, 7790",10
"7790",7790,"7690, 7789, 7590, 7689, 7691, 7788, 7990, 7891, 7792, 7889, 7890, 7791",12
"7791",7791,"7691, 7790, 7591, 7690, 7692, 7991, 7892, 7793, 7890, 7891, 7792",11
"7792",7792,"381, 5164, 7692, 7791, 4240, 7592, 7693, 7790, 7992, 7891, 7892, 7793",12
"7793",7793,"7693, 7792, 7593, 7692, 7694, 7791, 7993, 7894, 7795, 7794",10
"7794",7794,"7694, 7793, 7594, 7693, 1436, 6205, 9875, 8055, 7895, 7796, 7893, 8020, 7894, 7795",14
"7795",7795,"7695, 7794, 7595, 7696, 7793, 7995, 7896, 8482, 7894, 8217, 7895, 7796",12
"7796",7796,"7696, 7795, 7695, 7697, 7794, 8752, 7996, 7897, 7798, 7895, 7896, 7797",12
"7797",7797,"7697, 7796, 530, 7696, 2021, 7997, 7898, 7799, 7896, 7897, 7798",11
"7798",7798,"7698, 7797, 3976, 7598, 7697, 7699, 7796, 7290, 7998, 7899, 7800, 7898",12
"7799",7799,"7699, 587, 4995, 7693, 7599, 7698, 7700, 7797, 7143, 7999, 7898, 7800, 8201",13
"7800",7800,"7700, 7799, 7600, 7699, 7798, 8000, 7837, 7900",8
"7801",7801,"7701, 7601, 7730, 7702, 8001, 7902, 7803, 7901, 7802",9
"7802",7802,"7702, 7801, 7602, 7701, 1402, 3456, 9243, 8002, 7804, 7901, 7902, 7803",12
"7803",7803,"7703, 7802, 3792, 7702, 7704, 7801, 8003, 7904, 7805, 7902, 7903, 7804",12
"7804",7804,"7704, 7803, 7604, 7703, 7705, 7802, 8004, 7905, 7806, 7903, 7904",11
"7805",7805,"7705, 4281, 7605, 7704, 7706, 7803, 8005, 7906, 7807, 7904, 7905, 7806",12
"7806",7806,"7706, 7805, 1052, 7606, 7705, 7707, 7804, 8006, 7907, 7906, 7807",11
"7807",7807,"7806, 5067, 7805, 9183, 8007, 7908, 7906, 7907, 7808",9
"7808",7808,"7708, 7807, 7608, 7709, 5916, 8008, 7907, 7908",8
"7809",7809,"7709, 7710, 3419, 4228, 8009, 9695, 7909, 7810, 9137",9
"7810",7810,"7809, 7195, 7687, 7709, 7711, 3009, 8010, 7911, 7812, 7909, 7811",11
"7811",7811,"7711, 7611, 4807, 6833, 7710, 7810, 9189, 8834, 8011, 7813, 7910, 7911, 7812",13
"7812",7812,"4716, 7712, 7811, 593, 7711, 7713, 7810, 1021, 8012, 7913, 7911, 7912, 7813",13
"7813",7813,"7713, 7812, 5934, 7712, 7714, 7811, 3942, 8243, 7914, 7815, 7912, 9499, 7913",13
"7814",7814,"7714, 7614, 2751, 7715, 8014, 7915, 7816, 7913, 7914, 7815",10
"7815",7815,"3520, 7814, 7615, 7714, 7716, 7813, 8015, 7916, 7817, 7914, 7915, 7816",12
"7816",7816,"7716, 7815, 7717, 7814, 8016, 7917, 7818, 7915, 9138, 7916, 7817",11
"7817",7817,"322, 7717, 7816, 7617, 7716, 7718, 7815, 6011, 8017, 7918, 7819, 7916, 7818",13
"7818",7818,"7718, 7817, 40, 7717, 7719, 7816, 785, 8018, 7919, 7820, 7918, 7819",12
"7819",7819,"6861, 7719, 7818, 7619, 7718, 7720, 7817, 273, 7920, 7821, 7918, 8687, 7820",13
"7820",7820,"7720, 7819, 7620, 7721, 7818, 8020, 7921, 9194, 7919, 7920, 7821",11
"7821",7821,"4350, 7721, 7820, 3711, 7621, 7720, 7819, 3103, 1479, 8021, 7823, 7920, 7822",13
"7822",7822,"7821, 4928, 7622, 7721, 7723, 8022, 7923, 7824, 7921, 7922, 7823",11
"7823",7823,"7723, 7822, 4097, 631, 7722, 7724, 7821, 1931, 8023, 7825, 7923, 7824",12
"7824",7824,"7724, 7823, 119, 7624, 3760, 7725, 7822, 8024, 7925, 7924, 7825",11
"7825",7825,"7725, 7824, 7625, 7724, 7726, 7823, 7827, 7924, 7925, 7826",10
"7826",7826,"7726, 7825, 1307, 3365, 7626, 7727, 947, 8026, 7927, 8703, 8684, 9113, 7926, 7827",14
"7827",7827,"7727, 7826, 3423, 7627, 7726, 7728, 7825, 8027, 7928, 7829, 7927, 7828",12
"7828",7828,"7827, 3540, 7628, 7727, 7729, 9310, 8028, 7929, 7830, 7927, 9858, 7928, 7829",13
"7829",7829,"7729, 7828, 7629, 6567, 7827, 8029, 7930, 7831, 7928, 7830",10
"7830",7830,"7730, 7829, 7630, 7729, 2859, 7828, 2188, 8030, 7832, 7929, 7831",11
"7831",7831,"1235, 7731, 7830, 1516, 1852, 7631, 7730, 7732, 7829, 8031, 7932, 7833, 7930, 7931, 7832",15
"7832",7832,"3581, 7732, 7831, 2879, 7632, 7731, 7733, 7830, 8032, 7933, 7834, 7931, 7932, 7833",14
"7833",7833,"7733, 7832, 2763, 7633, 7732, 7734, 7831, 8033, 7934, 7835, 7932, 7933, 7834",13
"7834",7834,"7734, 7833, 7634, 7735, 7832, 6767, 8034, 7933, 7934, 7835",10
"7835",7835,"7735, 7834, 4197, 7635, 7734, 7736, 7833, 1087, 7936, 7837, 7934, 7935",12
"7836",7836,"7736, 3111, 7636, 7735, 1037, 3509, 6680, 8036, 7937, 7838, 7935, 7936",12
"7837",7837,"5584, 7737, 1249, 7637, 7738, 7800, 7835, 8037, 7938, 7839, 7936, 7937",12
"7838",7838,"3885, 7738, 334, 3784, 7638, 7737, 7836, 6971, 8038, 7939, 7840, 7937, 7938",13
"7839",7839,"5130, 4407, 7639, 7738, 7740, 7837, 3219, 7940, 7841, 7938, 7840",11
"7840",7840,"3113, 7740, 7839, 7838, 9790, 8040, 7941, 7842, 7939, 7940, 7841",11
"7841",7841,"3771, 7840, 2343, 7641, 7740, 7742, 7839, 8041, 7942, 7843, 7940, 9072, 7941, 7842",14
"7842",7842,"7742, 7841, 4467, 7642, 7741, 7743, 7840, 2089, 2117, 8519, 7943, 7844, 7941, 7843",14
"7843",7843,"252, 7743, 7842, 7643, 7742, 7744, 7841, 8043, 7944, 7845, 7942, 7943, 7844",13
"7844",7844,"1243, 7744, 7843, 7644, 3174, 7842, 1290, 8044, 7945, 7943",10
"7845",7845,"1654, 7645, 7744, 7746, 7843, 4035, 8045, 7946, 7847, 7944, 7846",11
"7846",7846,"7746, 7845, 7646, 7745, 7747, 8046, 7947, 7848, 7945, 7946, 7847",11
"7847",7847,"7747, 7846, 6752, 7647, 7746, 7748, 7845, 4919, 1168, 8650, 8047, 7849, 7848",13
"7848",7848,"3295, 6065, 7748, 7847, 7648, 7747, 7749, 7846, 8048, 7949, 7850, 9420, 7948, 7849",14
"7849",7849,"395, 7848, 5565, 2024, 7748, 7750, 7847, 8049, 7950, 7851, 7948, 7850",12
"7850",7850,"7750, 7849, 7650, 6692, 7749, 1152, 7848, 8050, 7951, 7949, 7950",11
"7851",7851,"7751, 1051, 7651, 7760, 7750, 7752, 7849, 8051, 7952, 7853, 7950, 7852",12
"7852",7852,"7752, 7652, 7751, 7753, 7851, 7854, 7951, 8327, 7952, 7853",10
"7853",7853,"7753, 7852, 7653, 7752, 7754, 7851, 8053, 7954, 7952, 7953, 7854",11
"7854",7854,"7754, 7853, 5807, 6068, 7654, 7753, 7755, 7852, 8919, 8054, 7955, 7856, 7953, 8479, 7954, 7855",16
"7855",7855,"7854, 4575, 7655, 7754, 7756, 404, 9327, 7956, 7954, 8016, 7955, 7856",12
"7856",7856,"1641, 6696, 7756, 7855, 7235, 5720, 485, 7656, 7755, 7757, 7854, 567, 8056, 7957, 7858, 7955",16
"7857",7857,"7757, 7657, 7756, 7758, 5599, 8057, 7958, 7859, 7957, 7858",10
"7858",7858,"7758, 7857, 4779, 7658, 7757, 7759, 7856, 8058, 7959, 7957, 7958, 7859",12
"7859",7859,"7759, 7858, 7659, 7758, 7760, 7857, 8059, 7960, 7861, 7959, 7860",11
"7860",7860,"2149, 7760, 7859, 4224, 7660, 7761, 4946, 5671, 8060, 7961, 7862, 7960, 7861",13
"7861",7861,"7761, 7860, 1699, 7661, 7760, 7762, 7859, 8061, 7962, 7863, 7960, 7961, 7862",13
"7862",7862,"4218, 7762, 7861, 7761, 7763, 7860, 5985, 8062, 7963, 7961, 7962",11
"7863",7863,"7763, 434, 2885, 3724, 7663, 7762, 7861, 4057, 6630, 7964, 7963, 7864",12
"7864",7864,"7764, 7863, 7664, 7763, 616, 748, 6093, 7965, 7866, 7964, 7865",11
"7865",7865,"7625, 7765, 7864, 7665, 7764, 7766, 5453, 8065, 7867, 7965, 7866",11
"7866",7866,"7766, 7865, 7666, 7765, 7767, 7864, 7867, 8066, 7967, 7868, 7965",11
"7867",7867,"7767, 7866, 7667, 7766, 7865, 8067, 7968, 7869, 7966, 7967, 7868",11
"7868",7868,"7768, 7867, 7668, 7767, 7769, 7866, 4262, 8929, 8068, 7969, 7870, 7968",12
"7869",7869,"7769, 7669, 7768, 133, 7867, 8069, 7970, 7871, 7968, 7870",10
"7870",7870,"7770, 7670, 7769, 7771, 7868, 5712, 7869, 7971, 7872, 7969, 7871",11
"7871",7871,"1342, 7771, 7870, 1704, 4026, 6566, 7671, 7770, 7772, 7869, 8071, 7972, 7873, 7970",14
"7872",7872,"786, 7772, 5519, 5922, 7672, 7771, 7773, 7870, 8072, 7973, 7874, 7971, 7972, 7873",14
"7873",7873,"7773, 7872, 2472, 7673, 7772, 7774, 7871, 3239, 8073, 7974, 7875, 8580, 7973",13
"7874",7874,"7774, 7773, 7775, 7872, 8696, 8355, 8074, 8070, 7876, 7973, 7974, 7875",12
"7875",7875,"7775, 7874, 7675, 7774, 7776, 7873, 7976, 7877, 7974, 7975, 7876",11
"7876",7876,"7776, 7875, 7676, 7775, 7777, 7874, 8076, 7977, 7878, 7975, 7877",11
"7877",7877,"7777, 7876, 3070, 3418, 7677, 7776, 7778, 7875, 8077, 7978, 7879, 7977, 7878",13
"7878",7878,"1202, 7778, 7877, 5849, 2846, 7777, 7779, 7876, 8078, 7979, 7977, 7978, 7879",13
"7879",7879,"2117, 7779, 7878, 7679, 7778, 7780, 7877, 8079, 7980, 7881, 7978, 7979",12
"7880",7880,"7780, 2396, 7680, 7779, 7781, 7564, 8080, 7981, 7882, 7979, 7980, 7881",12
"7881",7881,"7781, 7880, 7681, 7782, 7879, 8081, 7982, 7883, 7980, 7981, 7882",11
"7882",7882,"5665, 7782, 7881, 7682, 7781, 7783, 7880, 9375, 8082, 7983, 7884, 7981, 7982, 7883",14
"7883",7883,"7783, 7882, 7683, 7881, 8809, 9894, 8083, 7984, 8839, 7982, 7983, 7884",12
"7884",7884,"7784, 7883, 7684, 7785, 7882, 5439, 8084, 7886, 7983, 7984, 7885",11
"7885",7885,"4996, 7785, 7884, 7784, 7786, 8085, 7986, 7887, 7984, 7985, 7886",11
"7886",7886,"7786, 7885, 7686, 7785, 7787, 7884, 8086, 7987, 7888, 8210, 7986, 7887",12
"7887",7887,"7886, 7687, 7786, 7788, 7885, 7988, 7889, 7986, 7987, 7888",10
"7888",7888,"7788, 7887, 7688, 7787, 7789, 7886, 8961, 8088, 7989, 7987, 9521, 7988, 7889",13
"7889",7889,"7789, 7888, 7788, 7790, 7887, 8089, 7990, 7891, 7988, 7989",10
"7890",7890,"3924, 7790, 5445, 7690, 7789, 7791, 4811, 8090, 7991, 7892, 7989, 7990, 7891",13
"7891",7891,"7791, 7890, 7691, 7790, 7792, 7889, 2016, 7990, 9138, 8417, 7992, 7991",12
"7892",7892,"7792, 5537, 7692, 7791, 4135, 7890, 8092, 7993, 9493, 7991, 7893",11
"7893",7893,"6449, 7892, 4173, 7693, 525, 7794, 8093, 7994, 7992, 8638, 7993, 7894",12
"7894",7894,"7794, 7893, 7694, 7793, 7795, 3868, 9782, 8094, 7896, 7993, 7994, 7895",12
"7895",7895,"7795, 7894, 7695, 7794, 7796, 3278, 8095, 7897, 7994, 7995, 7896",11
"7896",7896,"6909, 7796, 7895, 1329, 5228, 7696, 7795, 7797, 7894, 2319, 3037, 8096, 7898, 7995, 7897",15
"7897",7897,"7797, 7896, 7697, 7796, 7895, 8656, 8097, 7998, 7899, 7997, 7898",11
"7898",7898,"7798, 7897, 1255, 7698, 7797, 7799, 7896, 8098, 7999, 7900, 7997, 7998, 7899",13
"7899",7899,"7898, 6487, 7699, 7798, 7897, 5405, 8786, 8000, 7998, 7900",10
"7900",7900,"6044, 7800, 7899, 2411, 7700, 4347, 7898, 7999, 9818, 8000",10
"7901",7901,"3384, 7801, 7701, 7802, 8561, 8101, 8002, 7903, 8001, 7902",10
"7902",7902,"7802, 7901, 7702, 7801, 7803, 8102, 8003, 7904, 8001, 8002, 7903",11
"7903",7903,"7803, 7902, 2070, 7804, 7901, 5507, 8004, 8002, 8003, 7904",10
"7904",7904,"7804, 7903, 7315, 7704, 7803, 7805, 7902, 8864, 7906, 8003, 8787, 8004, 7905",13
"7905",7905,"7805, 7904, 1978, 2234, 7705, 7804, 4694, 8728, 8105, 8006, 7907, 8005, 7906",13
"7906",7906,"7806, 7905, 1712, 7706, 7805, 7807, 7904, 4572, 7908, 8106, 8005, 8081, 8006",13
"7907",7907,"7807, 7707, 7806, 7808, 7905, 7580, 4660, 8107, 7909, 8006, 8007, 7908",12
"7908",7908,"7808, 7907, 7626, 7708, 7807, 7906, 3435, 8108, 8009, 7910, 8007, 7909",12
"7909",7909,"7809, 7908, 2406, 7709, 6394, 7810, 7907, 7975, 8109, 8010, 7911, 8008, 8009, 7910",14
"7910",7910,"7909, 7811, 7908, 8657, 9308, 9578, 8110, 8011, 8009, 8010, 7911",11
"7911",7911,"7811, 7910, 7711, 7810, 7812, 7909, 8111, 8012, 7913, 8011, 7912",11
"7912",7912,"7812, 7911, 7712, 7813, 4830, 8112, 7914, 8011, 8012, 7913",10
"7913",7913,"7813, 7912, 6136, 7812, 7814, 7911, 6301, 8113, 7915, 8012, 8013, 9987",12
"7914",7914,"5018, 6856, 7814, 7714, 7815, 7912, 7813, 8114, 8015, 7916, 8013, 8014, 7915",13
"7915",7915,"7815, 7914, 460, 7715, 7814, 7816, 7913, 2072, 7917, 8014, 9931, 8015",12
"7916",7916,"7816, 6893, 7716, 7815, 7817, 7914, 8116, 8017, 7918, 8015, 8016, 7917",12
"7917",7917,"7916, 7527, 4505, 7816, 7915, 5310, 8117, 8018, 7919, 8016, 8017",11
"7918",7918,"7818, 7718, 7817, 7819, 7916, 7358, 8118, 8017, 8018, 7919",10
"7919",7919,"7918, 3544, 7719, 7818, 7820, 7917, 1156, 8119, 8020, 7921, 8018, 7920",12
"7920",7920,"7820, 7919, 6449, 7720, 7819, 7821, 8120, 8021, 7922, 8019, 8020, 7921",12
"7921",7921,"7920, 7721, 7820, 7822, 7919, 8021, 8022, 8513, 8020, 7922",10
"7922",7922,"7822, 7921, 51, 7722, 4392, 7920, 8901, 8826, 8122, 8023, 7924, 8021, 8022",13
"7923",7923,"78, 3952, 7823, 7723, 7749, 7822, 3557, 8123, 8024, 7925, 8023, 7924",12
"7924",7924,"2097, 7824, 7923, 7724, 7825, 7922, 8124, 8025, 8202, 8023, 8024, 7925",12
"7925",7925,"1999, 7825, 7924, 3601, 4579, 7725, 7824, 7923, 8125, 8026, 7927, 8024, 8025, 7926",14
"7926",7926,"7826, 7925, 7726, 3141, 9462, 8126, 8027, 7928, 8025, 8026, 7927",11
"7927",7927,"7827, 7926, 7727, 7826, 7828, 7925, 8127, 8026, 8027, 7928",10
"7928",7928,"7828, 7927, 6180, 7728, 7827, 7829, 7926, 7564, 8128, 8029, 7930, 9675, 7929",13
"7929",7929,"5567, 7928, 7729, 7828, 7830, 8129, 8030, 7931, 8028, 9137, 8427, 7930",12
"7930",7930,"7182, 7929, 5969, 7730, 7829, 7831, 7928, 7932, 8029, 8030, 7931",11
"7931",7931,"4094, 7831, 7930, 7731, 7832, 7929, 8131, 8032, 7933, 8030, 8031, 7932",12
"7932",7932,"2828, 7832, 7931, 7732, 7831, 7833, 7930, 3829, 8132, 8033, 7934, 8031, 8455",13
"7933",7933,"7639, 7833, 4461, 6784, 7733, 7832, 7834, 7931, 8133, 8034, 7935, 8032, 8033, 7934",14
"7934",7934,"7834, 7933, 2232, 7734, 7833, 7835, 7932, 1175, 8134, 8033, 8034, 8669",12
"7935",7935,"7835, 7658, 4173, 7735, 7836, 7933, 8135, 8036, 8034, 7936",10
"7936",7936,"7836, 7935, 3676, 7835, 7837, 3353, 1322, 2588, 8035, 8036, 7937",11
"7937",7937,"7837, 7936, 5567, 5507, 7737, 7836, 7838, 6912, 5911, 8137, 8038, 7939, 8036, 8037",14
"7938",7938,"7838, 1550, 7738, 7837, 7839, 464, 8138, 8039, 7940, 8037, 8038",11
"7939",7939,"7739, 7838, 7840, 7937, 9957, 8040, 7941, 8038, 8039",9
"7940",7940,"7840, 6510, 7841, 7938, 7839, 8140, 8041, 7942, 8040, 7941, 9680",11
"7941",7941,"7841, 7940, 7741, 7840, 7842, 7939, 7385, 8141, 8042, 8040, 8041, 7942",12
"7942",7942,"7941, 111, 7353, 7742, 7841, 7843, 7940, 8142, 8043, 7944, 8041, 8042, 7943",13
"7943",7943,"7843, 7942, 7743, 7842, 7844, 8143, 8044, 7945, 8042, 8043, 7944",11
"7944",7944,"7943, 7744, 7843, 7845, 7942, 9114, 8144, 7946, 8043, 7945",10
"7945",7945,"1589, 1348, 7944, 7745, 7844, 7846, 7943, 9234, 8145, 8046, 7947, 8044, 8045, 7946",14
"7946",7946,"7846, 7945, 537, 2369, 4039, 7746, 7845, 7944, 6459, 9238, 8146, 8047, 8045, 8046, 7947",15
"7947",7947,"7946, 1383, 3348, 7780, 7846, 4253, 7945, 8147, 8048, 7949, 8046, 8047, 7948",13
"7948",7948,"4090, 7848, 7947, 7849, 5120, 8148, 7950, 8047, 8983, 8048",10
"7949",7949,"6155, 7749, 7848, 7850, 7947, 8149, 8050, 7951, 8048, 8049, 7950",11
"7950",7950,"7850, 7949, 7750, 7849, 7851, 7948, 8150, 8051, 7952, 8049, 7951",11
"7951",7951,"7950, 7751, 7850, 7852, 7949, 5369, 8157, 8151, 8052, 8050, 8051, 7952",12
"7952",7952,"7852, 7951, 6029, 6666, 7752, 7851, 7853, 7950, 8152, 8053, 7954, 8051, 8052",13
"7953",7953,"7853, 2797, 7753, 6379, 7854, 8153, 8054, 8052, 8053, 7954",10
"7954",7954,"7854, 7953, 6466, 7754, 7853, 7855, 7952, 8154, 8055, 7956, 8053, 8054",12
"7955",7955,"7855, 3547, 7755, 7854, 7856, 8155, 8608, 7957, 8054, 9462, 9584, 8055",12
"7956",7956,"5792, 300, 1685, 7756, 7855, 2188, 7954, 8156, 8057, 7958, 8055, 8056, 7957",13
"7957",7957,"7857, 7956, 7757, 7856, 7858, 7955, 5251, 8058, 7959, 8056, 8057, 7958",12
"7958",7958,"7858, 7957, 7758, 7857, 7956, 8493, 8158, 8059, 7960, 8058, 7959",11
"7959",7959,"7859, 7958, 7759, 7858, 7957, 9878, 8159, 7961, 8058, 8059, 7960",11
"7960",7960,"7860, 7959, 7859, 7861, 7958, 7434, 8160, 8061, 8059, 7983, 8060, 7961",12
"7961",7961,"7861, 7960, 7761, 7860, 7862, 7959, 8161, 8062, 7963, 8060",10
"7962",7962,"7862, 7861, 1449, 8360, 8162, 8063, 7964, 8061, 8963, 7963",10
"7963",7963,"7863, 7962, 1178, 7763, 7862, 3980, 7961, 3137, 9727, 8163, 7965, 8063, 7964",13
"7964",7964,"7864, 7963, 2109, 7764, 7863, 7962, 5102, 8164, 7966, 8063, 8064",11
"7965",7965,"7865, 242, 1541, 7864, 7866, 7963, 4688, 8066, 7967, 8064, 8065",11
"7966",7966,"4217, 2304, 7766, 4022, 7867, 7964, 8166, 8067, 7968, 8065, 8066, 7967",12
"7967",7967,"6348, 7867, 7966, 4105, 7767, 7866, 7965, 1268, 8167, 7969, 8066, 8067, 7968",13
"7968",7968,"7868, 7967, 7768, 7867, 7869, 7966, 8341, 8168, 8069, 7970, 8067, 8068, 7969",13
"7969",7969,"7968, 3162, 7769, 7868, 7870, 7967, 9700, 8099, 8169, 8070, 7971, 8068, 8069, 7970",14
"7970",7970,"3233, 7969, 3799, 2945, 7869, 7871, 7968, 9070, 8170, 8071, 7972, 8069, 8070, 7971",14
"7971",7971,"1261, 7970, 4527, 7771, 7870, 7872, 7969, 8171, 8072, 7973, 8070, 8071, 7972",13
"7972",7972,"7872, 7971, 5664, 6637, 7871, 7970, 8789, 7974, 8071, 8072, 7973",11
"7973",7973,"921, 7873, 7972, 7773, 7872, 7874, 7971, 115, 8074, 7975, 8072, 9384, 8073, 7974",14
"7974",7974,"7874, 7973, 7774, 7873, 7875, 7972, 8794, 8174, 8075, 7976, 8073, 8547, 7975",13
"7975",7975,"2844, 7875, 7974, 7775, 7876, 7973, 7909, 8175, 7977, 8075, 7976",11
"7976",7976,"2812, 7975, 7776, 5239, 7974, 7875, 8076, 8176, 8077, 7978, 8075, 7977",12
"7977",7977,"7877, 7976, 7777, 7876, 7878, 7975, 4481, 8177, 7979, 8076, 8077",11
"7978",7978,"7878, 1815, 7778, 7877, 7879, 7976, 2071, 9547, 8178, 8079, 7980, 8078",12
"7979",7979,"7879, 7779, 7878, 7880, 7977, 8576, 8179, 8080, 7981, 8078, 8079",11
"7980",7980,"7880, 1479, 7780, 7879, 7881, 7978, 4311, 8180, 8081, 7982, 8079, 7981",12
"7981",7981,"7881, 7980, 7160, 7781, 7880, 7882, 7979, 1925, 9794, 8082, 7983, 8080, 7982",13
"7982",7982,"5019, 7882, 7981, 1994, 7881, 7883, 7980, 8182, 7984, 8081, 8082",11
"7983",7983,"7883, 7960, 1171, 7783, 7882, 7884, 7981, 8183, 8084, 7985, 8082, 8083, 7984",13
"7984",7984,"7884, 7983, 6822, 7784, 7883, 7885, 7982, 8184, 8085, 7986, 8083, 8084, 7985",13
"7985",7985,"7885, 7984, 7785, 7983, 8185, 8086, 7987, 8084, 8085",9
"7986",7986,"7886, 6206, 7786, 7885, 7887, 7984, 8690, 8186, 8087, 7988, 8085, 8086, 7987",13
"7987",7987,"7768, 7887, 7986, 7886, 7888, 7985, 2538, 8088, 7989, 8087",10
"7988",7988,"7888, 6038, 7887, 7889, 7986, 8188, 8087, 8088, 7989",9
"7989",7989,"4320, 7889, 7988, 7888, 7890, 7987, 2112, 8089, 7991, 8088, 9752",11
"7990",7990,"7890, 5919, 7790, 7889, 7891, 6722, 8190, 8091, 7992, 8090",10
"7991",7991,"7891, 3449, 7121, 7791, 7890, 7892, 7989, 8191, 8092, 7993, 8090, 8091",12
"7992",7992,"5677, 3412, 7792, 7891, 7893, 7990, 8192, 8093, 7994, 8091, 8092",11
"7993",7993,"7893, 613, 7793, 7892, 7894, 7991, 8092, 8093, 7994",9
"7994",7994,"7894, 7993, 6638, 7893, 7895, 7992, 7458, 8194, 8095, 8094, 7995",11
"7995",7995,"7895, 7994, 7795, 7896, 7368, 8195, 8096, 7997, 8094, 7996",10
"7996",7996,"7995, 7796, 2294, 3, 6001, 4337, 4309, 8095, 8096, 7997",10
"7997",7997,"7897, 7996, 3459, 7797, 7898, 7995, 1945, 8197, 8098, 8096, 8097",11
"7998",7998,"3512, 7898, 1023, 7798, 7897, 7899, 8198, 8000, 8097, 8098, 7999",11
"7999",7999,"4742, 5249, 7998, 7269, 7799, 7898, 7900, 8100, 8098, 8099, 8000",11
"8000",8000,"7900, 7999, 7345, 7800, 7899, 7998, 8100",7
"8001",8001,"7901, 874, 7801, 7902, 3923, 8201, 8102, 8003",8
"8002",8002,"1444, 5782, 7902, 6183, 7318, 7802, 7901, 7903, 592, 8516, 8103, 8101, 8102, 8003",14
"8003",8003,"6529, 7903, 8002, 7803, 7902, 7904, 8001, 959, 8203, 8104, 8102, 8103, 8004",13
"8004",8004,"7904, 8003, 7804, 7903, 3706, 8204, 8105, 8006, 8103, 8104, 8005",11
"8005",8005,"7905, 8004, 4310, 7805, 7906, 8205, 8106, 8007, 8104, 8277, 8105, 8006",12
"8006",8006,"7906, 8005, 7806, 7905, 7907, 8004, 2953, 8538, 8206, 8107, 8008, 8007",12
"8007",8007,"2813, 7907, 8006, 7807, 7908, 8005, 8207, 8009, 8107, 8008",10
"8008",8008,"4225, 8007, 3674, 7808, 7909, 8006, 8010, 8208, 8107, 8108, 8009",11
"8009",8009,"7909, 8008, 7809, 7908, 7910, 8007, 8209, 8110, 8011, 8108, 8109, 8010",12
"8010",8010,"7910, 8009, 2313, 7810, 7909, 3122, 8008, 8210, 8111, 8012, 8109, 8110, 8011",13
"8011",8011,"7911, 8010, 7811, 7910, 7912, 8009, 8211, 8112, 8013, 8110, 8111, 8012",12
"8012",8012,"7912, 8011, 7812, 7911, 7913, 8010, 6208, 2511, 6169, 8113, 8014, 8013",12
"8013",8013,"7913, 8012, 6477, 7914, 8011, 9327, 8213, 8837, 8015, 8112, 8014",11
"8014",8014,"7914, 8013, 7212, 7814, 7915, 8012, 8214, 8115, 8016, 8113, 8015",11
"8015",8015,"7915, 8014, 7815, 7914, 7916, 8013, 8215, 8116, 8017, 8114, 8115, 8016",12
"8016",8016,"7916, 8015, 7816, 7855, 7788, 7917, 8014, 7107, 8216, 8117, 8018, 8116, 8017",13
"8017",8017,"7917, 8016, 1304, 7817, 7916, 7918, 8015, 8217, 8118, 8019, 8116, 8117, 8018",13
"8018",8018,"6026, 7918, 8017, 7818, 7917, 7919, 8016, 8218, 8119, 8020, 8253, 8118",12
"8019",8019,"7468, 4070, 7920, 8017, 8021, 8025, 8020, 8061",8
"8020",8020,"1053, 7920, 8019, 7820, 7919, 7921, 8018, 1050, 7794, 8220, 8121, 8119, 8120",13
"8021",8021,"540, 7921, 7821, 7920, 7922, 8019, 8221, 8122, 9734, 8120, 8121, 8022",12
"8022",8022,"7922, 8021, 7822, 7921, 9001, 8222, 8123, 8024, 8121, 8122, 8023",11
"8023",8023,"7442, 7923, 8022, 3448, 7823, 7922, 7924, 8223, 8124, 8025, 8990, 8123, 8024",13
"8024",8024,"7924, 8023, 1782, 7824, 7923, 7925, 8022, 8224, 8125, 8026, 8123, 8124, 8025",13
"8025",8025,"7925, 8024, 8019, 7924, 7926, 8023, 8126, 8027, 8124, 8650, 8125, 8026",12
"8026",8026,"7926, 8025, 74, 7826, 7925, 7927, 8024, 8226, 8028, 8125, 8126, 8027",12
"8027",8027,"7927, 8026, 7827, 7926, 8025, 8227, 8128, 8029, 8126, 8127, 8028",11
"8028",8028,"1378, 3125, 8027, 7828, 7477, 7929, 8026, 4989, 8228, 8030, 8127, 8128",12
"8029",8029,"2154, 7829, 7928, 7930, 8027, 9783, 8130, 8031, 8128, 8129, 8030",11
"8030",8030,"7930, 8029, 7830, 7929, 7931, 8028, 8230, 8131, 8032, 8129, 8031",11
"8031",8031,"7931, 7831, 5208, 7932, 8029, 8030, 9725, 8231, 8132, 8033, 8131, 8032",12
"8032",8032,"8031, 7259, 7832, 7931, 7933, 8030, 8232, 8133, 8034, 8131, 8132",11
"8033",8033,"7933, 3936, 7833, 7932, 7934, 8031, 508, 8233, 8134, 8035, 8132, 8034",12
"8034",8034,"7934, 8033, 7834, 7933, 7935, 8032, 5837, 8234, 8036, 8133, 8035",11
"8035",8035,"4088, 218, 1203, 2273, 7936, 8033, 7094, 8034, 8136, 8037, 8134, 9105, 8135, 8036",14
"8036",8036,"7936, 8035, 589, 7836, 7935, 7937, 8034, 6574, 1085, 8236, 8137, 8136, 8037",13
"8037",8037,"7937, 8036, 6941, 7837, 7938, 8035, 8237, 8039, 8136, 8234, 8137, 8038",12
"8038",8038,"7938, 8037, 7838, 7937, 7939, 8238, 8139, 8040, 8137, 8138, 8039",11
"8039",8039,"7939, 8038, 5396, 7938, 5260, 8037, 8959, 8239, 8041, 8138, 8139, 8040",12
"8040",8040,"7940, 8039, 398, 3587, 7840, 7939, 7941, 8038, 9975, 8240, 8141, 9636, 8139, 8140, 8041",15
"8041",8041,"7941, 8040, 3213, 7841, 7940, 7942, 1026, 8039, 8142, 8043, 8140, 8485, 8141, 8042",14
"8042",8042,"7942, 8041, 7941, 7943, 4885, 8242, 8143, 9024, 8142, 8043",10
"8043",8043,"971, 7943, 8042, 7843, 7942, 7944, 8041, 8243, 8144, 8045, 8142, 8143, 8044",13
"8044",8044,"7487, 8043, 7844, 7943, 7945, 5945, 8244, 8145, 8046, 8143, 8144, 8045",12
"8045",8045,"7945, 8044, 7845, 678, 7946, 8043, 6742, 8245, 8146, 8144, 8145, 8046",12
"8046",8046,"7946, 8045, 7846, 7945, 7947, 8044, 8246, 8147, 8048, 8145, 8146, 8047",12
"8047",8047,"6962, 7947, 8046, 7847, 7946, 7948, 6917, 8247, 8049, 8146, 8894, 8147, 8048",13
"8048",8048,"1108, 7948, 8047, 2872, 3227, 6419, 7848, 7947, 7949, 8046, 8248, 8050, 8147, 8148, 8049",15
"8049",8049,"4031, 7949, 8048, 6639, 7849, 7950, 8047, 9297, 8249, 8150, 8051, 8148, 8149, 8050",14
"8050",8050,"4784, 8049, 3564, 7850, 7949, 7951, 8048, 8250, 8151, 8052, 8149, 8150",12
"8051",8051,"7951, 7851, 7950, 7952, 8049, 8251, 8152, 8053, 8150, 8151, 8052, 9934",12
"8052",8052,"7952, 8051, 7951, 7953, 8050, 8252, 8153, 8054, 8151, 8152, 8053",11
"8053",8053,"7953, 8052, 7853, 7952, 7954, 8051, 8317, 8154, 8055, 8152, 8153",11
"8054",8054,"7954, 6952, 7854, 7953, 7955, 8052, 9680, 8056, 8153, 8154, 8055",11
"8055",8055,"7955, 8054, 7794, 7954, 7956, 8053, 8156, 8057, 8154, 8155, 8056",11
"8056",8056,"7956, 8055, 7856, 7957, 8054, 3004, 8256, 8157, 8058, 8155, 8057",11
"8057",8057,"7957, 8056, 7857, 7956, 8055, 9322, 8257, 8158, 8059, 8157, 8058",11
"8058",8058,"3875, 7958, 8057, 725, 5716, 7858, 7957, 7959, 8056, 8258, 8159, 8060, 8158, 8059",14
"8059",8059,"7959, 8058, 7859, 7958, 7960, 8057, 7079, 8259, 8061, 8158, 8159, 8060",12
"8060",8060,"2532, 7123, 7154, 8059, 3153, 7860, 7961, 8058, 6434, 7960, 8260, 8161, 8062, 9570, 8160",15
"8061",8061,"8019, 7861, 7960, 7962, 8059, 4659, 1489, 9843, 9986, 8261, 8162, 8161, 8062",13
"8062",8062,"8061, 7695, 7862, 7961, 5814, 8060, 8262, 8163, 8064, 8161, 8162, 8063",12
"8063",8063,"7963, 8062, 7962, 7964, 2512, 1513, 8162, 8163",8
"8064",8064,"7964, 307, 1234, 7965, 8062, 8264, 8165, 8066, 8163, 8998, 8164, 8065",12
"8065",8065,"6416, 7965, 8064, 7865, 7966, 8862, 8265, 8166, 9620, 8164, 8165",11
"8066",8066,"7966, 1840, 7866, 7965, 7967, 8064, 8266, 8167, 8068, 8166, 8067",11
"8067",8067,"7967, 8066, 7867, 7966, 7968, 8267, 8168, 8069, 8166, 8167, 8068",11
"8068",8068,"7968, 8067, 7868, 7969, 8066, 8169, 8070, 8167, 8168, 8069",10
"8069",8069,"7969, 8068, 7869, 7968, 7970, 8067, 8269, 8733, 8071, 8168, 8169",11
"8070",8070,"7970, 6735, 7874, 7969, 7971, 8068, 8270, 8171, 8072, 8169, 8071",11
"8071",8071,"7971, 8070, 4713, 7871, 7970, 7972, 8069, 8271, 8172, 8073, 8170, 8171, 8072",13
"8072",8072,"7972, 8071, 7872, 7971, 7973, 8070, 897, 8686, 8173, 8074, 8171, 8073",12
"8073",8073,"2369, 7973, 8072, 7873, 7974, 8071, 6864, 8273, 8174, 8074",10
"8074",8074,"8073, 1006, 7874, 7973, 8072, 9169, 8274, 8076, 8173, 8174, 8075",11
"8075",8075,"7975, 8074, 7974, 7976, 9441, 8275, 8176, 8077, 8174, 8868, 8175, 8076",12
"8076",8076,"7976, 8075, 6570, 7876, 7977, 8074, 633, 8276, 8177, 8078, 8175, 8077",12
"8077",8077,"7977, 8076, 7877, 7976, 377, 8075, 8845, 8079, 8176, 8177, 8078",11
"8078",8078,"7978, 8077, 2308, 2765, 7878, 7979, 8076, 8278, 8179, 8080, 8177, 8178, 8079",13
"8079",8079,"7979, 8078, 6452, 7879, 7978, 7980, 8077, 8279, 8180, 8081, 8178, 8179, 8080",13
"8080",8080,"8079, 7880, 7979, 7981, 8078, 4141, 8280, 8181, 8179, 8180, 8081",11
"8081",8081,"7906, 8080, 7881, 7980, 7982, 8079, 8281, 8182, 8180, 8904, 8181, 8082",12
"8082",8082,"2838, 7178, 7982, 8081, 6349, 7882, 7981, 7983, 8282, 8183, 8084, 8181, 8182, 8083",14
"8083",8083,"7983, 8082, 5928, 7883, 7984, 1920, 8283, 8184, 8182, 9645, 8183, 8084",12
"8084",8084,"7984, 8083, 5876, 6364, 7884, 7983, 7985, 8082, 3174, 8185, 8086, 8184, 8085",13
"8085",8085,"7985, 8084, 1862, 7885, 7984, 7986, 99, 1688, 8285, 8087, 8184, 8185",12
"8086",8086,"2343, 7986, 4107, 6984, 7886, 7985, 2238, 8084, 8286, 8187, 8088, 8185, 8186, 8087",14
"8087",8087,"7987, 8086, 505, 1257, 7986, 7988, 8085, 8287, 8188, 8089, 8186, 9067, 8187, 8088",14
"8088",8088,"7988, 8087, 7888, 7987, 7989, 8086, 8288, 8189, 8090, 8187, 8791, 8188, 8089",13
"8089",8089,"7989, 8088, 4120, 7889, 3178, 8087, 9872, 8289, 8190, 8091, 8189, 8090",12
"8090",8090,"7990, 8089, 2546, 7890, 5415, 7991, 8088, 8290, 8191, 8092, 8189, 8190, 8091",13
"8091",8091,"4765, 7991, 8090, 4505, 5829, 7055, 7990, 7992, 8089, 8291, 8192, 8093, 8190, 8191, 8092",15
"8092",8092,"7992, 8091, 7892, 7991, 7993, 8090, 8292, 8193, 8094, 8191, 8093",11
"8093",8093,"7993, 2954, 7893, 7992, 8091, 8092, 8979, 8293, 8194, 8095, 8192, 8193, 8094",13
"8094",8094,"7994, 8093, 7894, 278, 7995, 8092, 9359, 8294, 8195, 9382, 8193, 8194, 8095",13
"8095",8095,"4788, 8094, 287, 4287, 7895, 7994, 7996, 8093, 987, 8295, 8097, 8195",12
"8096",8096,"3534, 7996, 3261, 7896, 7995, 7997, 8296, 8197, 8098, 8196, 8097",11
"8097",8097,"7997, 8096, 7897, 7998, 8095, 9050, 8198, 8099, 8196, 8197, 8098",11
"8098",8098,"3453, 7998, 8097, 7898, 7997, 7999, 8096, 5187, 8100, 8298, 8197, 8198",12
"8099",8099,"7411, 7999, 4636, 6197, 69, 8097, 7969, 8299, 8198, 9344, 8199, 8100",12
"8100",8100,"8000, 8099, 3854, 5012, 7333, 7999, 8098, 8199, 8200",9
"8101",8101,"5112, 7901, 8002, 8301, 8202, 8103, 8102",7
"8102",8102,"1251, 8002, 8101, 7902, 8001, 8003, 8302, 8203, 8104, 8201, 8103",11
"8103",8103,"8003, 8102, 5750, 8002, 8004, 8101, 9039, 8303, 8204, 8105, 8203, 8104",12
"8104",8104,"8004, 8103, 6774, 8003, 8005, 8102, 8304, 8106, 8203, 8204, 8105",11
"8105",8105,"8005, 8104, 2885, 7905, 8004, 4808, 8103, 8305, 8206, 8107, 8204, 8205, 8106",13
"8106",8106,"8105, 7906, 8005, 7316, 8104, 8306, 8207, 8108, 8205, 8206, 8107",11
"8107",8107,"887, 1139, 8007, 8106, 7907, 8006, 8008, 8105, 5633, 1339, 8307, 8208, 8206, 8108",14
"8108",8108,"8008, 8107, 7908, 8009, 8106, 8308, 8209, 8110, 8207, 9312, 8208, 8109",12
"8109",8109,"8009, 8108, 7909, 8010, 8309, 8210",6
"8110",8110,"8010, 7910, 8009, 8011, 8108, 1577, 8738, 8310, 8211, 8112, 8209, 8210",12
"8111",8111,"8011, 4178, 204, 2799, 7911, 8010, 4476, 8212, 8113, 8211, 8112",11
"8112",8112,"6654, 8111, 5688, 6353, 7912, 8011, 8013, 8110, 8312, 8213, 8114, 8211, 8212, 8113",14
"8113",8113,"2471, 2909, 8112, 1952, 7913, 8012, 8014, 8111, 8313, 8214, 8115, 8212, 8213, 8114",14
"8114",8114,"1227, 8113, 7914, 8015, 8112, 7476, 9361, 8314, 8215, 8213, 8262, 8115",12
"8115",8115,"8015, 8114, 8014, 8113, 4797, 8315, 8216, 8214, 8116",9
"8116",8116,"8016, 8115, 6079, 1804, 7916, 8015, 8017, 8316, 8217, 8118, 8215, 8636, 8117",13
"8117",8117,"8017, 8116, 7917, 8016, 1710, 4353, 8218, 8119",8
"8118",8118,"8018, 6561, 2533, 7918, 8017, 5577, 8116, 8318, 8217, 8119",10
"8119",8119,"2347, 8118, 4498, 7919, 8018, 8020, 8117, 2979, 8220, 8219, 9620",11
"8120",8120,"8020, 7920, 4584, 8021, 3293, 8320, 8221, 8122, 8220",9
"8121",8121,"8021, 7428, 6516, 8020, 8022, 6, 2282, 3453, 9524, 8321, 8220, 8221, 8122",13
"8122",8122,"6146, 8022, 8121, 2503, 3631, 4043, 7922, 8021, 8120, 1705, 8322, 8223, 8124, 8222, 8123",15
"8123",8123,"7388, 8023, 8122, 6888, 7923, 8022, 8024, 8224, 8125, 8222, 8223, 8124",12
"8124",8124,"8024, 8123, 2895, 7161, 7924, 8023, 8025, 8122, 8324, 8225, 8126, 8223, 8224",13
"8125",8125,"6982, 8025, 1057, 7925, 8024, 8026, 8123, 2336, 8226, 8127, 8610, 8225, 8126",13
"8126",8126,"8026, 8125, 7926, 8025, 8027, 8124, 8326, 8227, 8128, 8225, 9004",11
"8127",8127,"2723, 8027, 7927, 2675, 8028, 8125, 5164, 8228, 8129, 8226, 8983, 9001, 8227, 9662",14
"8128",8128,"8028, 4164, 7928, 8027, 8029, 8126, 4603, 9314, 8328, 8130, 8227, 8228, 9530",13
"8129",8129,"8029, 7929, 8030, 8127, 8409, 8329, 8230, 8131, 8228, 8229, 8130",11
"8130",8130,"6108, 8129, 2261, 8029, 8128, 9005, 8330, 8231, 8132, 8230, 8131",11
"8131",8131,"8031, 8130, 3924, 4500, 6369, 7931, 8030, 8032, 8129, 7475, 8331, 8232, 8230, 8231, 8132",15
"8132",8132,"8032, 8131, 7932, 8031, 8033, 8130, 8332, 8233, 8134, 8231, 8232, 8133",12
"8133",8133,"8132, 7933, 8032, 8034, 8333, 8234, 8135, 8232, 8233",9
"8134",8134,"7934, 8033, 8035, 8132, 9287, 8334, 8235, 8136, 8233, 8135, 9348",11
"8135",8135,"3282, 8035, 8134, 58, 7935, 8133, 8335, 8236, 8137, 8234, 8235, 8136",12
"8136",8136,"8036, 8135, 8035, 8037, 8134, 8336, 8237, 8138, 8235, 8236, 8137",11
"8137",8137,"8037, 8136, 7937, 8036, 8038, 8135, 8337, 8238, 8139, 8236, 8237, 8138",12
"8138",8138,"8038, 8137, 5760, 7938, 2221, 8039, 8136, 5903, 8139, 8338, 8140, 8237",12
"8139",8139,"8039, 8138, 8038, 8040, 8137, 8339, 8240, 8141, 8238, 8239, 8140",11
"8140",8140,"7655, 8040, 8139, 7940, 8041, 8138, 1812, 9142, 8340, 8241, 8239, 9540, 8240, 8141",14
"8141",8141,"8041, 8140, 6503, 7941, 8040, 8139, 8341, 8242, 8143, 8240, 8241, 8142",12
"8142",8142,"8042, 8141, 7942, 8041, 8043, 8243, 8144, 8241, 8242, 8143",10
"8143",8143,"8043, 8142, 7943, 8042, 8044, 8141, 4953, 8343, 8145, 8242, 8144",11
"8144",8144,"1736, 8044, 8143, 4618, 7729, 7944, 8043, 8045, 8142, 5266, 2742, 8878, 8344, 8245, 8145",15
"8145",8145,"8045, 8144, 7945, 8044, 8046, 8143, 8345, 8246, 8147, 8244, 8828, 8245, 8146",13
"8146",8146,"8046, 8145, 7946, 8045, 8047, 8346, 8247, 8148, 8245, 8246, 8147",11
"8147",8147,"8047, 8146, 7947, 8046, 8048, 8145, 8347, 8248, 8149, 8246, 8247",11
"8148",8148,"8048, 5947, 7210, 7377, 7948, 8049, 8146, 8348, 8249, 8150, 8247, 8248, 8149",13
"8149",8149,"8049, 8148, 7949, 182, 8050, 8147, 4038, 8349, 8250, 8151, 8248, 8249",12
"8150",8150,"8050, 4488, 5069, 6193, 7950, 8049, 8051, 8148, 9703, 8350, 8251, 8152, 8249, 9822, 8151",15
"8151",8151,"5220, 8051, 8150, 7951, 8050, 8052, 8149, 8385, 9411, 8351, 8252, 8153, 8250, 8152",14
"8152",8152,"8052, 8151, 4032, 7952, 8051, 8053, 8150, 8352, 8253, 8154, 8251, 8252, 8153",13
"8153",8153,"8053, 8152, 7953, 8052, 8054, 8151, 8353, 8254, 8155, 8252, 8804, 8253, 8154",13
"8154",8154,"249, 8054, 8153, 7954, 8053, 8055, 8152, 1325, 8255, 8156, 8253, 8254",12
"8155",8155,"8055, 7955, 4144, 8056, 8153, 8355, 8256, 8157, 8254, 8255, 8156",11
"8156",8156,"6788, 8155, 3087, 7956, 8055, 1789, 8154, 8356, 8158, 8255, 8256, 8157",12
"8157",8157,"7951, 8057, 8156, 8056, 2927, 8155, 8258, 8159, 8256, 8257, 8158",11
"8158",8158,"3612, 8058, 8157, 7958, 8057, 8059, 8156, 8358, 8259, 8160, 8257, 8258",12
"8159",8159,"8059, 6060, 7959, 8058, 2379, 8157, 5155, 8359, 8260, 8161, 8258, 8160",12
"8160",8160,"8060, 8159, 7960, 8158, 8360, 8261, 8162, 8259, 8260, 8161",10
"8161",8161,"8061, 8160, 3300, 2769, 7961, 8060, 8062, 8159, 425, 8361, 8262, 8163, 8261, 8162",14
"8162",8162,"8062, 8161, 7962, 8061, 8063, 8160, 8362, 8263, 8164, 8261, 8262, 8163",12
"8163",8163,"6233, 8063, 8162, 7963, 8062, 8064, 8161, 8363, 8264, 8165, 8262, 8263, 8164",13
"8164",8164,"8064, 8163, 7964, 8065, 8162, 8364, 8265, 8166, 8263, 8264, 8165",11
"8165",8165,"4553, 8065, 8164, 8064, 8163, 1018, 8365, 8167, 8264, 8265, 8166",11
"8166",8166,"8066, 8165, 141, 1195, 2347, 3251, 7966, 8065, 8067, 8164, 9648, 8366, 8168, 8265, 8266, 8167",16
"8167",8167,"8067, 8166, 7967, 8066, 8068, 8165, 6357, 9270, 8367, 8169, 8266, 8267, 8168",13
"8168",8168,"5153, 8068, 8167, 1215, 7968, 8067, 8069, 8166, 8368, 8269, 8170, 8267, 8268, 8169",14
"8169",8169,"2836, 8069, 8168, 7632, 7969, 8068, 8070, 8167, 8369, 8270, 8171, 8268, 8269, 8170",14
"8170",8170,"2877, 8169, 7970, 8071, 8168, 8370, 8271, 8172, 8269, 8270",10
"8171",8171,"8071, 2900, 3482, 6153, 7679, 7971, 8070, 8072, 8169, 5608, 8371, 8173, 8270, 8271, 8172, 8953",16
"8172",8172,"8171, 6212, 8071, 1187, 8170, 8372, 8273, 8174, 8271, 8272, 8173",11
"8173",8173,"8172, 70, 8072, 8074, 8171, 8373, 8274, 8175, 8272, 8273, 8174",11
"8174",8174,"8074, 8173, 7974, 8073, 8075, 8172, 8374, 8275, 8176, 8273, 8274, 8175",12
"8175",8175,"8075, 8174, 7975, 8076, 8173, 8375, 8276, 8177, 8274, 8195, 8275, 8176",12
"8176",8176,"4574, 8175, 3682, 7579, 7976, 8075, 8077, 8174, 1459, 8376, 8277, 8178, 8276, 8177",14
"8177",8177,"8077, 8176, 7977, 8076, 8078, 8175, 1722, 8377, 8179, 9164, 8277, 8178",12
"8178",8178,"2019, 8078, 8177, 7978, 8079, 8176, 8378, 8279, 8180, 8277, 8278, 8179",12
"8179",8179,"8079, 8178, 1744, 7979, 8078, 8080, 8177, 8379, 8280, 8278, 8279, 8180",12
"8180",8180,"8080, 8179, 7980, 8079, 8081, 8178, 2528, 8281, 8182, 8279, 8280, 9185",12
"8181",8181,"8081, 636, 5564, 8080, 8082, 7654, 8381, 8282, 8183, 9998, 8281, 8182",12
"8182",8182,"8082, 8181, 7982, 8081, 8083, 8180, 4165, 8382, 8184, 9047, 8183",11
"8183",8183,"8083, 8182, 2078, 743, 7983, 8082, 8181, 1974, 8383, 8185, 8282, 8184",12
"8184",8184,"8084, 8183, 7984, 8083, 8085, 8182, 6539, 9310, 8384, 8285, 8186, 8283, 8284",13
"8185",8185,"2258, 8085, 1035, 1847, 2354, 3359, 7985, 8086, 8183, 8084, 8385, 8286, 8187, 8284, 8285, 8186",16
"8186",8186,"5011, 8086, 8185, 1351, 5793, 7986, 8087, 8184, 9839, 8386, 8287, 8188, 8285, 8187",14
"8187",8187,"8087, 8186, 6301, 8086, 8088, 8185, 4853, 8387, 8288, 8189, 8286, 8287",12
"8188",8188,"8088, 3993, 5945, 7988, 8087, 2138, 8186, 9763, 8862, 8289, 8190, 8287, 8288, 8189",14
"8189",8189,"8089, 8188, 8088, 8090, 8187, 3335, 8389, 8290, 8191, 8289",10
"8190",8190,"8090, 4276, 782, 2657, 7990, 8089, 8091, 8188, 5675, 8390, 8291, 8192, 8289, 8290",14
"8191",8191,"6797, 8091, 2372, 7991, 8090, 8092, 8189, 1241, 8391, 8193, 8290, 9771, 8291, 8192",14
"8192",8192,"8191, 4331, 5783, 7992, 8091, 8093, 8190, 7544, 366, 9707, 8392, 8293, 8194, 9993, 8292",15
"8193",8193,"8093, 3082, 8092, 8094, 8191, 8393, 8294, 8292, 8293, 8194",10
"8194",8194,"8094, 8193, 7994, 8093, 133, 8192, 8394, 8295, 8196, 8293, 8294, 8195",12
"8195",8195,"8095, 8194, 7995, 8175, 8094, 7016, 9638, 8395, 8296, 8197, 8294, 9533, 8295, 8196",14
"8196",8196,"5445, 8096, 8195, 5486, 1672, 8097, 8194, 2048, 8396, 8661, 8198, 9060, 8197",13
"8197",8197,"8097, 8196, 5430, 5768, 7997, 8096, 8098, 8195, 8397, 8298, 8199, 8296, 8297, 8198",14
"8198",8198,"3960, 8098, 8197, 6891, 7998, 8097, 8099, 8196, 9644, 8299, 8200, 8297, 8298, 8199",14
"8199",8199,"3600, 8099, 8198, 1086, 5025, 8100, 8197, 8399, 8300, 8298, 8200",11
"8200",8200,"405, 2516, 8100, 8199, 6779, 8198, 8345, 8400, 8299, 8300",10
"8201",8201,"7799, 2914, 8001, 8102, 8401, 8203, 8301, 8202",8
"8202",8202,"1900, 8201, 7688, 7924, 6311, 8101, 6503, 7364, 8402, 8303, 8301, 8302, 8203",13
"8203",8203,"8103, 8202, 8003, 8102, 8104, 8201, 2726, 8403, 8304, 8302, 8303",11
"8204",8204,"8104, 7155, 8004, 8103, 8105, 8404, 8305, 8206, 8304, 8205",10
"8205",8205,"8105, 8204, 8005, 2192, 8106, 7042, 9024, 8930, 8306, 8207, 8304, 8305, 8206",13
"8206",8206,"8106, 8205, 8006, 8105, 8107, 8204, 8406, 8307, 8208, 8305, 8207",11
"8207",8207,"4157, 8206, 1550, 8007, 8106, 8108, 8205, 8407, 8209, 8306, 8307, 8208",12
"8208",8208,"4402, 8108, 8207, 5526, 8008, 8107, 6926, 8206, 8408, 8309, 8210, 8307, 8308, 8209",14
"8209",8209,"705, 8208, 8009, 8108, 8110, 8207, 9193, 8409, 8310, 8211, 8308, 8309, 8210",13
"8210",8210,"8110, 8209, 4235, 7886, 8010, 8109, 4435, 8208, 8410, 8311, 8212, 8309, 8310, 8211",14
"8211",8211,"8111, 8210, 7536, 8011, 8110, 8112, 8209, 1865, 8411, 8312, 8213, 8311, 8212",13
"8212",8212,"8112, 8211, 8111, 8113, 8210, 4573, 5224, 8412, 8313, 8677, 8312",11
"8213",8213,"5450, 6167, 8113, 8013, 8112, 8114, 8211, 2696, 8413, 8314, 8215, 8214",12
"8214",8214,"8213, 1794, 8014, 8113, 8115, 8414, 8315, 8216, 8313, 8215",10
"8215",8215,"8214, 8015, 8114, 8116, 8213, 8415, 8316, 8217, 8314, 8315, 8216",11
"8216",8216,"8215, 8016, 8115, 8214, 4929, 8416, 8317, 8218, 8316, 8217",10
"8217",8217,"7795, 8216, 187, 4095, 8017, 8116, 8118, 8215, 8417, 8318, 8219, 8316, 8317, 8218",14
"8218",8218,"630, 8217, 3914, 8018, 8117, 8216, 8249, 8418, 8319, 8220, 8317, 8219",12
"8219",8219,"8119, 8218, 5535, 5898, 8217, 8419, 8221, 8220",8
"8220",8220,"8120, 8219, 8020, 8119, 8121, 8218, 5655, 8420, 8222, 8319, 8320",11
"8221",8221,"8121, 8021, 8120, 8219, 5478, 8421, 8322, 8320, 8321, 8222",10
"8222",8222,"8122, 8221, 4510, 8022, 8123, 8220, 8422, 8323, 8321, 8322, 8223",11
"8223",8223,"8123, 8222, 8023, 8122, 8124, 1043, 8324, 8225, 8322, 9223, 8323, 8224",12
"8224",8224,"8124, 8223, 3139, 8024, 8123, 4288, 8709, 8424, 8325, 8226, 8324, 8225",12
"8225",8225,"8125, 8224, 1336, 8124, 8126, 8223, 8425, 8326, 8227, 8324, 8325, 8226",12
"8226",8226,"8225, 2204, 8026, 8125, 8127, 8224, 4987, 8426, 8327, 8326, 8227",11
"8227",8227,"8127, 8226, 8027, 8126, 8128, 8225, 9093, 8427, 8328, 8229, 8326, 8327, 8228",13
"8228",8228,"4961, 8128, 8227, 2395, 8028, 8127, 8129, 8428, 8329, 8230, 8327, 8229",12
"8229",8229,"1044, 8129, 8228, 8227, 9390, 8429, 8330, 8231, 8328, 8329, 8230",11
"8230",8230,"8130, 8229, 8030, 8129, 8131, 8228, 4127, 8430, 8232, 8329, 8330",11
"8231",8231,"5228, 8131, 8031, 8130, 8132, 8229, 8431, 8332, 8233, 9820, 8331, 8232",12
"8232",8232,"8132, 8231, 8032, 8131, 8133, 5550, 1540, 8230, 8333, 8234, 8651, 8332, 8233",13
"8233",8233,"8133, 8232, 1818, 8033, 8132, 8134, 8231, 6861, 8433, 8334, 8332, 8333, 8234",13
"8234",8234,"1390, 8037, 8233, 8034, 8133, 8135, 8232, 8434, 8335, 8236, 8333, 8334, 8235",13
"8235",8235,"1114, 8135, 8234, 344, 8134, 8136, 1123, 8435, 8336, 8961, 8335, 8236",12
"8236",8236,"7762, 8136, 8235, 8036, 8135, 8137, 8234, 8337, 8238, 8335, 8336, 8237",12
"8237",8237,"8137, 8236, 8037, 8136, 8138, 324, 8437, 8338, 8336, 8337",10
"8238",8238,"5790, 8038, 8137, 8139, 8236, 1175, 8438, 8240, 8337, 8338, 8239",11
"8239",8239,"2103, 8139, 8238, 8039, 8140, 321, 3861, 8439, 8340, 8241, 8338, 9915, 8339, 8240",14
"8240",8240,"8140, 8239, 8040, 8139, 8141, 8238, 8440, 8341, 8339",9
"8241",8241,"8141, 778, 3173, 5587, 8140, 8142, 8239, 5915, 8441, 8243",10
"8242",8242,"8142, 2996, 8042, 8141, 8143, 6470, 8743, 8442, 8244, 8341, 8342, 8243",12
"8243",8243,"813, 8242, 7813, 3895, 8043, 8142, 8241, 8443, 8344, 8245, 8342, 8343, 8244",13
"8244",8244,"3660, 8243, 223, 2963, 8044, 6771, 8145, 7751, 8242, 8444, 8345, 8246, 8343, 8344, 8245",15
"8245",8245,"3606, 7013, 8145, 8244, 3736, 8045, 8144, 8146, 8243, 8445, 8346, 8344, 8345, 8246",14
"8246",8246,"7207, 8146, 8245, 4294, 8046, 8145, 8147, 8244, 8446, 8347, 8248, 8345, 8346, 8247",14
"8247",8247,"8147, 8246, 1940, 8047, 8146, 8148, 6317, 8447, 8348, 8249, 8346, 8347",12
"8248",8248,"8148, 8048, 8147, 8149, 8246, 481, 2682, 845, 8250, 8348, 9803",11
"8249",8249,"8149, 1064, 8049, 8218, 8148, 8150, 8247, 572, 8449, 8350, 8251, 8348, 8250",13
"8250",8250,"3485, 8249, 8050, 8149, 8151, 8248, 9689, 8450, 8351, 8252, 8349, 8350, 8251",13
"8251",8251,"6570, 7170, 8250, 5055, 8051, 8150, 8152, 8249, 8451, 8352, 8253, 8350, 8351, 8252",14
"8252",8252,"8152, 8251, 8052, 8151, 8153, 8250, 6763, 8452, 8353, 8254, 8351, 8352",12
"8253",8253,"2040, 8153, 8018, 8152, 8154, 8251, 6994, 8453, 8255, 8352, 8353, 8254",12
"8254",8254,"2584, 8154, 8253, 3655, 8153, 8155, 8252, 8454, 8355, 8256, 8353, 8354, 8255",13
"8255",8255,"8155, 8254, 7551, 5386, 8154, 8156, 8253, 8455, 8356, 8257, 8354, 8355, 8256",13
"8256",8256,"8156, 8255, 8056, 8155, 8157, 8254, 9975, 8357, 8258, 8356, 8257",11
"8257",8257,"8157, 8256, 8057, 4702, 8158, 8255, 3321, 8457, 8358, 8259, 8356, 8258",12
"8258",8258,"936, 8158, 8257, 8058, 8159, 8256, 512, 4243, 8157, 8458, 8357, 8358, 8259",13
"8259",8259,"8258, 4426, 8059, 8158, 8160, 8257, 8459, 8360, 8261, 8358, 9650, 8359, 8260",13
"8260",8260,"8160, 8259, 5996, 8060, 8159, 9451, 8460, 8361, 8262, 8359, 8763, 8360, 8261",13
"8261",8261,"8161, 8260, 5374, 8061, 8160, 8162, 8259, 8461, 8362, 8263, 8360",11
"8262",8262,"8162, 8114, 6975, 8062, 8161, 8163, 8260, 4000, 8567, 8462, 8363, 8361, 8362, 8263",14
"8263",8263,"8163, 8262, 8162, 8164, 8261, 8463, 8364, 8265, 8362, 8363, 9978",11
"8264",8264,"8164, 6748, 8064, 8163, 8165, 8464, 8365, 8266, 8363, 8364, 8265",11
"8265",8265,"8165, 8264, 174, 3607, 8065, 8164, 8166, 8263, 2195, 8465, 8366, 8267, 8364, 8266",14
"8266",8266,"8166, 8265, 8066, 8167, 8264, 7527, 8466, 8367, 8365, 8366, 8267",11
"8267",8267,"7233, 8167, 8266, 3615, 4717, 8067, 6547, 8168, 8265, 8467, 8368, 8366, 9746, 8268",14
"8268",8268,"8168, 8267, 6255, 8169, 8468, 8369, 8270, 8367, 8368, 8269",10
"8269",8269,"8169, 8268, 8069, 8168, 8170, 6057, 8271, 8368, 8369, 8270",10
"8270",8270,"2903, 8170, 8269, 8070, 8169, 8171, 8268, 8371, 8272, 8369, 8370",11
"8271",8271,"7091, 8171, 350, 2469, 8071, 8170, 8172, 8269, 8998, 8372, 8273, 8371, 8272",13
"8272",8272,"8172, 8271, 219, 3825, 8173, 8270, 6634, 8472, 8274, 8371, 8372, 8273",12
"8273",8273,"8173, 8272, 8073, 8172, 8174, 8271, 5409, 8374, 8275, 8372, 8373, 8274",12
"8274",8274,"8174, 8273, 8074, 8173, 8175, 8272, 8474, 8375, 8276, 8373, 9087, 8275",12
"8275",8275,"8175, 8274, 3692, 8075, 8174, 8273, 1532, 8475, 8277, 8374, 8276",11
"8276",8276,"8176, 8275, 8076, 8175, 8274, 2564, 8476, 8377, 8278, 8375, 8277",11
"8277",8277,"8177, 8276, 2271, 8005, 3865, 8176, 8178, 8275, 117, 8851, 8477, 8378, 8376, 8377",14
"8278",8278,"8178, 8078, 8179, 8276, 8478, 8379, 8280, 8377, 8279, 9178",10
"8279",8279,"8179, 8278, 8079, 8178, 8180, 4262, 8479, 8380, 8378, 8379, 8280",11
"8280",8280,"8180, 8279, 4132, 8080, 8179, 8278, 1645, 8991, 8480, 8381, 8379, 9943, 9783, 8380, 8281",15
"8281",8281,"8181, 8280, 5161, 8081, 8180, 3196, 8481, 8382, 8283, 8380, 8381, 8282",12
"8282",8282,"8281, 8082, 8181, 8183, 8482, 8383, 8284, 8381, 8382, 8283",10
"8283",8283,"8282, 8083, 1826, 8184, 8281, 5076, 8384, 8285, 8382, 8383, 8284",11
"8284",8284,"8184, 8283, 2005, 8185, 8282, 4126, 923, 9017, 8484, 8385, 8286, 8285",12
"8285",8285,"8185, 8284, 8085, 8184, 8186, 8283, 2529, 7183, 8764, 8386, 8287, 9330, 8385, 8286",14
"8286",8286,"8285, 409, 2684, 6172, 8086, 8185, 8187, 8284, 8486, 8387, 8288, 8386, 8287",13
"8287",8287,"8187, 8286, 7012, 8087, 8186, 8188, 8285, 1497, 8388, 8289, 8386, 8387, 8288",13
"8288",8288,"8188, 8287, 8088, 8187, 8286, 8488, 9506, 8290, 8387, 8388, 8289",11
"8289",8289,"8189, 8288, 5231, 8089, 8190, 8287, 8188, 1497, 8489, 8390, 8291, 8388, 8389",13
"8290",8290,"8190, 8090, 8189, 8191, 8288, 8490, 8391, 8292, 8389, 8390, 8291",11
"8291",8291,"8191, 8290, 8091, 8190, 8289, 8293, 8390, 8391, 8292",9
"8292",8292,"8192, 8291, 8092, 8193, 8290, 8492, 8393, 8294, 8391, 8392, 8293",11
"8293",8293,"8193, 8292, 8093, 8192, 8194, 8291, 8493, 8394, 8295, 8392, 8393, 8294",12
"8294",8294,"8194, 8293, 2636, 8094, 8193, 8195, 8292, 6027, 1089, 8494, 8395, 8296, 8393, 8394, 8295",15
"8295",8295,"8195, 8294, 8095, 8194, 8293, 4044, 8495, 8396, 8394, 8395, 8296",11
"8296",8296,"8295, 8096, 8195, 8197, 8294, 6377, 8496, 8397, 8298, 8395, 8396",11
"8297",8297,"3220, 8197, 645, 8198, 6475, 8398, 9659, 8397, 8298",9
"8298",8298,"3663, 8198, 8297, 8098, 8197, 8199, 8296, 8399, 8300, 8397, 8398, 8299",12
"8299",8299,"6490, 8298, 7168, 8099, 8198, 8200, 5795, 8499, 8398, 8399, 8300",11
"8300",8300,"8200, 8299, 4540, 8199, 8298, 8500, 8399, 8400",8
"8301",8301,"977, 8201, 8101, 8202, 702, 5786, 8402, 8303, 8302",9
"8302",8302,"8202, 8301, 4384, 8102, 2244, 8203, 8403, 8304, 8401, 8303",10
"8303",8303,"3742, 8203, 8302, 4583, 8103, 8202, 7494, 8301, 2903, 8503, 8404, 8305, 8402, 8403",14
"8304",8304,"8204, 8104, 8203, 8205, 8302, 8504, 8405, 8306, 8403, 8404, 8305",11
"8305",8305,"8205, 8304, 651, 8105, 8204, 8206, 8303, 1758, 8505, 8307, 8405, 8306",12
"8306",8306,"2098, 8305, 1427, 3328, 8106, 8207, 8304, 706, 8205, 8506, 8407, 8308, 8405, 8406, 8307",15
"8307",8307,"8207, 8306, 7430, 8107, 8206, 8208, 8305, 8507, 8309, 8406, 8407, 8308",12
"8308",8308,"6337, 8208, 8307, 8108, 2395, 8209, 8306, 8508, 8409, 8310, 8408, 8603",12
"8309",8309,"8209, 303, 8109, 8208, 8210, 8307, 8509, 8410, 8311, 8408, 8409, 8310",12
"8310",8310,"8210, 8309, 8110, 8209, 8308, 8510, 8411, 8409, 8410, 8311",10
"8311",8311,"8211, 8310, 133, 8210, 8309, 2271, 9096, 8511, 8312",9
"8312",8312,"8212, 8311, 8112, 8211, 4089, 8512, 8413, 8314, 8411, 8412",10
"8313",8313,"5860, 5449, 6603, 8113, 8212, 8214, 8513, 8414, 8315, 8413",10
"8314",8314,"4755, 6034, 7614, 8114, 8213, 8215, 8312, 8514, 8415, 8413, 8414, 8315",12
"8315",8315,"8215, 8314, 8115, 8214, 8313, 8515, 8416, 8317, 8414, 8415, 8316",11
"8316",8316,"8216, 8315, 8116, 8215, 8217, 503, 8516, 8417, 8318, 8415, 8416, 8317",12
"8317",8317,"8217, 8316, 6340, 8053, 5611, 8216, 8218, 8315, 8517, 8418, 8319, 8416, 8318",13
"8318",8318,"6801, 8317, 8118, 8217, 8316, 8518, 8419, 8320, 8417, 8842, 8418, 8319",12
"8319",8319,"3023, 8318, 6251, 8218, 8220, 8317, 5986, 8519, 8420, 8321, 8418, 8419",12
"8320",8320,"8220, 8120, 2239, 8221, 8318, 8520, 8421, 8322, 8419, 8420, 8321",11
"8321",8321,"2937, 8221, 8320, 1578, 3148, 5940, 8121, 3992, 8222, 8319, 8521, 8422, 8323, 8421, 8322",15
"8322",8322,"8222, 8321, 2688, 8122, 8221, 8223, 8320, 2774, 8522, 8423, 8421",11
"8323",8323,"8223, 6483, 8222, 8321, 8523, 8424, 8325, 8422, 8423, 8324, 8442",11
"8324",8324,"3761, 8224, 8323, 3063, 7192, 8124, 8223, 8225, 6646, 8524, 8326, 8424, 8325",13
"8325",8325,"8225, 8324, 6514, 5385, 8224, 5796, 8323, 2626, 8525, 8424, 8326",11
"8326",8326,"8226, 8126, 8225, 8227, 8324, 8325, 8427, 8328, 8425, 8426, 9346",11
"8327",8327,"8227, 4213, 7852, 8226, 8228, 8682, 8527, 8428, 8329, 8427, 8328",11
"8328",8328,"1339, 8327, 8128, 8227, 8229, 8326, 6512, 8528, 8429, 8427, 8329",11
"8329",8329,"8229, 8328, 8129, 8228, 8230, 8327, 8529, 8430, 8331, 8428, 8429, 8330",12
"8330",8330,"8230, 8329, 2097, 8130, 8229, 5857, 558, 8530, 8431, 8332, 8430, 8331",12
"8331",8331,"8231, 8330, 992, 8131, 8329, 8531, 8432, 8333, 8430, 8676, 8431",11
"8332",8332,"8232, 6555, 1538, 8132, 8231, 8233, 8330, 8532, 8433, 8334, 8431, 8432, 8333",13
"8333",8333,"8233, 8332, 167, 8133, 8232, 8234, 8331, 8921, 8533, 8434, 8335, 8433, 8334",13
"8334",8334,"8234, 8333, 8134, 8233, 8332, 1833, 8534, 8435, 8336, 8434",10
"8335",8335,"8235, 3498, 8135, 8234, 8236, 8333, 8535, 8436, 8337, 8434, 8435",11
"8336",8336,"8236, 5339, 8136, 8235, 8237, 8334, 8437, 8338, 8435, 8337",10
"8337",8337,"8237, 8336, 3549, 6189, 8137, 8236, 8238, 8335, 8537, 8438, 8339, 8436, 8437, 8338",14
"8338",8338,"165, 8238, 8337, 8138, 8237, 8239, 8336, 8538, 8439, 8340, 8437",11
"8339",8339,"8239, 6749, 8139, 8240, 8337, 1689, 367, 8539, 8438, 8439, 8340",11
"8340",8340,"1076, 8339, 8140, 8239, 8338, 582, 9796, 8540, 8342, 8439, 8694, 8440, 8341",13
"8341",8341,"8340, 2008, 8141, 8240, 8242, 7779, 7968, 8541, 8343, 8441, 8342",11
"8342",8342,"2395, 8242, 8341, 1202, 3921, 2759, 8243, 8340, 9228, 8542, 8443, 8344, 8441, 8442, 8343",15
"8343",8343,"2132, 8243, 8342, 1736, 8143, 8244, 8341, 3157, 8543, 8444, 8345, 8442, 9429",13
"8344",8344,"8244, 3018, 8144, 8243, 8245, 8342, 8445, 8346, 8443, 8444, 8345",11
"8345",8345,"8245, 8344, 2159, 8200, 8145, 8244, 8246, 8343, 5972, 9183, 8545, 8446, 8347, 8445, 8346",15
"8346",8346,"8246, 8345, 1229, 3373, 8146, 8245, 8247, 8344, 8546, 8447, 8348, 8347",12
"8347",8347,"8247, 8346, 8147, 8246, 8345, 8547, 8817, 8446, 8447, 8348",10
"8348",8348,"8248, 8347, 8148, 8247, 8249, 8346, 8449, 8350, 8447, 8448, 8349",11
"8349",8349,"8348, 8149, 4149, 8250, 8549, 8450, 8351, 8448, 9955, 8449, 8350",11
"8350",8350,"8250, 8349, 3385, 8150, 8249, 8251, 8348, 3543, 8550, 8451, 8352, 8449, 8351",13
"8351",8351,"8251, 8350, 3127, 6316, 8151, 8250, 8252, 8349, 8353, 8450, 8451, 8352",12
"8352",8352,"8252, 8351, 4839, 4998, 8152, 8251, 8253, 8350, 2075, 8552, 8453, 8354, 8451, 8452",14
"8353",8353,"8253, 3948, 8153, 8252, 8254, 8351, 8820, 8454, 8355, 8452, 8453, 8354",12
"8354",8354,"8254, 8353, 129, 8255, 8352, 8554, 8455, 8916, 8453, 8454, 8355",11
"8355",8355,"8255, 8354, 8155, 8254, 7874, 8353, 9564, 8555, 8456, 8357, 8455",11
"8356",8356,"8256, 3585, 8156, 8255, 8257, 9636, 8556, 8457, 8358, 8455, 8456, 8357",12
"8357",8357,"8356, 599, 8256, 8258, 8355, 8706, 8557, 8458, 8359, 8456, 8457, 8358",12
"8358",8358,"8258, 8357, 8158, 8257, 8259, 8356, 8558, 8459, 8457, 8458, 8359",11
"8359",8359,"8259, 8358, 6725, 8159, 8260, 8357, 8945, 8559, 8460, 8361, 8458, 8459, 8360",13
"8360",8360,"7788, 8260, 8359, 8160, 8259, 8261, 7962, 9038, 8461, 8362, 8459, 8460, 8361",13
"8361",8361,"2775, 2695, 8360, 8161, 8260, 8262, 8359, 8561, 8462, 8363, 8460, 8461, 8362",13
"8362",8362,"8262, 8361, 8162, 8261, 8263, 8360, 8463, 8364, 8461, 8462",10
"8363",8363,"6543, 8263, 2959, 5995, 8163, 8262, 8264, 8361, 8563, 8365, 8462, 8463, 8364",13
"8364",8364,"8264, 8363, 8164, 8263, 8265, 8362, 8564, 8465, 8366, 8463, 9355, 8464, 8365",13
"8365",8365,"8364, 2974, 8165, 8264, 8266, 8363, 8565, 8466, 8367, 8464, 9572, 8465, 8366",13
"8366",8366,"8266, 8365, 6291, 8166, 8265, 8267, 8364, 8467, 8368, 8466, 8367",11
"8367",8367,"8366, 5095, 8167, 8266, 8268, 8365, 3926, 8567, 8468, 8369, 8368",11
"8368",8368,"8268, 8367, 4464, 8168, 8267, 8269, 8366, 8568, 8469, 8370, 8467, 8468",12
"8369",8369,"8269, 1438, 6090, 8169, 8268, 8270, 8367, 2818, 8569, 8470, 8371, 8370",12
"8370",8370,"996, 8270, 8369, 8170, 8368, 58, 5079, 8684, 8570, 8471, 8469, 8470",12
"8371",8371,"3161, 8271, 8171, 8270, 8272, 8369, 9277, 8472, 8373, 8470, 8471, 9235",12
"8372",8372,"1706, 8272, 8172, 8271, 8273, 8572, 8471, 9762, 8472, 8373",10
"8373",8373,"619, 6471, 8273, 8372, 8173, 8274, 8371, 6625, 8949, 8573, 8472, 8473, 8374",13
"8374",8374,"8373, 8174, 8273, 8275, 2196, 2801, 8574, 8475, 8473, 8474, 8375",11
"8375",8375,"6296, 8374, 8175, 8274, 8276, 9801, 8575, 8476, 8377, 8474, 8475, 8376",12
"8376",8376,"8375, 8176, 8277, 6606, 8829, 8576, 8477, 8378, 8475",9
"8377",8377,"3260, 8277, 210, 8177, 8276, 8278, 8375, 9606, 8577, 8478, 8379, 8476, 8477, 8378",14
"8378",8378,"5396, 4964, 8377, 7609, 8178, 8277, 8279, 8376, 8578, 8479, 8380, 8477, 8478, 8379",14
"8379",8379,"8279, 8378, 8179, 8278, 8280, 8377, 8579, 8480, 8381, 8478, 8479, 8380",12
"8380",8380,"107, 8280, 8379, 8279, 8281, 8378, 8580, 8382, 8479, 8480, 8381",11
"8381",8381,"2917, 4551, 8281, 8380, 451, 8181, 8280, 8282, 8379, 9882, 8581, 8482, 8480, 8382",14
"8382",8382,"8282, 8381, 8182, 8281, 8283, 8380, 8582, 8384, 8481, 8482, 8383",11
"8383",8383,"8283, 8382, 2102, 4102, 8183, 8282, 397, 8583, 8484, 8482, 8384",11
"8384",8384,"7424, 8383, 392, 6762, 8184, 8283, 8382, 8522, 9342, 8584, 8485, 8483, 8484, 8385",14
"8385",8385,"8285, 8384, 8151, 8185, 8284, 316, 6706, 7228, 8462, 8585, 8387, 8484, 8734, 8386",14
"8386",8386,"8286, 8385, 8186, 8285, 8287, 3481, 8388, 8586, 8485, 8486, 8387",11
"8387",8387,"8287, 8386, 8187, 8286, 8288, 8385, 8587, 8488, 8389, 8486, 8487, 8388",12
"8388",8388,"5797, 8288, 8387, 6256, 8287, 8289, 8386, 9395, 8588, 8489, 8487, 8488, 8389",13
"8389",8389,"8289, 8388, 8189, 8290, 8387, 9117, 8589, 8490, 8391, 8488, 8489, 8390",12
"8390",8390,"8290, 8389, 8190, 8289, 8291, 5588, 8590, 8491, 9567, 8489, 8490, 8391",12
"8391",8391,"764, 8291, 8390, 8191, 8290, 8292, 8389, 8591, 8492, 8393, 8490, 8491, 8392",13
"8392",8392,"8292, 8391, 8192, 7017, 8293, 8493, 8394, 8491, 8492, 8393",10
"8393",8393,"8293, 8392, 8193, 8292, 8294, 8391, 8593, 8494, 8395, 8493, 8394",11
"8394",8394,"1931, 8294, 8393, 8194, 8293, 8295, 8392, 8594, 8495, 8396, 8493, 8494",12
"8395",8395,"8295, 1206, 8195, 8294, 8296, 8393, 8595, 8496, 8397, 8495, 8396",11
"8396",8396,"8296, 8395, 3190, 7060, 8196, 8295, 166, 8394, 912, 9784, 8596, 8398, 8495, 8496, 8397",15
"8397",8397,"8297, 8396, 5798, 8197, 8296, 8298, 8395, 8498, 8496, 8497, 8398",11
"8398",8398,"8298, 8397, 7304, 8297, 8299, 8396, 8499, 8400, 8497, 8399",10
"8399",8399,"8299, 8398, 8199, 8298, 8300, 1201, 6537, 9263, 8599, 8500, 8498, 8499, 8400",13
"8400",8400,"8300, 8399, 7341, 8200, 8398, 8600, 8499, 8500",8
"8401",8401,"403, 8201, 8302, 8601, 9804, 8501, 8402",7
"8402",8402,"6914, 8401, 8202, 8301, 8303, 3846, 8503, 8404, 8501, 8502, 8403",11
"8403",8403,"8303, 8402, 8203, 8304, 8302, 8603, 8504, 8405, 8502, 8719, 8503, 8404",12
"8404",8404,"1207, 8304, 8403, 7304, 8204, 8303, 8402, 5041, 8505, 8503, 8504, 8405",12
"8405",8405,"8305, 8404, 8304, 8306, 8403, 8581, 8605, 8506, 8407, 8505, 8406",11
"8406",8406,"8306, 8405, 4198, 6876, 8206, 6776, 8307, 8606, 8507, 8408, 8505, 8506, 8407",13
"8407",8407,"8307, 8406, 8207, 8306, 8405, 6769, 4591, 2808, 6095, 9579, 8607, 8506, 8408",13
"8408",8408,"8308, 8407, 1085, 8208, 8309, 8406, 9753, 8608, 8509, 8410, 8507, 9405, 8508, 8409",14
"8409",8409,"7248, 8309, 8408, 8129, 1947, 8209, 8308, 8310, 8609, 8510, 8411, 8508, 8509",13
"8410",8410,"8310, 5474, 6501, 8210, 8309, 8408, 1000, 7039, 8610, 8511, 8412, 8510",12
"8411",8411,"2726, 8211, 8310, 8312, 8409, 8611, 8512, 8413, 8511, 8412",10
"8412",8412,"5014, 7746, 8312, 8411, 3001, 5682, 8212, 893, 8410, 6921, 859, 8513, 8414, 8511, 8413",15
"8413",8413,"8313, 8412, 8213, 8312, 8314, 8411, 8613, 8514, 8415, 8512, 8414",11
"8414",8414,"133, 8314, 8214, 8313, 8315, 8412, 8413, 8614, 8515, 8416, 8513, 8514, 8415",13
"8415",8415,"8315, 8414, 130, 8215, 8314, 8316, 8413, 8731, 8615, 8514, 8515, 8416",12
"8416",8416,"4382, 8316, 8415, 234, 8216, 8315, 8317, 8414, 6481, 8616, 8517, 8515, 8516, 8417",14
"8417",8417,"5495, 7472, 8416, 1692, 8217, 8316, 8318, 7891, 6410, 8617, 8518, 8419, 8516, 8517",14
"8418",8418,"8318, 8218, 8317, 8319, 5649, 8618, 8519, 9126, 8517, 9899, 8518",11
"8419",8419,"2680, 8319, 8219, 8318, 8320, 8417, 8619, 8520, 8421, 8518, 8519, 8420",12
"8420",8420,"8320, 8419, 566, 8220, 8319, 5398, 8620, 8521, 8422, 8520, 8421",11
"8421",8421,"3249, 8321, 8420, 8221, 8320, 8322, 8419, 8621, 8423, 8520, 8521",11
"8422",8422,"5318, 4378, 8222, 8321, 8323, 8420, 9974, 8622, 8523, 8424, 8521, 8522, 8423",13
"8423",8423,"8323, 8422, 2777, 8322, 8421, 6722, 8623, 8524, 8522, 8523, 8424",11
"8424",8424,"8324, 8423, 545, 489, 8224, 8323, 8325, 8422, 8624, 8525, 8426, 8523, 8524, 8425",14
"8425",8425,"8424, 2946, 8225, 8326, 8625, 8526, 8427, 8524, 9949, 8525, 8426, 9162",12
"8426",8426,"8326, 8425, 8226, 952, 5614, 8424, 8527, 8428, 8525, 8526, 8427",11
"8427",8427,"7929, 8327, 8426, 7151, 8227, 8328, 8425, 8326, 8627, 8528, 8429, 8526, 8527",13
"8428",8428,"1341, 545, 3299, 8228, 8327, 8329, 8426, 3697, 9177, 8935, 8628, 8529, 8527, 8528, 8429",15
"8429",8429,"8329, 8428, 8229, 8328, 8427, 8629, 8530, 8431, 8528, 8430",10
"8430",8430,"8330, 8429, 4046, 8230, 8329, 8331, 74, 6542, 8630, 8432, 8530",11
"8431",8431,"5984, 8331, 8231, 8330, 8332, 8429, 8631, 8532, 8433, 8530, 8531, 8432, 8913",13
"8432",8432,"8332, 8431, 8331, 8430, 6802, 8632, 8434, 8531, 8532, 8433",10
"8433",8433,"8333, 8432, 8233, 8332, 8431, 8633, 8534, 8532, 8533, 8434",10
"8434",8434,"5923, 8334, 8433, 3436, 8234, 8333, 8335, 8432, 9120, 8436, 8533, 8534, 8435",13
"8435",8435,"5830, 7139, 8335, 8434, 8235, 8334, 8336, 7349, 8635, 8437, 8730, 8535, 8436",13
"8436",8436,"4830, 6506, 5842, 8435, 1072, 8335, 8337, 8434, 3492, 9353, 8537, 8438, 8535, 8536, 8437",15
"8437",8437,"3283, 8337, 8436, 2676, 5984, 8237, 8336, 8338, 4161, 8435, 8637, 8682, 8439, 8537, 8438",15
"8438",8438,"4593, 8437, 2635, 8238, 8337, 8339, 8436, 8638, 8539, 8440, 8537, 8538, 8439",13
"8439",8439,"8339, 8438, 618, 8239, 8338, 8340, 8437, 8540, 8441, 8538, 8539, 8440",12
"8440",8440,"8340, 8439, 8240, 8438, 2673, 6316, 8640, 8541, 8539, 8441",10
"8441",8441,"8341, 8440, 8241, 8342, 8439, 8641, 8542, 8443, 8540, 9614, 8541, 8442",12
"8442",8442,"8323, 8342, 8441, 8242, 8343, 1545, 9636, 8642, 8543, 8444, 8541, 8542",12
"8443",8443,"346, 1748, 8243, 8342, 8344, 8441, 7327, 4143, 8643, 8544, 8445, 8444",12
"8444",8444,"8344, 8443, 1833, 8244, 8343, 8442, 8644, 8545, 8446, 8543, 8544, 8445",12
"8445",8445,"8345, 8444, 8245, 8344, 3203, 8443, 9830, 9608, 8645, 8546, 8447, 8544, 8545, 8446",14
"8446",8446,"5945, 8445, 8246, 8345, 8347, 8444, 8646, 8547, 8447",9
"8447",8447,"8347, 8446, 241, 8247, 8346, 8348, 8445, 4632, 8647, 8548, 8546, 8547, 8448",13
"8448",8448,"8348, 8447, 5741, 8349, 5319, 4230, 8648, 8549, 8450, 9247",10
"8449",8449,"8349, 8249, 8350, 8348, 8450, 8451, 8548",7
"8450",8450,"8449, 5938, 8250, 8349, 8351, 8448, 8452, 8549, 8550, 8451",10
"8451",8451,"8351, 8450, 8251, 8350, 8352, 8449, 8651, 8851, 8453, 8550, 8551, 8452",12
"8452",8452,"1655, 8352, 8451, 4634, 8252, 60, 8353, 8450, 8652, 8454, 8551, 8552, 8453",13
"8453",8453,"8353, 8452, 8253, 8352, 8354, 8451, 8653, 8554, 8552, 8553, 8454",11
"8454",8454,"2846, 8354, 8453, 8254, 8353, 1926, 8452, 8654, 8555, 8456, 8553, 8554, 8455",13
"8455",8455,"7932, 8355, 8454, 2443, 789, 8255, 8354, 8356, 3492, 8655, 8556, 8457, 8554, 8456",14
"8456",8456,"8356, 8455, 3798, 8355, 8357, 8454, 4661, 8557, 8458, 8555, 8556",11
"8457",8457,"8357, 4170, 8257, 8356, 8358, 8455, 5253, 9616, 8657, 8558, 8556, 8557, 8458",13
"8458",8458,"8358, 8457, 4891, 1584, 8258, 8357, 8359, 8456, 4143, 8658, 8557, 8558, 8459",13
"8459",8459,"3045, 8359, 8458, 1920, 8259, 8358, 8360, 8659, 8560, 8461, 8558, 8559, 8460",13
"8460",8460,"718, 8360, 8459, 8260, 8359, 8361, 8660, 8561, 8560, 8461",10
"8461",8461,"6540, 8361, 8460, 8261, 8362, 8459, 8360, 8661, 8562, 8463, 8560, 8561",12
"8462",8462,"8362, 3391, 8262, 8361, 8363, 8385, 8662, 8563, 8464, 8561, 8463",11
"8463",8463,"6038, 8363, 8462, 8263, 8362, 8364, 8461, 8663, 8564, 8465, 8562",11
"8464",8464,"8364, 5672, 2749, 8264, 8365, 8462, 8664, 8466, 8563, 9675, 8564, 8465",12
"8465",8465,"4290, 8365, 8464, 5787, 8265, 8364, 7718, 8463, 8665, 8566, 8467, 8564, 8466",13
"8466",8466,"8366, 8465, 1672, 8266, 8365, 8464, 8666, 8567, 8468, 8565, 8566, 8467",12
"8467",8467,"8466, 8267, 8366, 8368, 8465, 8568, 8469, 8567",8
"8468",8468,"7229, 8368, 8268, 8367, 8466, 7004, 8668, 8470, 8567, 9565, 8469",11
"8469",8469,"1650, 8468, 5481, 8368, 8370, 8467, 6158, 8669, 8471, 8568, 8569, 8470",12
"8470",8470,"8370, 8469, 7460, 5077, 8369, 8371, 8468, 8670, 8571, 8472, 8569",11
"8471",8471,"8371, 397, 3961, 8370, 8372, 8469, 3727, 8671, 8473, 8570, 8571, 8472",12
"8472",8472,"8372, 8471, 8272, 8371, 8373, 8470, 4556, 8672, 8573, 8474, 8571, 8572, 8473",13
"8473",8473,"8373, 8472, 2043, 207, 8374, 8471, 8673, 8574, 8475, 8572, 8573, 8474",12
"8474",8474,"3359, 8374, 8473, 8274, 1799, 8375, 8472, 8674, 8575, 8476, 8573, 8574, 8475",13
"8475",8475,"8375, 8474, 8275, 8374, 8376, 8473, 1420, 8675, 8576, 8477, 8574",11
"8476",8476,"2283, 7325, 8276, 8375, 8377, 8474, 8676, 8577, 8478, 8575, 8576, 8477",12
"8477",8477,"8377, 8476, 3928, 8277, 8376, 8378, 8475, 9237, 8677, 8578, 8479, 8576, 8655, 8577, 8478",15
"8478",8478,"8378, 8477, 3299, 8278, 8377, 8379, 8476, 8678, 8579, 8480, 8578, 8479",12
"8479",8479,"2736, 8379, 8478, 8279, 8378, 8380, 8477, 7854, 9779, 8679, 8580, 8481, 8578",13
"8480",8480,"8380, 653, 1201, 4817, 5835, 8280, 8379, 8381, 8478, 8680, 8581, 8482, 8579, 8580, 8481",15
"8481",8481,"2261, 8480, 8281, 6719, 8382, 8479, 8681, 8582, 8483, 8580, 8581, 8482",12
"8482",8482,"8382, 8481, 215, 7795, 8282, 8381, 8383, 8480, 8883, 8682, 8583, 8484, 8581, 8582, 8483",15
"8483",8483,"3485, 8482, 6977, 3759, 8384, 8481, 8683, 8584, 8485, 8582, 9900, 8484",12
"8484",8484,"8384, 8483, 8284, 8383, 8385, 8482, 8684, 8585, 8486, 8583, 8584, 8485",12
"8485",8485,"8041, 8484, 8384, 8386, 8483, 981, 8586, 8487, 8584, 8585, 8486",11
"8486",8486,"8386, 8485, 7019, 8286, 8387, 8484, 1514, 3384, 8488, 8585, 8586, 8487",12
"8487",8487,"7323, 8387, 8486, 8388, 8485, 8687, 8588, 9157, 8586, 8587, 8488",11
"8488",8488,"8388, 8487, 2500, 8288, 8387, 8389, 8486, 8688, 8589, 8490, 8587, 8588, 8489",13
"8489",8489,"8389, 8488, 8289, 8388, 8390, 8689, 8590, 8491, 8588, 8490",10
"8490",8490,"8390, 8489, 8290, 8389, 8391, 8488, 8690, 8591, 8492, 9256, 8491",11
"8491",8491,"5946, 8391, 8490, 7316, 8390, 8392, 8489, 8691, 8592, 8493, 8590, 8591, 8492",13
"8492",8492,"8392, 8491, 488, 8292, 8391, 2451, 8490, 8692, 8593, 8494, 8591, 8592, 8493",13
"8493",8493,"8393, 8492, 4428, 7958, 8293, 8392, 8394, 8491, 2526, 8693, 8594, 8495, 8592, 8494",14
"8494",8494,"8394, 8493, 8294, 8393, 6857, 8492, 8694, 8595, 9421, 8593, 8594, 8495",12
"8495",8495,"8395, 8494, 8295, 8394, 8396, 8493, 8695, 8596, 8497, 8594, 8595, 8496",12
"8496",8496,"8396, 8495, 2528, 8296, 8395, 8397, 8696, 8597, 8498, 8595, 8596, 8497",12
"8497",8497,"8397, 8496, 8398, 8495, 8697, 8598, 8499, 8596, 8597, 8498",10
"8498",8498,"6717, 8497, 3030, 2687, 8397, 8399, 8496, 8698, 8599, 8598, 8499",11
"8499",8499,"8399, 8498, 8299, 8398, 8400, 8497, 5951, 8699, 8600, 8598, 8599",11
"8500",8500,"1540, 2283, 8400, 7164, 8300, 8399, 487, 8700, 8599, 8600",10
"8501",8501,"8401, 2243, 1350, 3989, 8402, 8701, 8602, 8503, 8601",9
"8502",8502,"8402, 7270, 811, 3070, 8403, 696, 9623, 8702, 8504, 8601, 8854",11
"8503",8503,"8403, 5513, 1774, 8303, 8402, 8404, 8501, 8703, 8604, 8505, 8602, 8718, 8504",13
"8504",8504,"8404, 8503, 7604, 8304, 8403, 5541, 8502, 8789, 8704, 8605, 8506, 8603, 8604, 8505",14
"8505",8505,"6341, 8405, 8504, 8305, 8404, 8406, 8503, 8705, 8606, 8507, 8604, 8605, 8506",13
"8506",8506,"8406, 8505, 8306, 8405, 8407, 8504, 8706, 8607, 8508, 8605, 8606, 8507",12
"8507",8507,"8506, 8307, 8406, 8408, 8505, 6301, 8707, 8509, 8606, 8607",10
"8508",8508,"8408, 8308, 8409, 8506, 8708, 8609, 8510, 8607, 8608, 8509",10
"8509",8509,"2295, 2807, 8409, 8508, 8309, 8408, 8507, 8917, 8709, 8610, 8609, 8510",12
"8510",8510,"8410, 8509, 7755, 8310, 8409, 8508, 4942, 8710, 8611, 8512, 8609, 8610",12
"8511",8511,"2866, 8411, 6299, 8311, 8410, 8412, 3889, 8711, 8612, 8513, 8610, 8611",12
"8512",8512,"4839, 6421, 8312, 8411, 8413, 8510, 8712, 8613, 8514, 8611, 8612, 8513",12
"8513",8513,"3648, 8512, 7921, 8313, 8412, 8414, 8511, 9995, 8713, 8614, 8515, 8612, 8613, 8514",14
"8514",8514,"7246, 8414, 8513, 8314, 8413, 8415, 8512, 8714, 8615, 8516, 8613, 8614, 8515",13
"8515",8515,"8415, 8514, 6937, 8315, 8414, 8416, 8513, 8715, 8616, 8517, 8614, 8615, 8516",13
"8516",8516,"8416, 8515, 5096, 5252, 8316, 8002, 8417, 8514, 3760, 4728, 8716, 8615, 8763, 8616",14
"8517",8517,"6819, 8417, 8317, 8416, 8418, 8515, 8717, 8618, 8617, 8518",10
"8518",8518,"8418, 8517, 962, 8318, 8417, 8419, 3660, 8718, 8619, 8520, 8617, 8618, 8519",13
"8519",8519,"8419, 8518, 6147, 6511, 8319, 8418, 2510, 7842, 8719, 8521, 8619, 8520",12
"8520",8520,"8420, 8519, 8320, 8419, 8421, 8518, 8720, 8621, 8522, 8619, 8620, 8521",12
"8521",8521,"5302, 6612, 8421, 8520, 8321, 8420, 8422, 8519, 8721, 8622, 8523, 8620, 8621, 8522",14
"8522",8522,"8422, 8521, 8384, 6016, 8322, 2216, 8423, 8520, 5312, 8722, 8623, 8621, 9280, 8523",14
"8523",8523,"8423, 8522, 8323, 8422, 8424, 8521, 8723, 8624, 8525, 8622, 8623, 8524",12
"8524",8524,"3753, 8424, 8523, 3535, 8324, 8423, 8425, 966, 1548, 8625, 8526, 8525",12
"8525",8525,"149, 8425, 8524, 877, 2448, 8325, 8424, 8426, 8523, 8725, 8626, 8527, 8624, 8625, 8526",15
"8526",8526,"8426, 8525, 322, 985, 8425, 8427, 8524, 770, 8662, 8627, 8528, 8625, 8626, 8527",14
"8527",8527,"8427, 8526, 6247, 8327, 8426, 8428, 8525, 7286, 1160, 8628, 8529, 8528",12
"8528",8528,"8428, 8527, 8328, 8427, 8429, 8526, 2778, 8728, 8629, 8530, 8628, 8529",12
"8529",8529,"5502, 8528, 4861, 8329, 8428, 8527, 9412, 8729, 8630, 8531, 8628, 8629, 8530",13
"8530",8530,"4937, 8430, 8529, 8330, 8429, 8431, 8528, 894, 8730, 8631, 8532, 8629, 8630",13
"8531",8531,"8431, 8331, 8432, 8529, 8731, 8533, 8630, 8631, 8532",9
"8532",8532,"8432, 8531, 847, 8332, 8431, 8433, 8530, 8732, 8633, 8534, 8631, 8533",12
"8533",8533,"3636, 8433, 8532, 8333, 8434, 8531, 8733, 8634, 8535, 8632, 8633, 8534",12
"8534",8534,"8434, 8533, 8334, 8433, 8532, 8734, 8635, 8536, 8633, 8634, 8535",11
"8535",8535,"963, 8435, 8534, 8335, 8436, 8533, 3569, 8921, 8735, 8636, 8537, 8634, 8635",13
"8536",8536,"8436, 5166, 8534, 1277, 7263, 8736, 8538, 9188, 8636",9
"8537",8537,"8437, 6417, 90, 1026, 6380, 7216, 8337, 8436, 8438, 8535, 2835, 8737, 8638, 8539, 8637, 8538",16
"8538",8538,"8438, 8537, 8006, 8338, 8439, 8536, 8639, 8540, 8637, 8539",10
"8539",8539,"5168, 8439, 8538, 8339, 8438, 8440, 8537, 8739, 8640, 8541, 8638, 8540",12
"8540",8540,"8340, 8439, 8441, 8538, 491, 8539, 8740, 8639, 8640, 8941",10
"8541",8541,"8441, 4507, 6621, 8341, 8440, 8442, 8539, 5844, 8741, 8642, 8543, 8640, 8542",13
"8542",8542,"8442, 8541, 8342, 8441, 468, 8643, 8544, 8641, 8642, 8543",10
"8543",8543,"7523, 8542, 4763, 470, 8343, 8442, 8444, 8541, 4608, 8743, 8644",11
"8544",8544,"8444, 2806, 8443, 8445, 8542, 8645, 8546, 8643, 8644, 8545",10
"8545",8545,"5456, 8445, 8544, 6017, 8345, 8444, 240, 4285, 5874, 6703, 6816, 8646, 8644, 8645",14
"8546",8546,"4194, 2971, 4637, 8346, 8445, 8447, 8544, 9557, 8746, 8647, 8548, 8645, 8646, 8547",14
"8547",8547,"7974, 8447, 8546, 1848, 3870, 8347, 8446, 8747, 8648, 8549, 8646, 8647, 8548",13
"8548",8548,"2905, 8547, 8447, 8449, 8546, 5732, 9766, 8748, 8649, 8647, 8549",11
"8549",8549,"3875, 8349, 8448, 8450, 8547, 5017, 4416, 8548, 8551, 8550",10
"8550",8550,"8450, 8549, 8350, 8451, 8750, 8651, 8552, 8649, 8650, 8551",10
"8551",8551,"8451, 8550, 8452, 8549, 5455, 9313, 8652, 8553, 8650, 8651, 8552",11
"8552",8552,"158, 8452, 8551, 4512, 8352, 8453, 8550, 4184, 8752, 8653, 8554, 8652, 8553",13
"8553",8553,"8453, 8552, 7013, 8454, 8551, 8753, 8654, 8555, 8652, 8653, 8554",11
"8554",8554,"8454, 8553, 8354, 8453, 8455, 8552, 5211, 9377, 8754, 8655, 9783, 8654, 8555",13
"8555",8555,"8554, 8355, 8454, 8456, 8553, 8755, 8656, 8557, 9954, 8655, 8556",11
"8556",8556,"8456, 8555, 7032, 8356, 8455, 8457, 2878, 8756, 8657, 8655, 8656, 8557",12
"8557",8557,"8457, 8556, 4108, 8357, 8456, 8458, 8555, 7725, 1446, 6244, 8658, 8656, 8558",13
"8558",8558,"8458, 8557, 4867, 8358, 8457, 8459, 3914, 8659, 8560, 8657, 8559",11
"8559",8559,"8459, 8558, 5118, 8359, 4992, 7762, 5120, 8759, 8660, 8561, 8658, 8659",12
"8560",8560,"8460, 1137, 2466, 4278, 8459, 8461, 8558, 9584, 8760, 8661, 8562, 8659, 8660, 8561",14
"8561",8561,"8461, 8560, 7901, 8361, 8460, 8462, 8559, 2983, 8761, 8563, 8661",11
"8562",8562,"5626, 8461, 8463, 8560, 8762, 8663, 8564, 8661, 8662, 8563",10
"8563",8563,"4235, 8562, 4194, 8363, 8462, 8464, 8561, 8763, 8664, 8565, 8662, 8663, 8564",13
"8564",8564,"8464, 8563, 8364, 8463, 8465, 8562, 8764, 8665, 8566, 8663, 8664, 8565",12
"8565",8565,"1459, 4727, 4468, 8564, 8365, 8466, 8563, 3536, 8765, 8666, 9832, 8566",12
"8566",8566,"8466, 8565, 3714, 100, 8465, 397, 8564, 8766, 8568, 8666, 8567",11
"8567",8567,"8467, 8566, 8367, 8466, 8468, 8262, 8767, 8668, 8569, 8666, 8667, 8568",12
"8568",8568,"8567, 8368, 8469, 8566, 8467, 6085, 8768, 8669, 8570, 8667, 8569",11
"8569",8569,"869, 8469, 8568, 4527, 8369, 8470, 8567, 8769, 8670, 8571, 8669, 8570",12
"8570",8570,"8569, 8370, 8471, 8568, 8572, 8770, 8669, 8670, 8571",9
"8571",8571,"8471, 8570, 8470, 8472, 8569, 7301, 8672, 8573, 8670, 8671, 8572",11
"8572",8572,"8472, 8571, 6567, 5160, 8372, 8473, 8570, 8772, 8673, 8574, 8671, 8672, 8573",13
"8573",8573,"8473, 8572, 8373, 8472, 8474, 8571, 8773, 8674, 8575, 8672, 8673, 8574",12
"8574",8574,"8474, 8573, 5467, 8374, 8473, 8475, 8572, 2472, 8774, 8675, 8576, 8673, 8575",13
"8575",8575,"8574, 8375, 8474, 8476, 8573, 7280, 2011, 9387, 8577, 8675, 8576",11
"8576",8576,"8476, 8575, 8376, 8475, 8477, 8574, 7979, 4130, 9615, 8776, 8578, 8675, 9119, 8676",14
"8577",8577,"8477, 8377, 8476, 2711, 8575, 8777, 8579, 8676, 8677, 8578",10
"8578",8578,"8478, 8577, 5962, 8378, 8477, 8479, 8576, 9852, 8778, 8679, 8580, 8677, 8678, 8579",14
"8579",8579,"1604, 8578, 8379, 8478, 8480, 8577, 9748, 8779, 8680, 8581, 8678, 8679, 8580",13
"8580",8580,"1409, 8480, 8579, 7873, 8380, 8479, 8481, 8578, 6415, 8681, 8582, 8679, 8680",13
"8581",8581,"8481, 1362, 8405, 8381, 8480, 8482, 8579, 8781, 8682, 8583, 8680, 8681, 8582",13
"8582",8582,"8482, 8581, 836, 8382, 8481, 8483, 8580, 8683, 8584, 8681, 8682, 8583",12
"8583",8583,"8582, 3247, 8383, 8482, 8484, 8581, 8783, 8684, 8585, 8682, 8683, 9813",12
"8584",8584,"8484, 8384, 8483, 8485, 8582, 8784, 8685, 8586, 8683, 8684, 8585",11
"8585",8585,"8485, 8584, 8385, 8484, 8486, 8583, 2623, 129, 8686, 8684, 8685, 8586",12
"8586",8586,"8486, 8585, 8386, 8485, 8487, 8584, 8786, 8687, 8588, 8685, 8686, 8587",12
"8587",8587,"8487, 8586, 4490, 8387, 8488, 8787, 8688, 8686, 8687, 8588",10
"8588",8588,"3747, 8488, 8587, 8388, 8487, 8489, 8586, 7006, 8788, 8590, 8687, 8688, 8589",13
"8589",8589,"8588, 6964, 8389, 8488, 961, 8789, 8690, 8591, 8688, 8689, 8590",11
"8590",8590,"5351, 8589, 8390, 8489, 8491, 8588, 8790, 8592, 8591",9
"8591",8591,"8491, 8590, 2104, 8391, 8490, 8492, 8589, 8692, 8593, 8690, 8691, 8592",12
"8592",8592,"8492, 8591, 7770, 8491, 8493, 8590, 8792, 8693, 8594, 8691, 8692, 8903",12
"8593",8593,"1849, 6512, 4366, 8393, 8492, 8494, 8591, 8793, 8694, 8595, 8692, 8693, 8594",13
"8594",8594,"8494, 8593, 8394, 8493, 8495, 8592, 7434, 8695, 8596, 8693, 9479, 8595",12
"8595",8595,"8495, 8594, 8395, 8494, 8496, 8593, 8795, 8696, 8597, 8694, 8695",11
"8596",8596,"8496, 7107, 8396, 8495, 8497, 8594, 8796, 8697, 8598, 8695, 8696, 8597",12
"8597",8597,"8497, 8596, 7347, 8496, 2229, 8595, 8797, 8698, 8599, 8697, 8598",11
"8598",8598,"1746, 8498, 8597, 2250, 1841, 8497, 8499, 8596, 6386, 119, 8699, 8600, 8697, 8698",14
"8599",8599,"8499, 8399, 8498, 8500, 8597, 8799, 8700, 8698, 8699",9
"8600",8600,"8500, 7630, 2755, 8400, 8499, 8598, 9881, 8800, 8699, 8700",10
"8601",8601,"3665, 6158, 8501, 1610, 8401, 8502, 8801, 8702, 8602",9
"8602",8602,"8601, 2579, 8501, 8503, 9970, 8802, 8703, 8604, 8701, 8702, 8603",11
"8603",8603,"8308, 8602, 8403, 8504, 3621, 8803, 8704, 8605, 8702, 9071, 8703, 8604",12
"8604",8604,"8504, 8603, 5111, 8503, 8505, 8602, 8804, 8705, 8606, 8703, 9320, 8605",12
"8605",8605,"8505, 8604, 8405, 8504, 8506, 8603, 676, 8805, 8607, 9570, 8606",11
"8606",8606,"8506, 8605, 2694, 8406, 8505, 8507, 8604, 5376, 8806, 8707, 8608, 8705, 8706",13
"8607",8607,"8507, 28, 8407, 8506, 8508, 6290, 8605, 8708, 8609, 8706, 8707, 8608",12
"8608",8608,"8508, 8607, 5448, 7955, 8408, 4882, 8606, 8808, 8709, 8610, 8707, 8708, 8609",13
"8609",8609,"8509, 8608, 8409, 8508, 8510, 8607, 3145, 7615, 8809, 8710, 8611",11
"8610",8610,"8510, 7157, 1492, 8125, 8410, 8509, 8511, 8608, 8810, 8711, 8612, 8710, 8611",13
"8611",8611,"8511, 8610, 5034, 6020, 6837, 8411, 8510, 8512, 8609, 4539, 8811, 8613, 8710, 8711, 8612",15
"8612",8612,"8512, 8611, 6711, 8511, 8513, 8610, 8812, 8713, 8614, 8711, 8712, 8613",12
"8613",8613,"8513, 8612, 7504, 8413, 8512, 8514, 8611, 3182, 8813, 8714, 8712, 8713, 8614",13
"8614",8614,"8514, 8613, 770, 1346, 8414, 8513, 8515, 8612, 8814, 8715, 8616, 8713, 8714, 8615",14
"8615",8615,"8515, 8614, 6878, 5934, 8415, 8514, 8516, 8815, 9448, 8617, 8714, 8715, 8616",13
"8616",8616,"8516, 8615, 8416, 8515, 7308, 8614, 3624, 8816, 8717, 8618, 8716, 8617",12
"8617",8617,"8517, 8616, 8417, 8518, 8615, 8817, 8718, 8619, 8716, 8717, 8618",11
"8618",8618,"8518, 8617, 8418, 8517, 2501, 8616, 8818, 8719, 8620, 8717, 8718, 8619",12
"8619",8619,"8519, 8618, 3875, 8419, 8518, 8520, 8617, 554, 9674, 8621, 8718, 8719, 8620",13
"8620",8620,"8520, 8619, 7346, 8420, 3763, 8521, 8618, 9581, 8820, 8721, 8719, 8720, 8621",13
"8621",8621,"8521, 8620, 8421, 8520, 8522, 8619, 7778, 8821, 8722, 8623, 8720",11
"8622",8622,"2835, 8422, 8521, 8523, 9165, 8822, 8723, 8833, 8721, 8714, 8722, 8623",12
"8623",8623,"4391, 8523, 8622, 8423, 8522, 6846, 8621, 3300, 8823, 8724, 8625, 8722, 8723",13
"8624",8624,"5222, 8424, 8523, 8525, 9090, 8824, 8725, 8626, 8723, 8724",10
"8625",8625,"8525, 8425, 8524, 8526, 8623, 8825, 8726, 8627, 8724, 8725, 8626, 9352",12
"8626",8626,"8526, 8625, 3992, 6570, 136, 8525, 8624, 8826, 8727, 8628, 8725, 8726, 8627",13
"8627",8627,"1739, 5581, 8626, 8427, 8526, 8625, 5699, 8827, 8728, 8629, 8726, 8727",12
"8628",8628,"6037, 8528, 1688, 8428, 8527, 8529, 8626, 121, 9572, 8759, 8828, 8729, 8728, 8629",14
"8629",8629,"8529, 8628, 8429, 8528, 8530, 8627, 8829, 8730, 8729, 8630",10
"8630",8630,"8530, 8629, 8430, 8529, 8531, 5807, 6213, 8830, 8731, 8632, 8729, 8730",12
"8631",8631,"8531, 1252, 4004, 8431, 8530, 8532, 6422, 976, 8831, 8730",10
"8632",8632,"650, 9, 5411, 8432, 3356, 8533, 8630, 1387, 8832, 8731, 8633",11
"8633",8633,"6772, 8533, 8632, 8433, 8532, 8534, 6741, 1465, 8833, 8734, 8635, 8733, 8634",13
"8634",8634,"8534, 8633, 2210, 4989, 8533, 8535, 931, 2081, 8735, 8733, 8734, 8635",12
"8635",8635,"8535, 8634, 8435, 8534, 8633, 8835, 8736, 8637, 8735, 8636",10
"8636",8636,"8536, 8635, 7540, 8116, 8535, 2703, 6093, 8737, 8735, 8736, 8637",11
"8637",8637,"8537, 8636, 8437, 8538, 8635, 8738, 8639, 8736, 8888, 8737, 8638",11
"8638",8638,"7893, 8637, 8438, 8537, 8539, 8890, 8838, 8640, 8737, 8738, 8639",11
"8639",8639,"8638, 6451, 8538, 8540, 8637, 8839, 8740, 8641, 8739, 9085",10
"8640",8640,"8540, 8440, 8539, 8541, 8638, 8840, 8741, 8642, 8739, 8740, 8641, 8956",12
"8641",8641,"5309, 8640, 946, 8441, 8542, 8639, 4486, 8841, 8742, 8740, 8741",11
"8642",8642,"8542, 4654, 8442, 8541, 4305, 8640, 8842, 8743, 8644, 8741, 8742, 8643",12
"8643",8643,"8642, 8443, 8542, 8544, 6152, 8843, 8744, 8645, 8742, 8743, 8644",11
"8644",8644,"1593, 8544, 8643, 8444, 8543, 8545, 8642, 1, 8844, 8745, 8646, 8743, 8645",13
"8645",8645,"8545, 8644, 4706, 5259, 8445, 8544, 8546, 8643, 8845, 8746, 8647, 8744, 8745, 8646",14
"8646",8646,"5338, 8546, 8645, 3912, 8446, 8545, 8547, 8644, 8846, 8747, 8648, 8746, 8647",13
"8647",8647,"8547, 8646, 5163, 8447, 8546, 8548, 8645, 8847, 8649, 8746, 8747, 8648",12
"8648",8648,"8647, 3028, 6178, 8448, 8547, 8646, 9045, 8749, 8650, 8747, 8649",11
"8649",8649,"5704, 8648, 3923, 8548, 8550, 8647, 5766, 8849, 9899, 8749, 8650",11
"8650",8650,"8550, 8649, 8025, 7847, 8551, 8648, 9750, 8850, 8751, 8652, 8749",11
"8651",8651,"8551, 8232, 8451, 8550, 5093, 8652, 8851, 8752, 8750",9
"8652",8652,"8552, 8651, 8452, 8551, 8553, 8650, 8852, 8753, 8654, 8752, 8653",11
"8653",8653,"6278, 8553, 8652, 8453, 8552, 8853, 9138, 8655, 8753, 8654",10
"8654",8654,"8554, 8653, 1557, 8454, 8553, 8652, 6221, 8755, 8753, 8754",10
"8655",8655,"8555, 8477, 8455, 8554, 8556, 8653, 9376, 8855, 8756, 8755, 8656",11
"8656",8656,"4164, 8556, 8655, 5182, 8555, 8557, 7897, 8856, 8757, 8756, 8657",11
"8657",8657,"7910, 8656, 8457, 8556, 8558, 5851, 8857, 8758, 8659, 8756, 8757, 8658",12
"8658",8658,"6980, 8657, 8458, 8557, 8559, 8858, 8759, 8660, 8757, 8798, 8758, 8659",12
"8659",8659,"6670, 8559, 8658, 8459, 8558, 8560, 8657, 8760, 8661, 8758, 8759, 8660",12
"8660",8660,"8560, 8659, 8460, 8559, 5742, 8658, 8860, 8761, 8662, 8759, 9759, 8760, 8661",13
"8661",8661,"772, 6127, 8561, 8660, 267, 8196, 8461, 8560, 8562, 8659, 6413, 8663, 8760, 8761, 8662",15
"8662",8662,"8562, 8661, 8526, 8462, 4265, 8563, 8660, 8862, 8763, 8761, 8762, 8663",12
"8663",8663,"8563, 8662, 2950, 5623, 8463, 8562, 8564, 8661, 5547, 727, 8863, 8762, 8664",13
"8664",8664,"8564, 8663, 8464, 8563, 3940, 9554, 8864, 8765, 8666, 8763, 8764, 8665",12
"8665",8665,"8664, 5593, 8465, 8564, 1345, 8865, 8766, 8667, 8764, 8765, 8666",11
"8666",8666,"8566, 8665, 8466, 8565, 8567, 8664, 5107, 8767, 8668, 8765, 8766, 8667",12
"8667",8667,"8567, 8666, 6655, 8568, 8665, 9316, 8867, 8768, 8669, 8766, 8767, 8668",12
"8668",8668,"8667, 7756, 8468, 8567, 7682, 8666, 7652, 8868, 8769, 8767, 8768",11
"8669",8669,"2462, 7934, 8569, 2968, 8469, 8568, 8570, 8667, 8869, 8770, 8768, 8769, 8670",13
"8670",8670,"6251, 8570, 8669, 8470, 8569, 8571, 8720, 8870, 8771, 8672, 8769, 8862, 8770, 8671",14
"8671",8671,"8571, 8670, 8471, 8572, 6744, 8871, 8770, 8771, 8672",9
"8672",8672,"8572, 8671, 4627, 8472, 8571, 8573, 8670, 8773, 8674, 8771, 9092, 8772, 8673",13
"8673",8673,"3579, 8573, 8672, 8473, 8572, 8574, 6560, 9107, 8873, 8774, 8675, 8772, 8773, 8674",14
"8674",8674,"6694, 8673, 1513, 8474, 8573, 7704, 8672, 8874, 8775, 8676, 8773, 8774, 8675",13
"8675",8675,"8575, 8674, 8475, 8574, 8576, 8673, 2067, 8875, 8776, 8677, 8774, 8676",12
"8676",8676,"8576, 8675, 403, 6223, 8331, 8476, 8577, 8674, 5477, 8876, 9361, 8678, 8775, 8677",14
"8677",8677,"8577, 8676, 8212, 8477, 8578, 8675, 8877, 8778, 8679, 8776, 8777, 8678",12
"8678",8678,"8578, 8677, 8478, 8579, 8676, 8878, 8779, 8680, 8777, 9242, 9068, 8778, 8679",13
"8679",8679,"8579, 8678, 8479, 8578, 8580, 8677, 8879, 8780, 8681, 8778, 8680",11
"8680",8680,"8580, 8679, 7149, 8480, 8579, 8581, 8678, 1243, 8880, 8781, 8682, 8779, 8681",13
"8681",8681,"8581, 8680, 4921, 6246, 6998, 8481, 8580, 8582, 8679, 8881, 8782, 8683, 8780, 8682",14
"8682",8682,"8582, 8681, 2153, 8437, 8482, 8581, 8583, 8680, 8327, 8882, 8783, 8684, 8782",13
"8683",8683,"5714, 8583, 5303, 8483, 8582, 8584, 8681, 1342, 8883, 8784, 8782, 8783",12
"8684",8684,"8584, 7826, 8370, 8484, 8583, 8585, 8682, 8884, 8785, 9340, 8784, 8685",12
"8685",8685,"8585, 8684, 4622, 8584, 8586, 3839, 1299, 8786, 8784, 8785, 8686",11
"8686",8686,"8586, 8685, 1629, 8585, 8587, 8072, 9280, 8886, 8787, 8688, 8785, 8903, 8687",13
"8687",8687,"8587, 8686, 8487, 8586, 8588, 4018, 7819, 8887, 8788, 8689, 8786, 8688",12
"8688",8688,"2445, 8588, 8687, 6456, 8488, 8587, 8589, 8686, 8888, 8789, 8690, 8788, 8689",13
"8689",8689,"8589, 8688, 1245, 8489, 5610, 8687, 2215, 8790, 8691, 8788, 8789",11
"8690",8690,"6080, 2681, 8490, 8589, 8591, 8688, 7986, 9963, 8890, 8791, 8692, 8790, 8691",13
"8691",8691,"8591, 8690, 8491, 7200, 8592, 8689, 2919, 8891, 8693, 8790, 8791, 8692",12
"8692",8692,"8592, 8691, 8492, 8593, 8690, 8591, 8694, 8892, 8791, 8792, 8693",11
"8693",8693,"8593, 8692, 2224, 8493, 8592, 8594, 8691, 8893, 8794, 8695, 8795",11
"8694",8694,"449, 8340, 2786, 8494, 8593, 8595, 8692, 9812, 8894, 8795, 8696, 8793",12
"8695",8695,"5478, 8595, 8495, 8594, 8596, 8693, 3385, 8895, 8796, 8697, 8795",11
"8696",8696,"8596, 472, 7874, 8496, 8595, 1052, 8694, 8896, 8797, 8698, 8796, 8697",12
"8697",8697,"8597, 8696, 3845, 5441, 8497, 8596, 8598, 8695, 163, 8699, 8796, 8698",12
"8698",8698,"8598, 8697, 1349, 8498, 8597, 8599, 8696, 5153, 8898, 8700, 8797, 8798, 8699",13
"8699",8699,"8599, 8698, 8499, 8598, 8600, 8697, 8899, 8800, 8798, 8799, 8700",11
"8700",8700,"8600, 8699, 3690, 6032, 8500, 8599, 8698, 7351, 8900, 8800",10
"8701",8701,"2944, 2254, 8501, 8602, 6460, 8901, 8703, 8801",8
"8702",8702,"4588, 8602, 1374, 5136, 8502, 8601, 8603, 5617, 8803, 8704, 8801, 8802, 8703",13
"8703",8703,"176, 8603, 8702, 7826, 8503, 8602, 8604, 8701, 4274, 8705, 8803, 8704",12
"8704",8704,"8703, 4747, 8504, 8603, 8702, 8904, 8805, 8706, 8803, 8804, 8705",11
"8705",8705,"5962, 8704, 4918, 8505, 8604, 8606, 8703, 9728, 8905, 8806, 8707, 8804, 8805, 8706",14
"8706",8706,"8606, 8705, 8357, 8506, 8607, 8704, 8906, 8807, 8805, 8728, 8806, 8707",12
"8707",8707,"8607, 8706, 4070, 8507, 8606, 8608, 8705, 9908, 8907, 8808, 8709, 8806, 8807, 8708",14
"8708",8708,"6250, 8608, 8707, 4232, 4473, 8508, 8607, 8709, 9599, 8908, 8809, 8710, 8807, 8805",14
"8709",8709,"5395, 8708, 7562, 8509, 8608, 8224, 8707, 9723, 8909, 8810, 8711, 8808, 8809, 8710",14
"8710",8710,"3300, 8610, 8709, 5844, 8510, 8609, 8611, 8708, 8910, 8811, 8712, 8809, 8810, 8711",14
"8711",8711,"8611, 8710, 8511, 8610, 8612, 8709, 6256, 8911, 8812, 8713, 8810, 8811",12
"8712",8712,"8612, 744, 8512, 8613, 8710, 6980, 8813, 8811, 8812, 8713",10
"8713",8713,"8613, 8712, 8513, 8612, 8614, 8711, 5073, 8814, 8715, 8812, 8813",11
"8714",8714,"8614, 798, 1804, 8514, 8613, 8615, 7493, 8622, 8914, 8815, 8716, 8813, 8715",13
"8715",8715,"8615, 8714, 8515, 8614, 8713, 8815, 8915, 8816, 8716",9
"8716",8716,"8616, 8715, 6416, 8516, 8617, 8714, 8916, 8817, 8718, 8815, 8816",11
"8717",8717,"8617, 8517, 8616, 8618, 3327, 8917, 8818, 8719, 8816, 8817, 8718",11
"8718",8718,"8503, 8618, 8717, 2076, 8518, 8617, 8619, 8716, 5931, 8819, 8720, 8817, 8818, 8719",14
"8719",8719,"8619, 8718, 4689, 8519, 8618, 8717, 5825, 8620, 8403, 8820, 8721, 8818, 8720",13
"8720",8720,"8620, 8719, 2846, 5484, 8520, 8670, 8621, 8718, 3334, 473, 9914, 8920, 8821, 8721",14
"8721",8721,"8720, 8521, 8620, 8622, 8719, 7027, 9205, 8820, 8821, 8722",10
"8722",8722,"8622, 8721, 1760, 8522, 8621, 8623, 5702, 8922, 8823, 8724, 8822, 8723",12
"8723",8723,"8623, 8722, 882, 1326, 8523, 8622, 8624, 6992, 8923, 8822, 8724",11
"8724",8724,"644, 7456, 8624, 8723, 468, 4603, 5888, 8623, 8625, 8722, 8924, 8825, 8726, 8823, 8824, 8725",16
"8725",8725,"8625, 8724, 2538, 8525, 8624, 8626, 6495, 5413, 8925, 8826, 8824, 8825, 8726",13
"8726",8726,"8626, 8725, 3709, 8625, 8627, 8724, 8926, 8827, 8825, 8826, 8727",11
"8727",8727,"8627, 8726, 7780, 8626, 8826, 9344, 8927, 8828, 8827, 8728",10
"8728",8728,"1272, 8628, 8727, 254, 8528, 8706, 8627, 6684, 7905, 8928, 8829, 8730, 8827, 8828",14
"8729",8729,"7180, 8629, 4754, 8529, 8628, 8630, 1268, 8929, 8830, 8731, 8828, 8730",12
"8730",8730,"8630, 8729, 2163, 8435, 8530, 8629, 8631, 8728, 810, 8732, 8829, 8731",12
"8731",8731,"8730, 8531, 8630, 8632, 8729, 8415, 8931, 8832, 8733, 8732",10
"8732",8732,"8731, 8532, 5807, 8730, 4888, 8833, 8734, 8831, 8832, 8733",10
"8733",8733,"8633, 7372, 8732, 8069, 8533, 2208, 8634, 8731, 92, 8933, 8834, 8735, 8832, 8833",14
"8734",8734,"6781, 8634, 8534, 8633, 2529, 8732, 8385, 8934, 8835, 8736, 8833",11
"8735",8735,"3903, 8635, 1773, 7565, 8535, 8634, 8636, 8733, 8935, 8836, 8737, 8834, 8835, 8736",14
"8736",8736,"981, 8636, 8735, 5568, 8536, 8635, 8637, 8734, 8936, 8837, 8738, 8835, 8737",13
"8737",8737,"8637, 8736, 8537, 8636, 8638, 8735, 8937, 8838, 8739, 8836, 8738",11
"8738",8738,"8638, 8737, 6647, 8637, 8110, 8736, 8938, 8839, 8740, 8837, 8838, 8739",12
"8739",8739,"8639, 8738, 3161, 7558, 8539, 4846, 8640, 8737, 8939, 8840, 8741, 8839",12
"8740",8740,"4711, 7324, 8640, 5198, 8540, 8639, 8641, 8738, 3259, 8940, 8841, 8742, 8839, 8741",14
"8741",8741,"8641, 8740, 8541, 8640, 8642, 8739, 7434, 3220, 8941, 8743, 8841, 8742",12
"8742",8742,"8642, 8741, 7017, 8641, 8643, 8740, 8942, 8843, 8744, 8841, 8842, 8743",12
"8743",8743,"8643, 8742, 8543, 8642, 8644, 8741, 8242, 8943, 8745, 8843",10
"8744",8744,"148, 5138, 8643, 8645, 8742, 5533, 8845, 8746, 8843, 8745",10
"8745",8745,"8645, 8744, 8644, 3232, 8743, 4935, 8945, 8846, 8844, 8746",10
"8746",8746,"8646, 8546, 8645, 8647, 8744, 8745, 8845, 8946, 8847, 8846, 8747",11
"8747",8747,"7590, 8647, 8746, 8547, 8646, 8648, 4489, 8947, 8749, 8846, 8847, 8748",12
"8748",8748,"4656, 8747, 8548, 3997, 8948, 8849, 8750, 8847, 8848, 8749",10
"8749",8749,"2126, 8649, 8748, 6609, 8648, 8650, 8747, 6514, 8949, 8850, 8751, 8848",12
"8750",8750,"6984, 3852, 8550, 8651, 8748, 3107, 2342, 8950, 8849, 8751",10
"8751",8751,"8750, 8650, 2739, 8749, 8951, 8852, 8753, 8850, 9900, 8851, 8752",11
"8752",8752,"8652, 8751, 7796, 8552, 8651, 3569, 8952, 8853, 8754, 8851, 8852, 8753",12
"8753",8753,"8653, 8752, 8553, 8652, 8654, 8751, 3500, 8953, 8854, 8755, 8852, 8853",12
"8754",8754,"6380, 8654, 6149, 8554, 8752, 8954, 8855, 8756, 8853, 8854, 8755",11
"8755",8755,"8655, 8754, 8555, 8654, 2033, 8753, 7673, 8955, 8854, 8855, 8756",11
"8756",8756,"8656, 8755, 7373, 714, 8556, 8655, 8657, 8754, 8857, 8758, 8855, 8856, 8757",13
"8757",8757,"8657, 8756, 6731, 8656, 8658, 5195, 8957, 8858, 8759, 8856, 8857, 8758",12
"8758",8758,"6331, 8658, 8757, 708, 6303, 8657, 8659, 8756, 8859, 8760, 8857, 8759",12
"8759",8759,"8659, 8758, 8559, 8658, 8660, 8757, 8628, 8860, 8858, 8859",10
"8760",8760,"6977, 8660, 4992, 8560, 8659, 8661, 8758, 7351, 8960, 8861, 8762, 8761",12
"8761",8761,"8661, 8760, 8561, 8660, 8662, 5838, 8961, 8862, 8763, 8860, 8861",11
"8762",8762,"8662, 582, 6024, 8562, 8663, 8760, 8862, 8764, 8962, 8861, 8763",11
"8763",8763,"8516, 8762, 1294, 8563, 8662, 8664, 8761, 6280, 8260, 8963, 8765",11
"8764",8764,"8664, 8285, 5279, 8564, 8665, 8762, 2736, 8964, 8766, 8863, 8864, 8765",12
"8765",8765,"734, 8665, 8764, 8565, 8664, 8666, 8763, 8965, 8866, 8864, 8865, 8766",12
"8766",8766,"8666, 8765, 8566, 8665, 8667, 8764, 8966, 8867, 8865, 8866, 8767",11
"8767",8767,"8667, 8766, 8567, 8666, 8668, 565, 8967, 8868, 8769, 8866, 8867, 8768",12
"8768",8768,"8668, 8767, 1181, 8568, 8667, 8669, 1154, 8968, 8869, 8770, 8867, 8868, 8769",13
"8769",8769,"8669, 8768, 8569, 8668, 8670, 8767, 8969, 8870, 8771, 8868, 8869, 8770",12
"8770",8770,"8670, 8769, 8570, 8669, 8671, 8768, 5445, 8970, 8871, 8772, 8870",11
"8771",8771,"6587, 8671, 3945, 8670, 8672, 8769, 8971, 8872, 8773, 8870, 8871, 8772",12
"8772",8772,"4021, 8672, 8771, 8572, 8673, 8770, 8972, 8873, 8774, 8871, 9362, 8872, 8773",13
"8773",8773,"8673, 8772, 8573, 8672, 8674, 8771, 8973, 8874, 8872, 8873, 9878",11
"8774",8774,"8674, 8574, 8673, 8675, 8772, 1254, 8974, 8875, 8873, 8874",10
"8775",8775,"2562, 8674, 8676, 4313, 8975, 8777, 8874, 9184, 8875, 8776",10
"8776",8776,"8775, 8576, 8675, 8677, 7498, 2048, 9328, 8876, 8777",9
"8777",8777,"8677, 8776, 6887, 8577, 8678, 8775, 8977, 8878, 8779, 8876, 8877, 8778",12
"8778",8778,"8678, 8777, 8578, 8677, 8679, 8978, 9749, 8780, 8877, 9275, 8779",11
"8779",8779,"1828, 8778, 4455, 6822, 8579, 8678, 8680, 8777, 910, 8880, 8781, 9448, 8879, 8780",14
"8780",8780,"3357, 8779, 1869, 8679, 8681, 8778, 8980, 8881, 8782",9
"8781",8781,"8581, 8680, 8779, 2681, 8882, 8783, 8881, 8782",8
"8782",8782,"8682, 8781, 7090, 8681, 8683, 8780, 8982, 8883, 8784, 8881, 8882",11
"8783",8783,"8683, 8781, 8583, 8682, 1338, 8983, 8884, 8785, 8882, 9445, 8883, 8784",12
"8784",8784,"8684, 8783, 8584, 8683, 8685, 8782, 9486, 8885, 8786, 8883, 8884, 8785",12
"8785",8785,"4731, 8685, 8784, 8684, 8686, 8783, 8985, 8886, 8884, 8885, 8786",11
"8786",8786,"8785, 3811, 8586, 8685, 8687, 8784, 7899, 8986, 8887, 8885, 8886, 8787",12
"8787",8787,"5637, 8786, 4476, 8587, 8686, 2769, 2374, 7904, 8987, 8888, 8789, 8886, 8887",13
"8788",8788,"8688, 3928, 8588, 8687, 8689, 8988, 8889, 8790, 8887, 9761, 8973, 8888, 8789",13
"8789",8789,"8689, 8788, 7972, 8589, 8688, 8787, 8504, 8989, 8890, 8888, 8889, 8790",12
"8790",8790,"8690, 8789, 163, 8590, 8689, 8691, 8788, 9807, 8891, 8792, 8889, 8890, 8791",13
"8791",8791,"3081, 8691, 8790, 8690, 8692, 8088, 9027, 8991, 8892, 8793, 8891",11
"8792",8792,"8692, 8592, 8790, 8992, 8893, 8794, 8891, 8892, 8793",9
"8793",8793,"315, 8792, 8593, 8694, 8791, 1618, 1577, 8993, 8894, 8893, 8794",11
"8794",8794,"8793, 8693, 7974, 8792, 8994, 8895, 8796, 8893, 8809, 8795",10
"8795",8795,"8695, 8794, 4262, 8595, 8693, 8694, 4984, 3761, 8896, 8797, 8894, 8895, 8796",13
"8796",8796,"8696, 8795, 7145, 8596, 8695, 8697, 8794, 1224, 8996, 8798, 8895, 8896, 8797",13
"8797",8797,"3597, 7246, 8796, 8597, 8696, 8698, 8795, 6224, 9541, 8898, 8896, 8897, 8798",13
"8798",8798,"8698, 8797, 6063, 5141, 6541, 8658, 2342, 8699, 8796, 70, 8998, 8899, 8800, 8897, 8898",15
"8799",8799,"8699, 8599, 8898, 8899, 8800",5
"8800",8800,"4746, 8700, 8799, 8600, 8699, 8798, 9000, 8899, 8900",9
"8801",8801,"8701, 998, 8601, 8702, 8902, 8803, 8901, 8802",8
"8802",8802,"8702, 8801, 8602, 3308, 1154, 9002, 8903, 8804, 8901, 8902",10
"8803",8803,"8703, 8603, 8702, 8704, 8801, 9003, 8904, 8805, 8902, 8903, 8804",11
"8804",8804,"8704, 8803, 8604, 8705, 8802, 8153, 9468, 8905, 8806, 8903, 8904",11
"8805",8805,"8705, 7554, 8605, 8704, 8706, 8708, 8803, 9982, 8906, 8807, 8904, 8905",12
"8806",8806,"8706, 1840, 8606, 8705, 8707, 8804, 660, 8905, 9006, 8807",10
"8807",8807,"8707, 8806, 359, 2430, 8706, 8708, 8805, 9007, 8906, 8907, 8808",11
"8808",8808,"8807, 1759, 6020, 6179, 8608, 8707, 8709, 9008, 8909, 8810, 8907, 8809",12
"8809",8809,"8709, 8794, 8808, 7883, 8609, 8708, 8710, 2903, 9009, 8910, 8811, 8909",12
"8810",8810,"8710, 618, 8610, 8709, 8711, 8808, 9010, 8911, 8812, 8909, 8910, 8811",12
"8811",8811,"8711, 8810, 5490, 7158, 8611, 8710, 8712, 8809, 30, 4509, 4537, 8910, 8911, 8812",14
"8812",8812,"8712, 8811, 8612, 8711, 8713, 8810, 1785, 9012, 8913, 8814, 8911, 8912",12
"8813",8813,"5148, 8713, 8613, 8712, 8714, 2696, 10, 9183, 8914, 9025, 8913, 8814",12
"8814",8814,"863, 1066, 8813, 8614, 8713, 2074, 8812, 6948, 9014, 8816, 8913, 8914, 8815",13
"8815",8815,"8715, 8814, 1169, 7508, 8615, 8714, 8716, 4251, 9015, 8916, 8817, 9072, 8816",13
"8816",8816,"8716, 8815, 8616, 8715, 8717, 8814, 8916, 9016, 8917, 8818, 8817",11
"8817",8817,"8717, 8816, 8347, 8617, 8716, 8718, 8815, 5623, 8918, 8819, 8916, 8917",12
"8818",8818,"8718, 4902, 8618, 8717, 8719, 8816, 403, 3128, 8919, 8917, 8819",11
"8819",8819,"8818, 8718, 8817, 1552, 9019, 8920, 8918, 8919, 8820",9
"8820",8820,"7707, 8819, 2395, 8353, 8620, 8719, 8721, 3484, 9138, 9020, 8921, 8822, 8919, 8920",14
"8821",8821,"8721, 4937, 879, 7715, 8621, 8720, 9021, 8922, 8823, 8920, 8921, 8822",12
"8822",8822,"8722, 8821, 8622, 5323, 8723, 8820, 9022, 8923, 8824, 8921, 8922, 8823",12
"8823",8823,"1157, 6083, 8822, 620, 8623, 8722, 8724, 8821, 7091, 9023, 8924, 8825, 8922, 8923",14
"8824",8824,"8724, 8624, 8725, 8822, 4800, 9024, 8925, 8923, 8865, 8924, 8825",11
"8825",8825,"2353, 8725, 8824, 1358, 744, 8625, 8724, 8726, 8823, 9622, 9025, 8926, 8827, 8924, 8925, 8826",16
"8826",8826,"8726, 8825, 4191, 8626, 8725, 8727, 7922, 9026, 8828, 8926, 8827",11
"8827",8827,"8727, 8826, 8627, 8726, 8728, 8825, 9027, 8928, 8829, 8926, 8927, 8828",12
"8828",8828,"8728, 8827, 6849, 8628, 8727, 8729, 8826, 8145, 9381, 9028, 8929, 9812, 8927, 8829",14
"8829",8829,"8828, 8629, 8728, 8730, 8827, 5339, 8376, 9672, 9029, 8929, 8830",11
"8830",8830,"1778, 8829, 1255, 8630, 8729, 9030, 8931, 8832, 9069, 8831",10
"8831",8831,"3949, 4244, 8830, 8631, 8732, 9031, 8932, 8833, 8930, 8931",10
"8832",8832,"2969, 8732, 5821, 8632, 8731, 8733, 8830, 3460, 9032, 8933, 8834, 8931, 8932",13
"8833",8833,"8733, 8622, 8633, 8732, 8734, 8831, 3055, 8835, 8932, 8933, 8834",11
"8834",8834,"8833, 5266, 8733, 8735, 8832, 7811, 2063, 9034, 8836, 8934, 8835",11
"8835",8835,"8735, 8834, 8635, 8734, 8736, 8833, 8936, 8837, 8934, 8935, 8836",11
"8836",8836,"469, 8835, 4744, 6476, 1680, 8735, 8737, 8834, 8838, 8935, 8936, 8837",12
"8837",8837,"3117, 8836, 8013, 4421, 8736, 8738, 8835, 8996, 8938, 8839, 8936, 8937, 8838",13
"8838",8838,"2379, 8738, 8837, 8638, 8737, 2960, 8836, 1052, 7496, 8937, 8938, 8839",12
"8839",8839,"8739, 8838, 865, 6473, 7883, 8639, 8738, 8740, 8837, 1802, 9039, 8841, 8938, 8939, 8840",15
"8840",8840,"8839, 5789, 7519, 8640, 8739, 5131, 9040, 8941, 8939, 8940",10
"8841",8841,"8741, 3564, 8641, 8740, 8742, 8839, 9041, 8843, 8940, 8842",10
"8842",8842,"2822, 8742, 8841, 8642, 1879, 8318, 9042, 8844, 8942",9
"8843",8843,"8743, 688, 1188, 1407, 8643, 8742, 8744, 8841, 9043, 8944, 8845, 8942, 8943, 8844",14
"8844",8844,"6382, 8843, 7736, 8644, 482, 8745, 8842, 9044, 8945, 8846, 8943, 8944, 8845",13
"8845",8845,"8844, 8077, 8645, 8744, 8746, 8843, 8855, 9045, 8946, 8847, 8944, 8945, 8846",13
"8846",8846,"1543, 8746, 8845, 4643, 8646, 8745, 8747, 8844, 9046, 8947, 8848, 8945",12
"8847",8847,"8747, 4974, 8647, 8746, 8748, 8845, 257, 4199, 3844, 8849, 8947, 8848",12
"8848",8848,"8748, 8847, 1601, 8749, 8846, 9048, 8949, 8850, 8947, 8948, 8849",11
"8849",8849,"8848, 5498, 8649, 8748, 8750, 8847, 9049, 8950, 8851, 8948, 8949, 8850",12
"8850",8850,"5984, 8849, 3091, 3082, 8650, 8749, 8751, 8848, 743, 6788, 8860, 9878, 8950, 8851",14
"8851",8851,"8751, 8850, 5868, 8451, 8651, 8277, 8752, 8849, 9051, 8952, 8853, 8950, 8951, 8852",14
"8852",8852,"6499, 8752, 8851, 8652, 8751, 8753, 9052, 8953, 8854, 8951, 8952",11
"8853",8853,"8753, 5862, 824, 8653, 8752, 8754, 8851, 9053, 8954, 8855, 8952, 8953, 8854",13
"8854",8854,"8502, 8754, 8853, 1181, 8753, 8755, 8852, 9054, 8955, 8856, 8953, 8855",12
"8855",8855,"8845, 8755, 8854, 7567, 5805, 8655, 8754, 8756, 8853, 9055, 8956, 8857, 8954",13
"8856",8856,"6085, 8756, 2752, 8656, 8757, 8854, 671, 9056, 8957, 8858, 8955",11
"8857",8857,"8757, 1780, 8657, 8756, 8758, 8855, 9057, 8958, 8859, 8956, 8858",11
"8858",8858,"8857, 1640, 8658, 8757, 8759, 8856, 8959, 8860, 8957, 8958, 8859",11
"8859",8859,"8759, 8858, 3359, 4355, 8758, 8857, 9059, 8960, 8861, 8966, 8959, 8860",12
"8860",8860,"1433, 8859, 8660, 8759, 8761, 8850, 8858, 4121, 9060, 8862, 9065, 8960, 8861",13
"8861",8861,"8761, 8860, 2582, 2600, 8760, 8762, 8859, 9061, 8962, 8863, 8960, 8961, 8862",13
"8862",8862,"8762, 8861, 8065, 8662, 8670, 8761, 8188, 8860, 9062, 8963, 8864, 8863",12
"8863",8863,"8862, 8663, 8764, 8861, 4214, 9404, 9063, 8964, 8865, 8962, 8864",11
"8864",8864,"8764, 7904, 8664, 8765, 8862, 8863, 9064, 8965, 8866, 8963, 8964, 8865",12
"8865",8865,"8765, 8864, 6372, 8665, 8824, 8766, 8863, 9065, 8966, 8867, 8964, 9263, 8965",13
"8866",8866,"8766, 7693, 8765, 8767, 8864, 9066, 8868, 8965, 8966, 9528",10
"8867",8867,"8767, 1585, 4139, 8667, 8766, 8768, 8865, 9067, 8968, 8869, 8966, 8967, 8868",13
"8868",8868,"8768, 8867, 8075, 8668, 8767, 8769, 8866, 6855, 9068, 8969, 8870, 8968, 8869",13
"8869",8869,"8769, 8868, 5708, 8669, 8768, 8867, 9069, 8970, 8871, 8969, 8870",11
"8870",8870,"3293, 8770, 8869, 8670, 8769, 8771, 8868, 3050, 9070, 8969, 8871",11
"8871",8871,"8771, 8870, 4729, 8671, 8770, 8772, 8869, 1580, 9071, 8972, 8873, 8970, 8971",13
"8872",8872,"8772, 6808, 8771, 8773, 1542, 9072, 8973, 8874, 8971, 8972",10
"8873",8873,"8773, 1951, 3474, 8673, 8772, 8774, 8871, 4066, 9073, 8974, 8875, 8972, 8874",13
"8874",8874,"8774, 8873, 231, 5531, 8674, 8773, 8775, 8872, 9074, 8975, 8876, 8973, 8974, 8875",14
"8875",8875,"8775, 8874, 4962, 8675, 8774, 7388, 8873, 9075, 8976, 8877, 8974, 8975, 8876",13
"8876",8876,"8776, 8875, 8676, 5418, 8777, 8874, 4237, 8977, 8878, 8975, 8976, 8877",12
"8877",8877,"8777, 8876, 4066, 6552, 8677, 79, 8778, 8875, 9077, 8978, 8879, 8976, 8977, 8878",14
"8878",8878,"7722, 8877, 8678, 8777, 8876, 8144, 9231, 9308, 8880, 8977, 8978",11
"8879",8879,"8779, 153, 1584, 2186, 8679, 286, 8877, 9079, 8980, 8881, 8978, 9452",12
"8880",8880,"980, 2836, 8680, 8779, 4420, 8878, 7464, 9899, 9080, 8882, 8979, 8980, 8881",13
"8881",8881,"8781, 8880, 8681, 8780, 8782, 8879, 9081, 8982, 8883, 8980, 8981, 8882",12
"8882",8882,"8782, 8881, 6342, 8682, 8781, 8783, 8880, 4360, 8983, 8982, 8883",11
"8883",8883,"8783, 8882, 2049, 8482, 8683, 8782, 8784, 8881, 4803, 9083, 8984, 8885, 8982",13
"8884",8884,"8784, 1022, 8684, 8783, 8785, 8985, 8886, 8983, 8984, 8885",10
"8885",8885,"8785, 8884, 3705, 8784, 8786, 8883, 9085, 8887, 8984, 8985, 8886",11
"8886",8886,"2957, 8786, 8885, 8686, 8785, 8787, 8884, 7134, 9086, 8888, 8985, 8986, 8887",13
"8887",8887,"8787, 8886, 8687, 8786, 8788, 8885, 7615, 9087, 8988, 8987, 8888",11
"8888",8888,"8788, 8887, 1516, 6078, 8688, 8787, 8789, 8886, 8637, 8989, 8890, 8987, 8988",13
"8889",8889,"8789, 8788, 8790, 9089, 8990, 8891, 8988, 8989, 8890",9
"8890",8890,"8790, 8889, 8638, 6686, 8690, 8789, 7642, 8888, 8989, 9090, 8991, 8990, 8891",13
"8891",8891,"8791, 8890, 2612, 2878, 8691, 8790, 8792, 8889, 9091, 8992, 8893, 8990, 8991, 8892",14
"8892",8892,"8792, 8891, 8692, 8791, 8993, 8894, 8991, 8992, 8893",9
"8893",8893,"8793, 8892, 4831, 8693, 8792, 8794, 8891, 9093, 8994, 8895, 8992",11
"8894",8894,"8694, 8793, 8795, 8892, 8047, 9094, 8995, 8896, 8993, 9977, 8895",11
"8895",8895,"8795, 8894, 8695, 8794, 8796, 8893, 3547, 1918, 9095, 8897, 8994, 8896",12
"8896",8896,"8796, 8895, 1418, 3240, 8696, 8795, 8797, 8894, 2309, 9116, 8997, 8898, 8996, 8897",14
"8897",8897,"8797, 8896, 4391, 8798, 8895, 9097, 8998, 8899, 8996, 8997",10
"8898",8898,"8798, 7457, 8698, 8797, 8799, 8896, 9098, 8999, 8900, 8997, 8899",11
"8899",8899,"8799, 8898, 3221, 8699, 8798, 8800, 8897, 9099, 9000, 8998, 8999, 8900",12
"8900",8900,"8800, 8899, 6895, 8700, 7385, 8898, 9100, 9000",8
"8901",8901,"615, 8801, 7922, 6173, 8701, 8802, 9101, 9002, 8903",9
"8902",8902,"8802, 1990, 1039, 8801, 8803, 9102, 9003, 8904, 9002, 8903",10
"8903",8903,"8592, 8686, 8803, 8902, 8802, 8804, 8901, 9103, 9004, 8905, 9002, 9003",12
"8904",8904,"251, 8804, 4615, 8704, 8803, 8805, 8902, 8081, 9005, 8906, 9003",11
"8905",8905,"8805, 3222, 8705, 8804, 8806, 8903, 9105, 9006, 8907, 9004, 9005, 8906",12
"8906",8906,"8905, 8706, 8805, 8807, 8904, 9106, 9007, 8908, 9005",9
"8907",8907,"4613, 8807, 8707, 3216, 8808, 8905, 9107, 9008, 8909, 9006, 9007, 8908, 9372",13
"8908",8908,"8907, 8708, 3271, 1955, 8906, 9108, 9009, 8910, 9007, 9008, 8909",11
"8909",8909,"8809, 8908, 3933, 8709, 8808, 8810, 8907, 9109, 9010, 8911, 9008, 8910",12
"8910",8910,"2934, 8810, 8710, 8809, 8811, 8908, 8909, 9110, 8912, 9009, 9010, 8911",12
"8911",8911,"8811, 8910, 3124, 8711, 8810, 8812, 8909, 1026, 2929, 9012, 8913, 9011",12
"8912",8912,"8812, 1601, 8910, 9112, 9013, 8914, 9011, 9012, 8913",9
"8913",8913,"2808, 8431, 8813, 8912, 8812, 8814, 8911, 9113, 9014, 8915, 9012, 9013, 8914",13
"8914",8914,"6007, 8814, 8913, 5233, 8714, 8813, 8912, 2642, 9015, 8916, 8915",11
"8915",8915,"7172, 483, 8914, 5749, 8715, 7513, 8913, 9097, 9115, 9016, 8917, 9015",12
"8916",8916,"8816, 4775, 5667, 6341, 8354, 8716, 8815, 8817, 8914, 2108, 9015, 9116, 9016, 8917",14
"8917",8917,"2102, 8817, 8916, 2603, 8509, 8717, 8816, 8818, 8915, 9117, 9018, 8919, 9016, 9017, 8918",15
"8918",8918,"8917, 8817, 8819, 2355, 9019, 8920, 9018",7
"8919",8919,"8819, 341, 8818, 8820, 8917, 7854, 9119, 9018, 9019, 8920",10
"8920",8920,"8820, 8919, 259, 6279, 8720, 8819, 8821, 8918, 7122, 8921, 9120, 9021, 9019",13
"8921",8921,"8333, 8821, 8920, 4754, 8820, 8822, 8535, 4637, 8923, 9020, 9021, 8922",12
"8922",8922,"8822, 8921, 8722, 8821, 8823, 5869, 7296, 9122, 9023, 8924, 9022",11
"8923",8923,"8823, 7550, 8723, 8822, 8824, 8921, 9123, 9024, 9022, 9023, 8924",11
"8924",8924,"8824, 8923, 2423, 2861, 8724, 8823, 8825, 8922, 9124, 9025, 8926, 9023, 9330",13
"8925",8925,"8825, 8725, 8824, 3466, 9125, 9026, 8927, 9024, 9025, 8926",10
"8926",8926,"7358, 8826, 8925, 3119, 8726, 8825, 8827, 8924, 9126, 9027, 8928, 8927",12
"8927",8927,"8827, 4706, 8727, 8828, 8925, 8926, 9028, 8929, 9026, 8928",10
"8928",8928,"8927, 8728, 8827, 1229, 8926, 9128, 9029, 8930, 9027, 9028, 8929",11
"8929",8929,"8829, 8928, 3983, 8729, 8828, 7868, 8927, 9129, 9030, 8931, 9028",11
"8930",8930,"1142, 8205, 8831, 8928, 9130, 9031, 8932, 9057, 9030, 8931",10
"8931",8931,"8831, 8930, 8731, 8830, 8832, 8929, 6450, 9131, 8933, 9030, 9031, 8932",12
"8932",8932,"8832, 8931, 8831, 8833, 8930, 9132, 9033, 8934, 9031, 9032, 8933",11
"8933",8933,"8833, 8932, 3766, 4784, 8733, 8832, 8931, 1053, 9133, 9033, 8934",11
"8934",8934,"8834, 8933, 8734, 8835, 8932, 927, 9134, 9035, 8936, 9033, 8935",11
"8935",8935,"8835, 8934, 214, 8735, 8836, 3820, 8428, 9135, 9036, 8937, 9035, 8936",12
"8936",8936,"8836, 8935, 8736, 8835, 8837, 8934, 2814, 9136, 9037, 9035, 9036, 8937",12
"8937",8937,"8837, 8936, 8737, 6866, 8838, 8935, 9137, 9038, 8939, 9036, 9037",11
"8938",8938,"8838, 555, 5305, 7781, 8738, 8837, 8839, 9138, 9039, 9037, 9038, 8939",12
"8939",8939,"8839, 8938, 4123, 8739, 8840, 8937, 9139, 9040, 8941, 9039, 8940",11
"8940",8940,"8840, 8939, 8740, 8841, 2339, 9140, 9041, 9039, 9020, 9040, 8941",11
"8941",8941,"8540, 8940, 4897, 8741, 8840, 7584, 8939, 5572, 8943, 9141, 9040, 9041",12
"8942",8942,"8842, 8742, 6099, 8843, 1530, 9142, 9043, 9753, 9042, 8943",10
"8943",8943,"8843, 8942, 7017, 8743, 2968, 8844, 8941, 9143, 9044, 9042, 9043",11
"8944",8944,"8844, 2822, 6915, 8843, 8845, 6102, 9045, 8946, 9043, 8945",10
"8945",8945,"8845, 8944, 8745, 8844, 8846, 8359, 9145, 9046, 8947, 9044, 9045, 8946",12
"8946",8946,"268, 8945, 7087, 8746, 8845, 8944, 2391, 9347, 9146, 9047, 8948, 9045, 9046",13
"8947",8947,"8847, 2850, 8747, 8846, 8848, 8945, 9147, 9048, 9046, 9047, 8948",11
"8948",8948,"8848, 8947, 7554, 6934, 8748, 8849, 8946, 9148, 9049, 8950, 9047, 9048, 8949",13
"8949",8949,"3616, 4880, 8849, 8948, 8749, 8848, 568, 8373, 9149, 9050, 9048",11
"8950",8950,"8850, 1071, 8750, 8849, 8851, 8948, 9150, 9051, 8952, 9049, 9050",11
"8951",8951,"8851, 3944, 1320, 8751, 8852, 6802, 9151, 9052, 9050, 9051",10
"8952",8952,"8852, 8752, 8851, 8853, 8950, 9152, 8954, 9051, 9052, 8953, 9860",11
"8953",8953,"3671, 8171, 8853, 8952, 8753, 8852, 8854, 2768, 13, 9054, 8955, 9052, 9053",13
"8954",8954,"7240, 8754, 8853, 8855, 8952, 9154, 9055, 8956, 9053, 9054, 8955",11
"8955",8955,"8954, 6001, 8755, 8854, 8856, 8953, 9155, 9056, 8957, 9054, 9055, 8956",12
"8956",8956,"352, 8640, 8955, 2237, 978, 8855, 8857, 8954, 3062, 9156, 9057, 8958, 9056, 8957",14
"8957",8957,"5869, 2113, 8956, 7429, 8757, 8856, 8858, 8955, 9157, 9058, 8959, 9056, 9057, 8958",14
"8958",8958,"8858, 8957, 5667, 3981, 8857, 8956, 9158, 9059, 8960, 9057, 9684, 8959",12
"8959",8959,"421, 8859, 8958, 1462, 8039, 1724, 8858, 7697, 8957, 9196, 9159, 9060, 8961, 9058, 9059, 8960",16
"8960",8960,"8860, 8959, 8760, 8859, 8861, 8958, 9160, 9061, 9060, 8961",10
"8961",8961,"4442, 8861, 8960, 8235, 8761, 7888, 8959, 9161, 9062, 8963, 9060, 9061, 8962",13
"8962",8962,"2831, 8961, 652, 982, 1867, 8762, 8861, 8863, 4599, 9162, 9063, 8964, 9062, 8963",14
"8963",8963,"8962, 8763, 8862, 8864, 8961, 7962, 9988, 9163, 9064, 8965, 9062, 9063",12
"8964",8964,"8864, 6012, 8764, 8863, 8865, 8962, 9164, 9065, 8966, 9063, 9064, 8965",12
"8965",8965,"3605, 8865, 8964, 8765, 8864, 8866, 8963, 9165, 9064, 9668",10
"8966",8966,"8866, 8766, 8859, 8865, 8867, 8964, 9166, 9067, 8968, 9065, 9066, 8967",12
"8967",8967,"8867, 8966, 8767, 858, 577, 9167, 9068, 9743, 9067, 8968",10
"8968",8968,"8868, 8967, 6503, 8768, 8867, 6949, 8966, 9069, 8970, 9068, 8969",11
"8969",8969,"4847, 8869, 8968, 8769, 8868, 8870, 9169, 8971, 9068, 8970",10
"8970",8970,"1864, 8969, 7009, 8770, 8869, 8871, 8968, 9071, 9069, 9070, 8971",11
"8971",8971,"8871, 8970, 5073, 8771, 8872, 8969, 9171, 9072, 9070, 9071, 8972",11
"8972",8972,"8872, 8971, 8772, 8871, 8873, 7008, 7041, 2434, 9172, 9073, 9072, 8973",12
"8973",8973,"4148, 8972, 5169, 5386, 8773, 8872, 8874, 39, 8788, 9173, 8975, 9072",12
"8974",8974,"8874, 8774, 8873, 8875, 2032, 4092, 9174, 9075, 9073, 8975",10
"8975",8975,"8875, 8974, 8775, 8874, 8876, 8973, 4101, 9175, 9076, 8977, 9075, 8976",12
"8976",8976,"8876, 8975, 6337, 8875, 8877, 4687, 9077, 9075, 9076",9
"8977",8977,"8877, 8777, 8876, 8878, 8975, 9177, 9078, 8979, 9076, 8978",10
"8978",8978,"8878, 8977, 8778, 8877, 8879, 5672, 3983, 9079, 8980, 9077, 9078, 8979",12
"8979",8979,"4358, 8978, 488, 8093, 8880, 8977, 9179, 9080, 8981, 9078, 9079, 8980",12
"8980",8980,"8880, 8979, 8780, 8879, 8881, 8978, 9418, 9180, 9081, 8982, 9079, 9080",12
"8981",8981,"6470, 8881, 6739, 1531, 8979, 9082, 8983, 9080, 9081, 8982, 9630",11
"8982",8982,"2905, 8882, 8981, 4643, 8782, 8881, 8883, 8980, 3683, 9083, 8984, 9081, 9082",13
"8983",8983,"8127, 360, 552, 7948, 8783, 8882, 8884, 8981, 1701, 9601, 9084, 8985, 9082, 8984",14
"8984",8984,"7786, 8884, 8983, 4034, 8883, 8885, 8982, 9184, 9085, 8986, 9083, 9084, 8985",13
"8985",8985,"8885, 8984, 8785, 8884, 8886, 8983, 9185, 9086, 8987, 9084, 9085, 8986",12
"8986",8986,"2797, 8886, 8985, 1527, 8786, 5757, 8984, 6007, 1672, 9087, 8988, 9086, 8987",13
"8987",8987,"8887, 8986, 8787, 8888, 8985, 4245, 9187, 9088, 8989, 9086, 9087",11
"8988",8988,"8888, 1395, 8788, 8887, 8889, 8986, 9188, 9089, 8990, 9087",10
"8989",8989,"8889, 8789, 8888, 8890, 8987, 9090, 8991, 9088, 9089, 9569",10
"8990",8990,"8890, 2220, 577, 8023, 4366, 8889, 8891, 8988, 163, 9190, 9091, 9089, 9090, 8991",14
"8991",8991,"8891, 8990, 8791, 8890, 8892, 8989, 8280, 9092, 8993, 9090, 9091, 8992",12
"8992",8992,"4228, 8892, 8991, 8792, 8891, 8893, 9192, 9093, 8994, 9091, 9092, 8993",12
"8993",8993,"8992, 7404, 8793, 8892, 8894, 8991, 3834, 5201, 9610, 9193, 9094, 8995, 9183",13
"8994",8994,"6170, 8794, 8893, 8895, 8992, 7337, 9194, 8996, 9093, 9094, 8995",11
"8995",8995,"8994, 2384, 8894, 8993, 9195, 9096, 8997, 9094, 9095, 8996",10
"8996",8996,"8896, 8995, 8796, 8897, 8994, 8837, 9196, 9097, 8998, 9096, 8997",11
"8997",8997,"8897, 8996, 8896, 8898, 8995, 5587, 9197, 9098, 9096, 9915, 9097",11
"8998",8998,"8064, 3133, 3339, 8798, 8897, 8899, 8996, 8271, 5939, 9099, 9000, 9098, 8999",13
"8999",8999,"8899, 8998, 8898, 5, 715, 9199, 9100, 9098, 9099, 9000",10
"9000",9000,"8900, 8999, 1766, 2451, 8800, 8899, 8998, 9200, 9099, 9100",10
"9001",9001,"8127, 870, 1592, 1792, 8022, 6986, 9201, 9102, 9003, 9101, 9002",11
"9002",9002,"4389, 8902, 9001, 8802, 8901, 8903, 9202, 9103, 9101, 9102, 9003",11
"9003",9003,"1322, 8903, 9002, 2027, 7463, 8803, 8902, 8904, 9001, 9203, 9780, 9005, 9102, 9103, 9004",15
"9004",9004,"791, 8126, 9003, 6679, 1659, 8903, 8905, 3395, 9067, 9105, 9103, 9104, 9005",13
"9005",9005,"8130, 8905, 9004, 8904, 8906, 9003, 9205, 9106, 9007, 9104, 9105, 9006",12
"9006",9006,"135, 6483, 4777, 9005, 8806, 8905, 8907, 3150, 4225, 9206, 9107, 9105, 9007",13
"9007",9007,"1798, 6128, 8907, 9006, 8807, 8906, 8908, 9005, 7403, 9207, 9108, 9009, 9107, 9008",14
"9008",9008,"5534, 8908, 9007, 6764, 8808, 8907, 8909, 5142, 9208, 9109, 9010, 9107, 9108, 9009",14
"9009",9009,"9008, 8809, 8908, 8910, 9007, 9360, 9209, 9110, 9011, 9108, 9109, 9010",12
"9010",9010,"8910, 9009, 3053, 8810, 8909, 9008, 9210, 9111, 9012, 9109",10
"9011",9011,"8911, 799, 8912, 9009, 9211, 9112, 9674, 9110, 9111, 9012",10
"9012",9012,"8912, 9011, 8812, 8911, 8913, 9010, 9212, 9113, 9014, 9111, 9112, 9263",12
"9013",9013,"8913, 8912, 252, 9070, 9213, 9114, 9015, 9112, 9014",9
"9014",9014,"9013, 8814, 8913, 4840, 9012, 3226, 9016, 9113, 9114, 9015",10
"9015",9015,"6205, 8915, 9014, 8815, 8914, 8916, 9013, 9116, 9017, 9114, 9115, 9016",12
"9016",9016,"2368, 8916, 9015, 3005, 8816, 8915, 8917, 9014, 9216, 9117, 9018, 9115, 9116, 9017",14
"9017",9017,"8917, 9016, 8284, 2399, 9015, 3203, 9217, 9118, 9019, 9018",10
"9018",9018,"8918, 9017, 2488, 8917, 8919, 9016, 9218, 9119, 9020, 9117, 9019",11
"9019",9019,"8919, 9018, 6354, 8819, 8918, 8920, 9017, 9219, 9021, 9118",10
"9020",9020,"4785, 4063, 8820, 8940, 8921, 9018, 7716, 9220, 9121, 9119, 9120, 9021",12
"9021",9021,"2206, 8921, 9020, 8821, 8920, 9019, 9120, 9221, 9122, 9121, 9022",11
"9022",9022,"8922, 9021, 7653, 8822, 8923, 6255, 9222, 9024, 9121, 9122, 9023",11
"9023",9023,"8923, 9022, 8823, 8922, 8924, 9223, 9124, 9025, 9122, 9123, 9024",11
"9024",9024,"9023, 2139, 8824, 8923, 8925, 9022, 3827, 8205, 8042, 9178, 9224, 9125, 9123, 9124",14
"9025",9025,"8925, 3673, 8813, 8825, 8924, 9023, 3133, 9225, 9126, 9124, 9125, 9026",12
"9026",9026,"9025, 8826, 8925, 8927, 1749, 9797, 9226, 9028, 9125, 9126, 9027",11
"9027",9027,"3499, 9026, 960, 3612, 8791, 8827, 8926, 8928, 9227, 9128, 9029, 9126, 9127, 9028",14
"9028",9028,"8928, 9027, 880, 2273, 8828, 8927, 8929, 9026, 9228, 9129, 9030, 9127, 9128, 9029",14
"9029",9029,"9028, 8829, 8928, 4459, 9027, 9229, 9130, 9031, 9128, 9129, 9030",11
"9030",9030,"6386, 8930, 9029, 8830, 8929, 8931, 9028, 306, 9230, 9131, 9031",11
"9031",9031,"8931, 3099, 5525, 8831, 8930, 8932, 9029, 6166, 9030, 9033, 9130, 9131, 9032",13
"9032",9032,"8932, 9031, 2203, 8832, 6279, 9034, 9232, 9131, 9132, 9033",10
"9033",9033,"8933, 9032, 7443, 8932, 8934, 9031, 3405, 9808, 9233, 9035, 9132, 9133, 9034",13
"9034",9034,"9033, 8834, 9032, 7296, 9234, 9135, 9036, 9133, 9035",9
"9035",9035,"857, 8935, 9034, 4152, 694, 8934, 8936, 9033, 9235, 9136, 9037, 9134, 9135, 9036",14
"9036",9036,"8936, 9035, 7086, 8935, 8937, 9034, 1142, 9236, 9137, 9136, 9037",11
"9037",9037,"8937, 9036, 2115, 6689, 8936, 8938, 9035, 9237, 9138, 9039, 9136, 9137, 9038",13
"9038",9038,"8938, 9037, 3937, 6772, 8360, 8937, 6959, 9238, 9756, 9040, 9137, 9039",12
"9039",9039,"8939, 9038, 3303, 5391, 6335, 8839, 8938, 8940, 9037, 8103, 9041, 9139, 9903",13
"9040",9040,"8940, 216, 8840, 8939, 8941, 9038, 9240, 9141, 9042, 9922, 9041",11
"9041",9041,"5862, 8941, 9040, 8841, 8940, 1747, 9039, 9454, 9241, 9142, 9043, 9140, 9141, 9042",14
"9042",9042,"1538, 3517, 8942, 9041, 8842, 8943, 9040, 3374, 5609, 9242, 9141, 9142",12
"9043",9043,"8943, 5955, 8843, 8942, 8944, 9041, 375, 9243, 9045, 9144, 9143, 9044",12
"9044",9044,"2281, 3334, 9043, 8844, 8943, 8945, 7355, 9747, 9145, 9046, 9143, 9045",12
"9045",9045,"8648, 8945, 9044, 8845, 8944, 8946, 9043, 9245, 9146, 9047, 9144, 9145, 9046",13
"9046",9046,"1926, 8946, 9045, 2673, 8846, 8945, 8947, 9044, 9246, 9147, 9048, 9145, 9146",13
"9047",9047,"8947, 8182, 8946, 8948, 9045, 9247, 9148, 9049, 9146, 9147",10
"9048",9048,"8948, 43, 6793, 7578, 8848, 8947, 8949, 9046, 9248, 9149, 9050, 9147, 9148, 9049",14
"9049",9049,"9048, 6560, 8849, 8948, 8950, 9047, 9249, 9150, 9051, 9148, 9149, 9050",12
"9050",9050,"8950, 9049, 7030, 8949, 8951, 9048, 8097, 9250, 9149, 9150, 9051",11
"9051",9051,"8951, 9050, 4933, 8851, 8950, 8952, 9049, 242, 9251, 9152, 9053, 9150, 9052",13
"9052",9052,"3444, 8952, 9051, 1428, 7570, 8852, 8951, 8953, 845, 2902, 7333, 9252, 9153, 9619, 9152, 9053",16
"9053",9053,"8953, 9052, 4018, 4370, 8853, 4174, 8954, 9051, 2971, 6792, 9055, 9152, 9054",13
"9054",9054,"8954, 9053, 6551, 8854, 8953, 8955, 9254, 9155, 9056, 9154, 9055",11
"9055",9055,"2809, 4589, 8955, 9054, 6749, 8855, 8954, 9053, 9208, 9255, 9156, 9057, 9154, 9155, 9056",15
"9056",9056,"1795, 8956, 9055, 8856, 8955, 8957, 9054, 9256, 9157, 9058, 9155, 9156, 9057",13
"9057",9057,"8957, 9056, 8857, 8956, 8958, 9055, 8930, 9257, 9158, 9059, 9157",11
"9058",9058,"4447, 3600, 8957, 8959, 9056, 9258, 9060, 9157, 9197",9
"9059",9059,"8959, 5385, 8859, 8958, 5414, 9057, 4196, 9259, 9160, 9061, 9159, 9060",12
"9060",9060,"8960, 9059, 2024, 8196, 8860, 8959, 8961, 9058, 1537, 9574, 9260, 9161, 9062, 9160, 9061",15
"9061",9061,"8961, 9060, 6769, 8861, 8960, 2566, 9059, 9261, 9063, 9948, 9161, 9062",12
"9062",9062,"8962, 9061, 8862, 8961, 8963, 9060, 7202, 9262, 9163, 9161, 9162, 9063",12
"9063",9063,"7219, 8963, 9062, 8863, 8962, 8964, 9061, 6301, 9263, 9164, 9065, 9163, 9064",13
"9064",9064,"8964, 9063, 8864, 8963, 8965, 5986, 9264, 9066, 9164, 9065",10
"9065",9065,"8860, 9064, 3562, 8865, 8964, 8966, 9063, 3966, 9510, 9265, 9166, 9067, 9164, 9066",14
"9066",9066,"8966, 9065, 781, 8866, 6884, 1143, 9064, 9266, 9167, 9068, 9165, 9166, 9067",13
"9067",9067,"8967, 9066, 8087, 3321, 8867, 8966, 9004, 9065, 9267, 9168, 9069, 9166",12
"9068",9068,"8968, 8678, 8868, 8967, 8969, 9066, 9268, 9169, 9070, 9167, 9069",11
"9069",9069,"8830, 9068, 4791, 8869, 8968, 8970, 9067, 3669, 7271, 9269, 9168",11
"9070",9070,"4374, 8970, 5674, 8870, 7970, 8971, 9068, 9013, 9270, 9171, 9169, 9170, 9071",13
"9071",9071,"8971, 9070, 8603, 8871, 8970, 608, 9680, 9271, 9172, 9073, 9170, 9171, 9072",13
"9072",9072,"8972, 9071, 5488, 8815, 8872, 8971, 8973, 2706, 3363, 7841, 9272, 9074, 9172",13
"9073",9073,"6380, 7263, 8873, 8972, 8974, 9071, 1047, 9174, 9172, 9173",10
"9074",9074,"3408, 3661, 8874, 144, 9072, 9274, 9175, 9076, 9173, 9075",10
"9075",9075,"3250, 6526, 8975, 9074, 8875, 8974, 8976, 2338, 9275, 9176, 9077, 9174, 9175, 9076",14
"9076",9076,"8976, 9075, 8975, 8977, 9074, 9276, 9177, 9078, 9175, 9176, 9077",11
"9077",9077,"5707, 9076, 8877, 8976, 8978, 9075, 9277, 9178, 9079, 9176, 9078",11
"9078",9078,"8978, 8977, 8979, 9076, 5897, 4244, 9077, 9179, 9177, 9178",10
"9079",9079,"8979, 8879, 8978, 8980, 9077, 9279, 9180, 9081, 9178, 9179, 9080",11
"9080",9080,"8980, 9079, 8880, 8979, 8981, 4822, 9280, 9181, 9082, 9179, 9081",11
"9081",9081,"8981, 9080, 8881, 8980, 8982, 9079, 5862, 9281, 9182, 9181, 9082",11
"9082",9082,"5451, 8982, 9081, 3728, 8981, 8983, 9080, 9530, 9282, 9183, 9084, 9181, 9182, 9083",14
"9083",9083,"9082, 8883, 8982, 8984, 5110, 9467, 9283, 9184, 9085, 9182, 9183, 9084",12
"9084",9084,"8984, 9083, 5508, 8983, 8985, 9082, 9284, 9185, 9086, 9183, 9184",11
"9085",9085,"4818, 8639, 8985, 5169, 4382, 8885, 8984, 9083, 9285, 9186, 9087, 9086",12
"9086",9086,"8986, 9085, 8886, 8985, 8987, 9084, 7500, 9286, 9187, 9185, 9186, 9087",12
"9087",9087,"550, 8274, 8987, 9086, 8887, 8986, 8988, 9085, 9287, 9188, 9089, 9186, 9187, 9088",14
"9088",9088,"2153, 9087, 7088, 6418, 8987, 8989, 9288, 9189, 9090, 9187, 9188",11
"9089",9089,"4419, 8989, 1445, 8889, 8988, 8990, 9087, 9289, 9190, 9091, 9188, 9189, 9090",13
"9090",9090,"8990, 9089, 3511, 8890, 8989, 8991, 9088, 8624, 9191, 9092, 9189, 9190, 9091",13
"9091",9091,"8991, 9090, 1345, 5561, 8891, 8990, 8992, 9089, 9291, 9192, 9191, 9092",12
"9092",9092,"8992, 9091, 6730, 5596, 8991, 9090, 3637, 8672, 9193, 9094, 9191, 9093",12
"9093",9093,"9092, 2910, 8893, 8992, 8994, 8227, 9293, 9194, 9095, 9192, 9193, 9094",12
"9094",9094,"8994, 9093, 8894, 8993, 8995, 9092, 9294, 9195, 9096, 9193, 9194, 9095",12
"9095",9095,"8995, 9094, 1563, 5155, 8895, 9093, 4478, 9248, 9295, 9194, 9195, 9096",12
"9096",9096,"8996, 9095, 8311, 8995, 8997, 9094, 2287, 9296, 9197, 9195, 9196, 9097",12
"9097",9097,"8997, 9096, 8897, 8996, 8915, 9297, 9198, 9196, 9197, 9098",10
"9098",9098,"8998, 9097, 8898, 8997, 8999, 9298, 9199, 9100, 9197, 9198, 9099",11
"9099",9099,"8999, 9098, 8899, 8998, 9000, 9299, 9200, 9198, 9199, 9100",10
"9100",9100,"9000, 9099, 3191, 8900, 8999, 9098, 4515, 9300, 9200",9
"9101",9101,"9001, 8901, 9002, 9301, 9202, 9103, 9201, 9102",8
"9102",9102,"9002, 9101, 8902, 9001, 9003, 9302, 9203, 9201, 9202, 9103",10
"9103",9103,"9003, 9102, 8903, 9002, 9004, 9101, 4870, 4754, 9204, 9105, 9202, 9247, 9203",13
"9104",9104,"6919, 9004, 3030, 3983, 9005, 574, 9304, 9205, 9106, 9203, 9204, 9105",12
"9105",9105,"9005, 9104, 8035, 8905, 9004, 9006, 9103, 3522, 9305, 9206, 9107, 9204, 9205",13
"9106",9106,"3689, 8906, 9005, 9104, 5228, 9306, 9108, 9205, 9206",9
"9107",9107,"4551, 9007, 2978, 3878, 8907, 9006, 9008, 9105, 8673, 9307, 9208, 9109, 9207, 9108, 9665",15
"9108",9108,"9008, 9107, 7480, 8908, 9007, 9009, 9106, 7643, 9110, 9207, 9208",11
"9109",9109,"652, 9009, 8909, 9008, 9010, 9107, 4109, 9309, 9210, 9208, 9209, 9111",12
"9110",9110,"3750, 3488, 329, 8910, 9009, 9011, 9108, 9452, 9310, 9211, 9112, 9210, 9111",13
"9111",9111,"3840, 9011, 9109, 9110, 384, 9010, 9012, 9311, 9212, 9113, 9210, 9211, 9112",13
"9112",9112,"9012, 9111, 8912, 9011, 9013, 9110, 5959, 9312, 9213, 9211, 9212, 9113",12
"9113",9113,"7702, 4825, 9112, 1998, 5087, 6063, 7669, 7826, 8913, 9012, 9014, 9111, 9313, 9214, 9115, 9212, 9213, 9114",18
"9114",9114,"2198, 7944, 9014, 9113, 1051, 9013, 9015, 2175, 9314, 9116, 9213, 9115",12
"9115",9115,"9015, 9114, 7129, 8915, 9016, 9113, 450, 9315, 9216, 9117, 9215, 9116",12
"9116",9116,"9016, 9115, 6722, 8896, 8916, 6711, 9114, 9015, 9316, 9217, 9118, 9216, 9117",13
"9117",9117,"1302, 9116, 8917, 9016, 9018, 9115, 8389, 9317, 9216, 9217, 9118",11
"9118",9118,"9117, 331, 9017, 9019, 9116, 7163, 9219, 9120, 9218",9
"9119",9119,"8576, 8919, 9018, 9020, 1834, 9319, 9220, 9121, 9218, 9219, 9120",11
"9120",9120,"575, 2813, 6701, 9020, 9119, 526, 8434, 8920, 6763, 9021, 9118, 9320, 9221, 9122, 9219, 9220, 9121",17
"9121",9121,"4534, 9021, 9120, 9020, 9022, 9119, 7238, 7499, 9321, 9123, 9221, 9122",12
"9122",9122,"9022, 9121, 8922, 9021, 9023, 9120, 9322, 9124, 9221, 9222, 9123",11
"9123",9123,"9023, 9122, 8923, 9024, 9121, 7240, 9224, 9125, 9222, 9223, 9124",11
"9124",9124,"9024, 9123, 6749, 8924, 9023, 9025, 9122, 9324, 9225, 9126, 9223, 9224, 9125",13
"9125",9125,"9025, 9124, 8925, 9024, 9026, 9123, 9325, 9226, 9127, 9224, 9225, 9126",12
"9126",9126,"9026, 9125, 8418, 8926, 9025, 9027, 9124, 1987, 9227, 9128, 9225, 9127",12
"9127",9127,"9027, 9126, 4117, 3465, 9028, 9125, 9129, 9327, 9226, 9278, 9227, 9128",12
"9128",9128,"9028, 9127, 8928, 9027, 9029, 9126, 6912, 9328, 9130, 9227, 9228",11
"9129",9129,"9029, 1316, 8929, 9028, 1885, 9127, 9329, 9230, 9131, 9228, 9229, 9130",12
"9130",9130,"9129, 5924, 8930, 9029, 9031, 9128, 41, 6991, 9346, 9330, 9229, 9230, 9131",13
"9131",9131,"9031, 9130, 8931, 9030, 9032, 9129, 2581, 9331, 9232, 9133, 9231",11
"9132",9132,"9032, 7566, 8932, 331, 9033, 3375, 9233, 9134, 9231, 9232, 9133",11
"9133",9133,"7503, 9033, 9132, 1474, 8933, 9034, 9131, 7143, 9390, 9333, 9232, 9233, 9134",13
"9134",9134,"9133, 8934, 9035, 9132, 9334, 9235, 9136, 9233, 9234, 9135",10
"9135",9135,"9035, 9134, 7145, 7183, 8935, 9034, 3239, 4437, 9335, 9454, 9234, 9235, 9136",13
"9136",9136,"1226, 4843, 9036, 9135, 8936, 9035, 9037, 9134, 9336, 9237, 9138, 9235, 9236, 9137",14
"9137",9137,"3001, 7809, 9037, 9136, 7929, 8937, 9036, 9038, 9337, 9238, 9139, 9236, 9764, 9237, 9138",15
"9138",9138,"6069, 1163, 9137, 5762, 6634, 8653, 8938, 9037, 8820, 9136, 5644, 7891, 7816, 9338, 9237",15
"9139",9139,"9039, 8939, 9137, 4292, 9339, 9141, 9232, 9239, 9140",9
"9140",9140,"6537, 9139, 8940, 4154, 9041, 627, 9340, 9241, 9142, 9239, 9141",11
"9141",9141,"9041, 9140, 8941, 9040, 9042, 9139, 6955, 9242, 9143, 9240, 9894, 9142",12
"9142",9142,"9042, 9141, 3516, 8942, 9041, 8140, 9140, 6079, 9144, 9241, 9242, 9143",12
"9143",9143,"9043, 9142, 8943, 9044, 9141, 9343, 9244, 9145, 9242, 9243",10
"9144",9144,"7540, 9043, 9045, 9142, 9344, 9245, 9146, 9243, 9244, 9145",10
"9145",9145,"9045, 9144, 3876, 7115, 8945, 9044, 9046, 9143, 9345, 9246, 9147, 9244, 9245, 9146",14
"9146",9146,"9046, 9145, 5935, 8946, 9045, 9047, 9144, 9346, 9247, 9148, 9245, 9246, 9147",13
"9147",9147,"9047, 9146, 8947, 9046, 9048, 9145, 3362, 4845, 9443, 9248, 9149, 9247, 9148",13
"9148",9148,"9048, 9147, 8948, 9047, 9049, 9146, 9348, 9249, 9150, 9247, 9248, 9149",12
"9149",9149,"9049, 9148, 4776, 8949, 9048, 9050, 9147, 9151, 9249",9
"9150",9150,"2333, 9050, 5398, 7126, 8950, 9049, 9051, 9148, 9350, 9251, 9152, 9249, 9151",13
"9151",9151,"1388, 9150, 8951, 9149, 1645, 9351, 9252, 9153, 9251, 9152",10
"9152",9152,"9052, 9151, 8952, 9051, 9053, 9150, 3141, 3641, 9154, 9252, 9153",11
"9153",9153,"9152, 6465, 9052, 7345, 9151, 9254, 9155, 9253, 9952",9
"9154",9154,"9054, 3112, 8954, 9055, 9152, 9354, 9255, 9156, 9253, 9254, 9155",11
"9155",9155,"3768, 9055, 9154, 8955, 9054, 9056, 9153, 9355, 9256, 9157, 9255, 9156",12
"9156",9156,"4476, 9056, 9155, 8956, 9055, 3838, 9154, 9356, 9257, 9158, 9255, 9256, 9157",13
"9157",9157,"5543, 9057, 9156, 3690, 8487, 8957, 9056, 9058, 9155, 2522, 9357, 9258, 9159, 9256, 9158",15
"9158",9158,"9157, 8958, 9057, 9156, 2987, 969, 9259, 9257, 9258, 9159",10
"9159",9159,"9059, 9158, 6520, 8959, 6491, 9157, 9359, 9260, 9161, 9258, 9259, 9160",12
"9160",9160,"9060, 9159, 8960, 9059, 3084, 9261, 9162, 9259, 9260, 9161",10
"9161",9161,"9061, 9160, 8961, 9060, 9062, 9159, 6626, 6557, 9262, 9260, 9261, 9162",12
"9162",9162,"4378, 8425, 9062, 9161, 8962, 3798, 9160, 5886, 9746, 9263, 9164, 9261, 9262, 9163",14
"9163",9163,"9063, 9162, 8963, 9062, 4965, 7617, 9363, 9262, 9263, 9164",10
"9164",9164,"9064, 9163, 8177, 8964, 9063, 9065, 9162, 7435, 9364, 9265, 9263, 9264, 9165",13
"9165",9165,"5115, 9164, 4554, 8965, 1572, 9066, 8622, 9266, 9167, 9264, 9265, 9166",12
"9166",9166,"9066, 9165, 8966, 9065, 9067, 7457, 2593, 9555, 9267, 9168, 9265, 9266",12
"9167",9167,"5655, 1206, 8967, 9066, 9068, 9165, 9367, 9268, 9169, 9266, 9267",11
"9168",9168,"4041, 1242, 7160, 5508, 3126, 9067, 9069, 9166, 9368, 9269, 9170, 9267, 9268, 9169",14
"9169",9169,"9168, 2310, 8074, 8969, 9068, 9070, 9167, 3773, 9805, 9369, 9270, 9171, 9339, 9269",14
"9170",9170,"9070, 9071, 9168, 9271, 9172, 9269, 9270, 9171",8
"9171",9171,"2843, 9071, 9170, 3532, 8971, 9070, 9169, 9371, 9272, 9270, 9271, 9172",12
"9172",9172,"9072, 9171, 4944, 8972, 9071, 9073, 9170, 3575, 3519, 9372, 9273, 9174, 9272",13
"9173",9173,"9073, 1742, 8973, 9074, 9373, 9274, 9175, 9272, 9348, 9273, 9174",11
"9174",9174,"576, 9173, 8974, 9073, 9075, 9172, 9374, 9275, 9176, 9273, 9274, 9175",12
"9175",9175,"9075, 9174, 8975, 9074, 9076, 9173, 5496, 9276, 9177, 9801, 9275",11
"9176",9176,"9076, 5505, 1654, 2049, 9075, 9077, 9174, 9376, 9277, 9178, 9275, 9177",12
"9177",9177,"9176, 8977, 9076, 9078, 9175, 8428, 2333, 9901, 9377, 9179, 9276, 9178",12
"9178",9178,"8278, 9024, 9078, 9177, 1733, 9077, 9079, 9176, 1581, 9378, 9279, 9180, 9179",13
"9179",9179,"9079, 9178, 8979, 9078, 9080, 9177, 9379, 9280, 9181, 9278, 9279, 9180",12
"9180",9180,"6013, 4471, 9179, 2517, 8980, 9079, 9178, 9380, 9281, 9182, 9279, 9280",12
"9181",9181,"9081, 3875, 5649, 9080, 9082, 9179, 9381, 9282, 9183, 9280, 9281, 9182",12
"9182",9182,"1242, 9082, 9181, 79, 9081, 9083, 9180, 1622, 9283, 9184, 9281, 9282",12
"9183",9183,"8813, 9083, 5786, 7807, 8345, 9082, 9084, 9181, 8993, 9383, 9284, 9185, 9282",13
"9184",9184,"9084, 8775, 7385, 8984, 9083, 5017, 9182, 9384, 9285, 9186, 9283, 9284, 9185",13
"9185",9185,"8180, 3856, 9184, 7119, 8985, 9084, 9086, 9183, 9385, 9286, 9187, 9284, 9186",13
"9186",9186,"6812, 9086, 9185, 9085, 9087, 9184, 9386, 9287, 9188, 9285, 9286, 9187",12
"9187",9187,"9087, 9186, 8987, 9086, 9088, 9185, 2913, 9387, 9288, 9286, 9287, 9188",12
"9188",9188,"9088, 9187, 2850, 4638, 8536, 8988, 9087, 9089, 9186, 9289, 9190, 9287, 9288, 9189",14
"9189",9189,"5204, 9089, 9188, 6239, 7811, 184, 9088, 9090, 2786, 702, 9389, 9290, 9288, 9190",14
"9190",9190,"2696, 9090, 9189, 3240, 6640, 8990, 9089, 6345, 9188, 9390, 9291, 9192, 9290, 9191",14
"9191",9191,"9091, 9190, 9090, 9092, 9391, 9292, 9193, 9291, 9192",9
"9192",9192,"463, 9191, 2457, 7408, 8992, 9091, 9093, 9190, 9392, 9293, 9194, 9291, 9292, 9193",14
"9193",9193,"8209, 9093, 9192, 2691, 8993, 9092, 9094, 9191, 9394, 9393, 9195, 9292, 9293",13
"9194",9194,"5530, 4890, 9094, 252, 1440, 2690, 7820, 8994, 9093, 9095, 9192, 6004, 9295, 9293, 9195",15
"9195",9195,"9095, 9194, 571, 4710, 8995, 9094, 9096, 9193, 9395, 9296, 9197, 9294, 9295, 9196",14
"9196",9196,"3124, 9096, 9195, 8996, 8959, 9097, 1384, 1129, 9297, 9198, 9295, 9296",12
"9197",9197,"6374, 9058, 9097, 8997, 9096, 9098, 9195, 9397, 9298, 9199, 9296, 9297, 9198",13
"9198",9198,"6232, 9098, 9197, 9097, 9099, 9196, 9398, 9299, 9200, 9298, 9199",11
"9199",9199,"9099, 9198, 8999, 9098, 9197, 5541, 9399, 9300, 9298, 9299",10
"9200",9200,"9100, 9000, 9099, 9198, 9473, 9400, 9299, 9300",8
"9201",9201,"4809, 9101, 9001, 9102, 1254, 9401, 9203, 9301, 9202",9
"9202",9202,"9102, 9201, 9002, 9101, 9103, 9402, 9303, 9204, 9301, 9302",10
"9203",9203,"9103, 5028, 9003, 9102, 9104, 9201, 9492, 9403, 9304, 9205, 9302, 9303, 9204",13
"9204",9204,"9104, 9203, 2639, 7100, 9103, 9105, 9202, 9404, 9305, 9206, 9304, 9205",12
"9205",9205,"8721, 9105, 9204, 7261, 9005, 9104, 9106, 9203, 9405, 9306, 9207, 9304, 9305, 9206",14
"9206",9206,"4658, 9106, 9205, 9006, 9105, 9204, 9406, 9307, 9208, 9305, 9207",11
"9207",9207,"9107, 9007, 9108, 9205, 6047, 9206, 9407, 9308, 9209, 9307, 9208",11
"9208",9208,"9055, 9108, 9207, 1934, 4757, 763, 9008, 9107, 9109, 9206, 9408, 9309, 9210, 9307, 9308, 9209",16
"9209",9209,"6389, 9109, 9208, 9009, 5072, 5160, 9207, 3893, 9409, 9310, 9211, 9308, 9309",13
"9210",9210,"240, 9110, 9010, 9109, 9111, 9208, 1072, 9410, 9311, 9212, 9310",11
"9211",9211,"9111, 9011, 9110, 9112, 9209, 9761, 9312, 9213, 9310, 9311, 9212",11
"9212",9212,"3054, 9112, 9211, 9012, 9111, 9113, 9210, 6370, 9412, 9313, 9311, 9312, 9213",13
"9213",9213,"9113, 9212, 9013, 9112, 9114, 9211, 540, 9413, 9314, 9215, 9313, 9214, 9866",13
"9214",9214,"786, 9213, 9113, 5445, 9414, 9315, 9216, 9314, 9215",9
"9215",9215,"9115, 9214, 9213, 4847, 9576, 9415, 9316, 9217, 9314, 9315, 9216",11
"9216",9216,"9116, 9215, 9016, 9115, 9117, 9214, 9416, 9317, 9218, 9315, 9316, 9217",12
"9217",9217,"9117, 9216, 9017, 9116, 2518, 9215, 9417, 9318, 9219, 9316, 9317, 9218",12
"9218",9218,"9118, 9217, 2733, 9018, 9119, 9216, 3128, 9418, 9220, 9317, 9318, 9219",12
"9219",9219,"9119, 9218, 6110, 9019, 9118, 9120, 9217, 2026, 9419, 9221, 9318, 9413",12
"9220",9220,"73, 9120, 9020, 9119, 9218, 9325, 9439, 9222, 9319, 9320, 9221",11
"9221",9221,"2276, 9121, 9220, 9021, 9120, 9122, 9219, 9322, 9223, 9321, 9222",11
"9222",9222,"9122, 9221, 4755, 9022, 9123, 9220, 9422, 9323, 9224, 9321, 9322, 9223",12
"9223",9223,"9123, 9222, 3550, 9023, 9124, 9221, 8223, 9423, 9324, 9225, 9322, 9361",12
"9224",9224,"9124, 9024, 9123, 9125, 9222, 9424, 9325, 9226, 9323, 9324, 9225",11
"9225",9225,"9125, 9224, 9025, 9124, 9126, 9223, 972, 9425, 9326, 9227, 9325, 9226",12
"9226",9226,"9225, 9026, 9125, 9127, 9224, 9426, 9228, 9325, 9326, 9227",10
"9227",9227,"9127, 9226, 4886, 9027, 9128, 9225, 9126, 9427, 9328, 9229, 9326, 9327, 9228",13
"9228",9228,"9128, 9227, 9028, 9129, 8342, 9226, 9428, 9329, 9328, 9229",10
"9229",9229,"9129, 9228, 838, 9029, 9130, 9227, 9429, 9330, 9231, 9328, 9329, 9230",12
"9230",9230,"9130, 9229, 2205, 5715, 9030, 9129, 9901, 9430, 9331, 9232, 9329, 9231",12
"9231",9231,"739, 9131, 9230, 3789, 9132, 9229, 1200, 8878, 9331, 9232",10
"9232",9232,"9132, 9231, 9032, 9131, 9133, 9230, 9139, 9647, 9333, 9234, 9331, 9233",12
"9233",9233,"9133, 9232, 6146, 9033, 9132, 9134, 1685, 4401, 9433, 9235, 9333, 9234",12
"9234",9234,"9134, 9233, 1267, 2669, 9034, 7945, 9135, 9232, 5523, 130, 9335, 9236, 9334, 9235",14
"9235",9235,"8371, 9135, 9234, 9035, 9134, 9136, 9233, 9435, 9336, 9237, 9334, 9335, 9236",13
"9236",9236,"9136, 9235, 3682, 9036, 9137, 9234, 2011, 9436, 9337, 9335, 9237",11
"9237",9237,"5934, 9137, 9236, 6507, 9037, 9136, 9138, 9235, 8477, 9437, 9239, 9336, 9337, 9238",14
"9238",9238,"9237, 9038, 9137, 4531, 7946, 6220, 9438, 9339, 9337, 9338, 9239",11
"9239",9239,"9139, 9238, 5838, 9140, 9237, 1122, 9439, 9340, 9339, 9240",10
"9240",9240,"9239, 9040, 9141, 9440, 9341, 9242, 9339, 9340, 9241",9
"9241",9241,"9240, 9041, 9140, 9142, 7536, 9441, 9342, 9243, 9341, 9242",10
"9242",9242,"6430, 9142, 9241, 8678, 9042, 9141, 9143, 9240, 1755, 9343, 9244, 9342, 9243",13
"9243",9243,"1037, 3207, 9143, 9242, 9043, 9144, 9241, 7802, 9344, 9342, 9343, 9244",12
"9244",9244,"9144, 9243, 6394, 5601, 9143, 9145, 9242, 6591, 9444, 9345, 9344, 9245",12
"9245",9245,"9145, 9244, 3438, 4795, 9045, 9144, 9146, 5776, 5724, 9445, 9346, 9345, 9246",13
"9246",9246,"9146, 9245, 9046, 9145, 596, 9345, 9446, 9347, 9346, 9247",10
"9247",9247,"8448, 9147, 9246, 9047, 9146, 9148, 9103, 9447, 9348, 9249, 9346, 9347",12
"9248",9248,"9148, 6687, 9048, 9147, 9095, 4256, 9448, 9349, 9250, 9347, 9348",11
"9249",9249,"9149, 5604, 9049, 9148, 9150, 9247, 9350, 9251, 9348, 9250",10
"9250",9250,"9249, 9050, 7175, 9248, 7639, 9450, 9351, 9252, 9350, 9251",10
"9251",9251,"9151, 9250, 3932, 9051, 9150, 9249, 9726, 9451, 9352, 9253, 9350, 9351, 9252",13
"9252",9252,"9152, 9251, 9052, 9151, 9250, 9550, 9800, 9452, 9353, 9254, 9351, 9352, 9253",13
"9253",9253,"9153, 9252, 2443, 9154, 9251, 9453, 9354, 9352, 9353, 9254",10
"9254",9254,"9154, 9253, 4885, 9054, 9153, 952, 9252, 152, 9454, 9355, 9256, 9354, 9255",13
"9255",9255,"9155, 9254, 6514, 9055, 9154, 9156, 3946, 5419, 9455, 9356, 9354, 9256",12
"9256",9256,"9156, 9255, 8490, 9056, 9155, 9157, 9254, 9456, 9357, 9258, 9355, 9356, 9257",13
"9257",9257,"9256, 9057, 9156, 9158, 6007, 9457, 9549, 9259, 9356, 9357, 9258",11
"9258",9258,"494, 9158, 9257, 3891, 9058, 9157, 9159, 9256, 9458, 9359, 9260, 9357, 9358, 9259",14
"9259",9259,"1451, 9159, 9258, 6591, 9059, 9158, 9160, 9257, 9459, 9360, 9261, 9358, 9359, 9260",14
"9260",9260,"9160, 9259, 3641, 6860, 9060, 9159, 9161, 9258, 3938, 9361, 9262, 9359, 9261",13
"9261",9261,"6501, 9161, 9260, 9061, 9160, 9162, 9259, 9571, 9362, 9263, 9360, 9430, 9361, 9262",14
"9262",9262,"9162, 9261, 9062, 9161, 9163, 9260, 596, 9363, 9264, 9362, 9263",11
"9263",9263,"9012, 9163, 9262, 4729, 6352, 6418, 9063, 9162, 9164, 9261, 8399, 8865, 9363, 9463, 9265, 9362",16
"9264",9264,"9164, 9064, 9165, 9262, 9464, 9365, 9266, 9364",8
"9265",9265,"3391, 9165, 3259, 7544, 9065, 9164, 9166, 9263, 9465, 9366, 9267, 9364, 9365, 9266",14
"9266",9266,"9166, 9265, 2914, 6082, 9066, 9165, 9167, 9264, 9466, 9367, 9366, 9267",12
"9267",9267,"9167, 9266, 2513, 9067, 9166, 9168, 9265, 9368, 9269, 9366, 9367, 9268",12
"9268",9268,"9168, 9267, 4982, 7540, 9068, 9167, 1876, 5831, 9270, 9368, 9269",11
"9269",9269,"561, 9169, 9268, 4554, 9069, 9168, 9170, 9267, 9469, 9370, 9271, 9368, 9369, 9270",14
"9270",9270,"3498, 9170, 9269, 2409, 9070, 9169, 9171, 9268, 8167, 9470, 9371, 9369, 9370, 9271",14
"9271",9271,"6313, 6862, 9171, 9270, 9071, 9170, 9269, 9471, 9372, 9273, 9370, 9371, 9272",13
"9272",9272,"9172, 9271, 9072, 9171, 9173, 3211, 9472, 9373, 9371, 9372, 9273",11
"9273",9273,"9173, 9272, 9172, 9174, 9271, 3314, 9473, 9374, 9275, 9372, 9373",11
"9274",9274,"9174, 2406, 5470, 9074, 9173, 5163, 4220, 9474, 9375, 9373",10
"9275",9275,"8778, 9175, 2430, 9075, 9174, 9176, 9273, 2512, 9475, 9277, 9374, 9375, 9276",13
"9276",9276,"4474, 9275, 3145, 9076, 9175, 9177, 1730, 9377, 9278, 9375, 9277",11
"9277",9277,"9276, 8371, 9077, 9176, 9275, 9477, 9378, 9279, 9377, 9278",10
"9278",9278,"9127, 9277, 9179, 9276, 6325, 9478, 9379, 9377, 9378, 9279",10
"9279",9279,"9179, 9278, 9079, 9178, 9180, 9277, 9380, 9281, 9378, 9379, 9280",11
"9280",9280,"8522, 9180, 9279, 9080, 9179, 9181, 8686, 742, 1815, 9379, 9380, 9281",12
"9281",9281,"9181, 9280, 9081, 9180, 9182, 9279, 9481, 9382, 9283, 9380, 9381, 9282",12
"9282",9282,"9182, 9281, 9082, 9181, 9183, 2576, 3427, 9383, 9284, 9381, 9382, 9283",12
"9283",9283,"9282, 9083, 9182, 9184, 9281, 9285, 9483, 9382, 9383, 9284",10
"9284",9284,"9184, 9283, 9084, 9183, 9185, 9282, 3339, 9385, 9286, 9383, 9384, 9285",12
"9285",9285,"6157, 6556, 4055, 9284, 9085, 9184, 9186, 9283, 3899, 9386, 9287, 9384, 9385, 9286",14
"9286",9286,"9186, 9285, 6167, 9086, 9185, 9187, 9284, 3521, 9288, 9385, 9386, 9287",12
"9287",9287,"8134, 9187, 9286, 5668, 6837, 9087, 9186, 9188, 9285, 1646, 9457, 9487, 9388, 9386, 9387, 9288",16
"9288",9288,"9188, 9287, 2061, 5114, 9088, 9187, 9189, 9286, 330, 9488, 9290, 9387, 9289",13
"9289",9289,"9288, 9089, 9188, 4740, 9489, 9390, 9388, 9389, 9290",9
"9290",9290,"9190, 9289, 7567, 9189, 6284, 9288, 9490, 9292, 9389, 9390, 9291",11
"9291",9291,"9191, 9290, 9091, 9190, 9192, 3522, 4165, 4853, 9392, 9390, 9292",11
"9292",9292,"4888, 9192, 9291, 1756, 1759, 9191, 9193, 9290, 9492, 9711, 9391, 9392, 9293",13
"9293",9293,"9193, 9292, 1882, 9093, 9192, 9194, 2968, 9790, 9295, 9393, 9294",11
"9294",9294,"7080, 366, 9293, 9094, 9195, 9494, 9393, 9941, 9394",9
"9295",9295,"9195, 5463, 2652, 9095, 9194, 9196, 9293, 5174, 9396, 9861, 9394, 9395, 9296",13
"9296",9296,"9196, 9295, 5588, 9096, 9195, 9197, 4620, 9496, 9397, 9298, 9395, 9396, 9297",13
"9297",9297,"9197, 9296, 1584, 9097, 9196, 8049, 2431, 9497, 9299, 9396",10
"9298",9298,"9198, 856, 9098, 9197, 9199, 9296, 9498, 9399, 9300, 9397, 9398, 9299",12
"9299",9299,"1511, 4769, 9199, 9298, 4164, 9099, 9198, 9200, 9297, 9499, 9400, 9399, 9300",13
"9300",9300,"9200, 9299, 9100, 9199, 9298, 9500, 9399, 9400",8
"9301",9301,"9201, 5197, 9101, 9202, 6571, 9402, 9303, 9401, 9302",9
"9302",9302,"9202, 9301, 9102, 9203, 9502, 9403, 9401, 9402, 9303",9
"9303",9303,"1712, 9203, 9302, 1050, 9202, 835, 9301, 874, 9404, 9305, 9714, 9304",12
"9304",9304,"9204, 9303, 1139, 6867, 9104, 9203, 9205, 3844, 9504, 9405, 9306, 9403, 9305",13
"9305",9305,"9205, 9304, 9105, 9204, 9206, 9303, 381, 9505, 9406, 9307, 9404, 9405",12
"9306",9306,"5499, 9106, 9205, 9304, 9617, 9506, 9407, 9308, 9405, 9406, 9307",11
"9307",9307,"9207, 9306, 2985, 9107, 9206, 9208, 9305, 9507, 9408, 9309, 9406, 9407, 9308",13
"9308",9308,"9208, 9307, 2526, 7227, 7910, 8878, 9207, 9209, 9306, 9508, 9409, 9407, 9408, 9309",14
"9309",9309,"813, 9209, 9308, 9109, 9208, 444, 9307, 7466, 9509, 9408, 9409, 9310",12
"9310",9310,"9210, 9309, 3484, 9110, 9209, 9211, 7828, 8184, 9510, 9312, 9410, 9311",12
"9311",9311,"9211, 9310, 9111, 9210, 9212, 3606, 375, 9511, 9412, 9313, 9312",11
"9312",9312,"9212, 9311, 6862, 8108, 9112, 9211, 9310, 7263, 9512, 9411, 9412, 9313",12
"9313",9313,"9213, 9312, 8551, 9113, 9212, 9311, 9414, 9315, 9412, 9314",10
"9314",9314,"6747, 9214, 9313, 9114, 9213, 9215, 2122, 8128, 9514, 9415, 9316, 9414, 9315",13
"9315",9315,"9215, 9314, 805, 1547, 3350, 9115, 9214, 9216, 9313, 9515, 9416, 9317, 9415, 9316",14
"9316",9316,"9216, 9315, 6842, 8667, 9116, 9215, 9217, 9314, 5602, 1315, 9516, 9415, 9317",13
"9317",9317,"567, 9217, 9316, 9117, 9216, 9218, 9315, 9517, 9418, 9319, 9416, 9417, 9318",13
"9318",9318,"9218, 9317, 9217, 9219, 733, 9518, 9419, 9320, 9417, 9578, 9319",11
"9319",9319,"7089, 9318, 9119, 9220, 9317, 1129, 9420, 9321, 9419",9
"9320",9320,"8604, 9220, 3211, 7560, 9120, 9318, 9520, 9421, 9322, 9419, 9420, 9321",12
"9321",9321,"9221, 9320, 9121, 2648, 9222, 9319, 4254, 9521, 9422, 9323, 9420, 9322",12
"9322",9322,"9222, 9321, 8057, 9122, 9223, 9320, 572, 9221, 9522, 9423, 9324, 9323",12
"9323",9323,"9322, 9222, 9224, 9321, 1058, 9523, 9424, 9325, 9422, 9423",10
"9324",9324,"4891, 9224, 2138, 9124, 9223, 9322, 9425, 9326, 9423, 9325",10
"9325",9325,"9225, 9324, 1157, 9125, 9220, 9224, 9226, 9323, 4225, 9525, 9426, 9424, 9889, 9425",14
"9326",9326,"5917, 9226, 1023, 9225, 9227, 9324, 9792, 9526, 9427, 9328, 9425, 9426",12
"9327",9327,"9227, 3211, 5320, 8013, 9127, 4765, 7855, 9527, 9428, 9426, 9830, 9427, 9328",13
"9328",9328,"1737, 9228, 9327, 9128, 9227, 9229, 9326, 8776, 9528, 9429, 9427, 9428, 9329",13
"9329",9329,"9229, 9328, 9129, 9228, 9230, 9529, 9430, 9331, 9429, 9330",10
"9330",9330,"8924, 8285, 9329, 9130, 9229, 7673, 9431, 9332, 9429, 9430, 9331",11
"9331",9331,"9231, 9330, 3063, 5089, 7126, 9131, 9230, 9232, 9329, 9531, 9432, 9333, 9430, 9431, 9332",15
"9332",9332,"781, 5024, 9331, 6909, 9330, 9432, 9532, 9433, 9334, 9431, 9333",11
"9333",9333,"9233, 9332, 9133, 9232, 9331, 9533, 9434, 9335, 9432, 9433",10
"9334",9334,"9234, 9134, 9235, 9332, 9534, 9336, 9871, 9434, 9335",9
"9335",9335,"9235, 9334, 4900, 9135, 9234, 9236, 9333, 2264, 9535, 9436, 9337, 9434, 9435",13
"9336",9336,"2060, 9136, 9235, 9237, 9334, 9536, 9437, 9338, 9435, 9436, 9337",11
"9337",9337,"2030, 9237, 9336, 4875, 9137, 9236, 9238, 9335, 9537, 9438, 9339, 9436, 9437",13
"9338",9338,"4389, 9238, 5981, 9138, 9336, 3239, 2946, 9538, 9439, 9339",10
"9339",9339,"9239, 9338, 7002, 9139, 9169, 9238, 9240, 9337, 9539, 9440, 9341, 9439, 9340",13
"9340",9340,"9240, 9339, 8684, 9140, 9239, 9540, 9441, 9342, 9341",9
"9341",9341,"9241, 9340, 3338, 9240, 9339, 9541, 9442, 9343, 9440, 9441, 9342",11
"9342",9342,"9242, 9341, 1313, 8384, 9241, 9243, 9340, 9542, 9443, 9344, 9441, 9442, 9343",13
"9343",9343,"425, 7104, 9243, 9342, 9143, 9242, 9341, 9543, 9444, 9443, 9344",11
"9344",9344,"4562, 9244, 9343, 8099, 9144, 9243, 9342, 8727, 9544, 9346, 9443, 9444, 9345",13
"9345",9345,"9245, 9344, 456, 630, 9145, 9244, 9246, 9545, 9446, 9444, 9445, 9346",12
"9346",9346,"8326, 9130, 9246, 9345, 6589, 7694, 9146, 9245, 9247, 9344, 9546, 9447, 9348, 9445, 9446, 9347",16
"9347",9347,"9247, 9346, 9246, 9248, 8946, 3862, 9448, 9349, 9446, 9447, 9348",11
"9348",9348,"2940, 8134, 9248, 9347, 143, 902, 3724, 9148, 9173, 9247, 9249, 9346, 9548, 9449, 9350, 9448, 9349",17
"9349",9349,"632, 9348, 3427, 9248, 9347, 9450, 9351, 9448, 9449, 9350",10
"9350",9350,"9250, 9349, 9150, 9249, 9251, 9348, 9550, 9352, 9449, 9450, 9351",11
"9351",9351,"9251, 9350, 9151, 9250, 9252, 9349, 9551, 9452, 9353, 9450, 9451, 9352",12
"9352",9352,"8625, 9252, 9351, 9251, 9253, 4701, 9350, 9552, 9453, 9452, 9353",11
"9353",9353,"9253, 9352, 8436, 9252, 9351, 6873, 9553, 9454, 9355, 9452, 9453",11
"9354",9354,"9254, 1735, 1805, 1299, 9154, 9253, 9255, 9554, 9455, 9356, 9453",11
"9355",9355,"6723, 4963, 2170, 3109, 9155, 9254, 9256, 9353, 8364, 9555, 9456, 9357, 9454, 9455",14
"9356",9356,"384, 9256, 9156, 9255, 9257, 9354, 9556, 9457, 9358, 9455, 9456, 9357",12
"9357",9357,"6355, 9257, 9356, 9157, 9256, 9258, 9355, 2467, 786, 9557, 9359, 9456, 9457",13
"9358",9358,"9258, 9259, 9356, 7787, 9459, 9360, 9457, 9458, 9359",9
"9359",9359,"5800, 9259, 9358, 1784, 6365, 9159, 9258, 9260, 9357, 8094, 9559, 9361, 9458, 9459, 9360",15
"9360",9360,"9009, 9359, 9259, 9261, 9358, 6270, 9362, 9459, 9460, 9361",10
"9361",9361,"9261, 9360, 5598, 8676, 9223, 9260, 8114, 9359, 9561, 9462, 9363, 9460, 9461, 9368",14
"9362",9362,"9262, 260, 8772, 9261, 9263, 9360, 5285, 9562, 9463, 9461, 9462, 9363",12
"9363",9363,"9263, 9362, 9163, 9262, 5837, 9361, 9563, 9464, 9462, 9463, 9364",11
"9364",9364,"3190, 9264, 9363, 7300, 9164, 9265, 9465, 9366, 9463, 9464, 9365",11
"9365",9365,"9265, 9364, 706, 9264, 7352, 3603, 9565, 9466, 9464, 9465, 9366",11
"9366",9366,"9266, 9365, 9265, 9267, 9364, 9566, 9467, 9465, 9466, 9367",10
"9367",9367,"2254, 9267, 9366, 6808, 9167, 9266, 2187, 3646, 9567, 9468, 9369, 9466, 9467",13
"9368",9368,"9268, 9361, 4842, 9168, 9267, 9269, 368, 3712, 9568, 9469, 9467, 9468",12
"9369",9369,"9269, 9169, 9270, 9367, 9370, 9569, 9468",7
"9370",9370,"9270, 9369, 3415, 5324, 1852, 9269, 9271, 3670, 4949, 9570, 9471, 9372, 9469, 9371",14
"9371",9371,"6889, 9271, 9370, 1246, 9171, 9270, 9272, 633, 9571, 9373, 9470, 9451, 9471, 9372",14
"9372",9372,"3777, 4860, 8907, 9272, 9371, 9172, 9271, 9273, 9370, 9572, 9473, 9374, 9471, 9472, 9373",15
"9373",9373,"9273, 9372, 4704, 232, 9173, 9272, 9274, 9371, 576, 9573, 9474, 9375, 9472",13
"9374",9374,"2136, 7478, 9174, 9273, 9275, 9372, 181, 9475, 9376, 9474, 9375",11
"9375",9375,"128, 624, 9275, 9374, 5035, 7882, 9274, 9276, 9373, 7311, 9475, 9376",12
"9376",9376,"9375, 9176, 8655, 9374, 9484, 9576, 9477, 9378, 9475, 9476, 9377",11
"9377",9377,"3921, 7660, 9277, 9376, 6632, 9177, 9276, 9278, 8554, 9577, 9478, 9379, 9476, 9477, 9378",15
"9378",9378,"9278, 9377, 3042, 9178, 9277, 9279, 9376, 9578, 9479, 9380, 9478, 9379",12
"9379",9379,"9279, 9378, 9179, 9278, 9280, 9377, 3168, 9480, 9381, 9478, 9479, 9380",12
"9380",9380,"9280, 9379, 9180, 9279, 9281, 9378, 9580, 9481, 9382, 9479, 9480, 9381",12
"9381",9381,"1169, 9281, 9380, 9181, 9282, 9379, 6860, 8828, 9581, 9482, 9481, 9382",12
"9382",9382,"9282, 9381, 5520, 8094, 9281, 9283, 9380, 9582, 9483, 9384, 9481, 9482, 9383",13
"9383",9383,"9283, 9382, 9183, 9282, 9284, 9583, 9484, 9385, 9482, 9483, 9384",11
"9384",9384,"9284, 9383, 1045, 9184, 9285, 9382, 7973, 9584, 9485, 9386, 9483, 9385",12
"9385",9385,"9285, 9384, 74, 1424, 9185, 9284, 9286, 9383, 4268, 9585, 9387, 9484, 9485, 9386",14
"9386",9386,"9286, 9385, 9186, 9285, 9287, 9384, 9586, 9487, 9388, 9485, 9486, 9387",12
"9387",9387,"7123, 9287, 9386, 9187, 9288, 9385, 8575, 9587, 9488, 9486, 9487, 9388",12
"9388",9388,"3316, 9387, 2144, 3081, 9287, 9289, 9386, 1345, 9588, 9489, 9390, 9487, 9488",13
"9389",9389,"6006, 9289, 9189, 9290, 9490, 9391, 9488, 9489",8
"9390",9390,"9290, 5623, 8229, 9190, 9289, 9291, 9388, 9133, 9590, 9491, 9392, 9490, 9391",13
"9391",9391,"5683, 6573, 9390, 2947, 4949, 9191, 4310, 9292, 9389, 9591, 9492, 9393, 9490, 9392",14
"9392",9392,"9292, 9391, 5932, 9192, 9291, 9390, 3529, 9592, 9394",9
"9393",9393,"9293, 9193, 4823, 9294, 9391, 9593, 9494, 9395, 9492, 9493, 9394",11
"9394",9394,"9294, 9393, 9193, 9295, 9392, 295, 9594, 9396, 9493, 9494",10
"9395",9395,"9295, 4698, 8388, 9195, 6307, 9296, 9393, 9595, 9496, 9397, 9494, 9495, 9396",13
"9396",9396,"9296, 9395, 2010, 9295, 9297, 9394, 9596, 9497, 9398, 9495, 9496, 9397",12
"9397",9397,"9396, 591, 7587, 9197, 9296, 9298, 9395, 2827, 9597, 9498, 9399, 9497, 9398",13
"9398",9398,"9298, 9397, 1459, 9198, 3642, 9396, 9598, 9499, 9497, 9498, 9399",11
"9399",9399,"6326, 9299, 9398, 9199, 9298, 9300, 9397, 9599, 9500, 9498, 9400",11
"9400",9400,"9300, 9399, 2880, 9200, 9299, 3618, 9600, 9499, 9500",9
"9401",9401,"6840, 9301, 9201, 9302, 9601, 9502, 9403, 9501, 9402",9
"9402",9402,"9302, 9401, 9202, 9301, 766, 9602, 9503, 9404, 9501, 9403",10
"9403",9403,"9402, 7247, 9203, 9302, 9304, 9401, 9603, 9504, 9405, 9502, 9503, 9404",12
"9404",9404,"9403, 9204, 9303, 9305, 9402, 8863, 4927, 9604, 9406, 9527",10
"9405",9405,"9305, 8408, 9205, 9304, 9306, 9403, 6503, 9605, 9506, 9407, 9504, 9406, 9920",13
"9406",9406,"9306, 9405, 6329, 3121, 9206, 9305, 9307, 9404, 4923, 4177, 9408, 9505, 9506, 9407",14
"9407",9407,"4258, 9307, 9406, 5808, 3027, 9207, 9306, 9308, 9405, 9607, 9508, 9409, 9506",13
"9408",9408,"9308, 2768, 9208, 9307, 9309, 9406, 3575, 7688, 9509, 9410, 9507, 9508",12
"9409",9409,"6645, 9309, 9209, 9308, 9407, 9609, 9510, 9411, 9508, 9509, 9410",11
"9410",9410,"9310, 9409, 9210, 9408, 9610, 9511, 9412, 9509, 9510, 9411",10
"9411",9411,"2735, 9410, 4372, 6469, 9312, 9409, 8151, 9611, 9512, 9413, 9511, 9412",12
"9412",9412,"9312, 9411, 9212, 9311, 9313, 9410, 8529, 9612, 9513, 9414, 9512, 9413",12
"9413",9413,"9219, 9412, 9213, 9411, 5291, 5172, 9613, 9512, 9513",9
"9414",9414,"6715, 9314, 9214, 9313, 174, 9412, 3082, 9614, 9515, 9416, 9514, 9415",12
"9415",9415,"9315, 9414, 1357, 9215, 9314, 9316, 9615, 9516, 9417, 9514, 9515, 9416",12
"9416",9416,"9415, 9216, 9315, 9317, 9414, 4977, 9616, 9517, 9515, 9516, 9417",11
"9417",9417,"9317, 9416, 9217, 9318, 9415, 9617, 9518, 9419, 9516, 9517, 9418",11
"9418",9418,"8980, 9417, 5362, 5596, 9218, 9317, 2652, 9618, 9519, 9420, 9517, 9518",12
"9419",9419,"9319, 9219, 9318, 9320, 9417, 4531, 9619, 9421, 9518, 9519",10
"9420",9420,"9320, 7848, 9319, 9321, 9418, 6049, 9620, 9521, 9422, 9519, 9421",11
"9421",9421,"9420, 8494, 9320, 9419, 2117, 9531, 9522, 9423, 9520, 9521, 9422",11
"9422",9422,"7177, 9421, 9222, 9321, 9323, 9420, 9622, 9523, 9424, 9521, 9522, 9423",12
"9423",9423,"9323, 9422, 2329, 3592, 9223, 9322, 9324, 9421, 9623, 9524, 9425, 9523, 9424",13
"9424",9424,"5001, 5384, 9423, 4529, 9224, 9323, 9325, 9422, 9624, 9525, 9426, 9523, 9524, 9425",14
"9425",9425,"3711, 9325, 9424, 7072, 9225, 9326, 9423, 2033, 9324, 9625, 9526, 9524, 9525, 9426",14
"9426",9426,"9326, 9425, 9226, 9325, 9327, 9424, 9526, 9626, 9527, 9428, 9525, 9427",12
"9427",9427,"9327, 9426, 9227, 9326, 9328, 9627, 9528, 9429, 9527",9
"9428",9428,"9328, 9228, 9327, 4889, 9426, 9628, 9529, 9430, 9528, 9429",10
"9429",9429,"9329, 9428, 621, 594, 8343, 9229, 9328, 9330, 9427, 9629, 9530, 9528, 9529, 9430",14
"9430",9430,"9330, 9429, 5647, 6473, 9230, 9329, 9331, 9428, 9261, 9630, 9531, 9432, 9529, 9530",14
"9431",9431,"9331, 9330, 9332, 4449, 6434, 9631, 9433, 9530, 9531, 9842",10
"9432",9432,"324, 9332, 1939, 9331, 9333, 9430, 9632, 9533, 9434, 9531, 9532, 9433",12
"9433",9433,"9333, 9432, 2283, 9233, 9332, 9431, 9633, 9534, 9435, 9532, 9533, 9434",12
"9434",9434,"9334, 9433, 3156, 9333, 9335, 9432, 9634, 9535, 9436, 9533, 9534, 9435",12
"9435",9435,"9335, 9434, 9235, 2330, 9336, 9433, 2240, 9635, 9536, 9437, 9534",11
"9436",9436,"9336, 2925, 2712, 9236, 9335, 9337, 9434, 9636, 9537, 9438, 9535, 9536, 9755",13
"9437",9437,"9337, 9237, 9336, 9435, 1032, 9538, 9439, 9536, 9537, 9438",10
"9438",9438,"7350, 9437, 9238, 9337, 9436, 9638, 9539, 9440, 9537, 9538, 9439",11
"9439",9439,"9339, 9438, 9239, 9338, 9220, 9437, 9639, 9540, 9441, 9538, 9539, 9440",12
"9440",9440,"3447, 9439, 9240, 9339, 9341, 9438, 9640, 9541, 9442, 9539, 9540, 9441",12
"9441",9441,"1710, 9341, 9440, 4702, 8075, 9241, 9340, 9342, 9439, 9641, 9443, 9540, 9541, 9442",14
"9442",9442,"9342, 9441, 4808, 9341, 6835, 9440, 9642, 9444, 9541, 9542, 9443",11
"9443",9443,"9343, 9442, 9147, 9342, 9344, 9441, 9643, 9544, 9445, 9542, 9543, 9444",12
"9444",9444,"9344, 9443, 2686, 6880, 9244, 9343, 9345, 9442, 9445, 9545, 9446, 9543",12
"9445",9445,"5329, 9345, 9444, 9245, 9346, 9443, 8783, 9645, 9546, 9447, 9544, 9545",12
"9446",9446,"3068, 9346, 9246, 9345, 9347, 9444, 1317, 3427, 9646, 9547, 9546, 9447",12
"9447",9447,"9347, 9446, 9247, 9346, 6007, 9445, 4450, 9647, 9449, 9546, 9547",11
"9448",9448,"9348, 8779, 8615, 9248, 9347, 9349, 2028, 9449, 9648, 9549, 9450, 9547",12
"9449",9449,"9349, 9448, 3442, 4542, 2502, 9348, 9350, 9447, 2367, 9649, 9772, 9451, 9548, 9892, 9549",15
"9450",9450,"9350, 4441, 9250, 9349, 9351, 9448, 9650, 9452, 9549, 9550, 9451",11
"9451",9451,"9351, 9450, 9251, 9371, 745, 9449, 8260, 3956, 9453, 9550, 9551",11
"9452",9452,"3093, 8879, 9352, 4927, 9252, 9351, 9353, 9450, 9110, 3917, 2734, 9652, 9552",13
"9453",9453,"9353, 9253, 9352, 9354, 9451, 2292, 9553, 9653, 9554, 9454",10
"9454",9454,"9453, 9135, 3054, 9254, 9353, 9355, 9041, 9654, 9555, 9553, 9554",11
"9455",9455,"9355, 254, 6795, 9255, 9354, 9356, 7421, 9655, 9556, 9457, 9554, 9555, 9456",13
"9456",9456,"9356, 9455, 2209, 5165, 9256, 9355, 9357, 6405, 9656, 9458, 9555, 9556, 9457",13
"9457",9457,"9357, 9456, 2850, 9257, 9356, 9358, 9455, 9287, 9657, 9558, 9556, 9557, 9458",13
"9458",9458,"9358, 9457, 9258, 9359, 9456, 4915, 9559, 9460, 9557, 9558, 9845",11
"9459",9459,"9359, 9259, 9358, 9360, 9560, 9461, 9558, 9559, 9460",9
"9460",9460,"9360, 9459, 9361, 9458, 9660, 9561, 9462, 9559, 9560, 9461",10
"9461",9461,"9361, 9460, 4643, 9362, 9459, 9661, 9562, 9463, 9560, 9561, 9462",11
"9462",9462,"9362, 9461, 7613, 7926, 7955, 9361, 9363, 9460, 1135, 9662, 9563, 9464, 9463",13
"9463",9463,"9363, 9462, 6115, 9263, 9362, 9364, 9461, 7347, 9663, 9465, 9562, 9563",12
"9464",9464,"9364, 2849, 3593, 7451, 9264, 9363, 9365, 9462, 9664, 9565, 9466, 9563, 9564",13
"9465",9465,"9365, 2263, 6693, 9265, 9364, 9366, 9463, 9566, 9467, 9564, 9565, 9466",12
"9466",9466,"9366, 9465, 6908, 9266, 9365, 9367, 9464, 9666, 9567, 9468, 9565, 9566, 9467",13
"9467",9467,"9367, 9466, 9083, 9366, 9368, 9465, 9667, 9568, 9469, 9566, 9567, 9468",12
"9468",9468,"2011, 9368, 9467, 1830, 4401, 8804, 1819, 9367, 9369, 9466, 9668, 9569, 9470, 9567",14
"9469",9469,"9269, 9368, 9370, 9467, 4638, 9570, 9471, 9568, 9569, 9470",10
"9470",9470,"5028, 9469, 6113, 9270, 6159, 9371, 9468, 9670, 9571, 9472, 9471",11
"9471",9471,"9371, 9470, 9271, 9370, 9372, 9469, 9671, 9473, 9570, 9571, 9472",11
"9472",9472,"2570, 4442, 9372, 9471, 550, 9272, 3574, 9373, 9470, 9672, 9573, 9474, 9571, 9572, 9473",15
"9473",9473,"9472, 9273, 9372, 6470, 9471, 9200, 9574, 9475, 9573, 9474",10
"9474",9474,"9374, 9473, 4387, 7282, 9274, 9373, 6806, 9472, 9674, 9575, 9476, 9573, 9574, 9475",14
"9475",9475,"9375, 9474, 1346, 9275, 9374, 9376, 9473, 9675, 9477, 9574, 9575, 9476",12
"9476",9476,"9376, 9475, 4794, 9377, 9474, 9485, 9676, 9577, 9575, 9576",10
"9477",9477,"867, 3003, 9377, 7731, 9277, 9376, 7202, 9475, 9677, 9578, 9576, 9577, 9478",13
"9478",9478,"9378, 9477, 9278, 9377, 9379, 7245, 9678, 9579, 9480, 9577, 9578, 9479",12
"9479",9479,"9379, 9478, 6, 9378, 9380, 4783, 8594, 9679, 9580, 9481, 9578, 9480",12
"9480",9480,"9380, 9479, 9379, 9478, 9482, 9579, 9580, 9481",8
"9481",9481,"9381, 9480, 9281, 9380, 9382, 9479, 9483, 9681, 9581, 9482",10
"9482",9482,"9382, 9481, 4148, 9381, 9383, 9480, 9682, 9583, 9710, 9483",10
"9483",9483,"9383, 9482, 9283, 9382, 9384, 9481, 9683, 9866, 9485, 9582, 9583, 9484",12
"9484",9484,"1128, 9483, 9383, 9385, 2819, 9376, 9684, 9585, 9486, 9584, 9485",11
"9485",9485,"9385, 9484, 3473, 9384, 9386, 9483, 9476, 9586, 9487, 9584, 9585, 9486",12
"9486",9486,"450, 2326, 5780, 9386, 9485, 2868, 8784, 9387, 9484, 9686, 9587, 9488, 9586, 9487",14
"9487",9487,"5345, 7526, 9387, 9486, 1109, 9287, 9386, 9388, 9485, 9687, 9588, 9489, 9586, 9587, 9488",15
"9488",9488,"9388, 9487, 215, 2671, 2825, 9288, 9387, 9389, 9486, 9688, 9589, 9490, 9587, 9588, 9489",15
"9489",9489,"9389, 9488, 4339, 9289, 9388, 9487, 9689, 9590, 9491, 9588, 9589, 9490",12
"9490",9490,"5547, 9390, 9489, 2149, 2843, 9290, 9389, 9391, 9488, 9690, 9591, 9589",12
"9491",9491,"5503, 9390, 5578, 9489, 6493, 9691, 9592, 9493, 9591",9
"9492",9492,"4637, 6326, 6104, 9292, 9391, 9393, 5431, 9203, 9692, 9593",10
"9493",9493,"9393, 980, 3330, 3490, 7892, 6297, 9394, 9491, 9693, 9594, 9592, 9593, 9494",13
"9494",9494,"9394, 9493, 3800, 6780, 9294, 9393, 9395, 9694, 9595, 9496, 9593, 9495",12
"9495",9495,"9395, 9494, 676, 6336, 9396, 4230, 9695, 9596, 9497, 9594, 9595",11
"9496",9496,"9396, 1103, 9296, 9395, 9494, 9696, 9597, 9498, 9595, 9596, 9497",11
"9497",9497,"9397, 9496, 9297, 9396, 9398, 9495, 9851, 9598, 9499, 9596, 9597, 9498",12
"9498",9498,"9398, 9497, 5689, 9298, 9397, 9399, 9496, 9698, 9599, 9500, 9597, 9499",12
"9499",9499,"7813, 9498, 4142, 9299, 9398, 9400, 9497, 9699, 9600, 9598, 9500",11
"9500",9500,"4102, 9400, 9499, 562, 9300, 9399, 9498, 9700",8
"9501",9501,"9401, 1516, 2749, 9402, 2675, 9701, 9602, 9503",8
"9502",9502,"9302, 9401, 9403, 4562, 9702, 9603, 9504, 9514, 9503",9
"9503",9503,"9403, 9502, 4272, 3940, 9402, 9501, 1572, 9604, 9602, 9603, 9504",11
"9504",9504,"9503, 9304, 9403, 9405, 9502, 9605, 9506, 9603, 9604, 9505",10
"9505",9505,"9504, 7166, 6874, 9305, 9406, 6828, 9705, 9606, 9507, 9605, 9506",11
"9506",9506,"9406, 9505, 8288, 9306, 9405, 9407, 9504, 9706, 9607, 9508, 9605, 9606, 9507",13
"9507",9507,"4638, 9506, 7468, 9307, 9408, 9505, 172, 1062, 9707, 9606, 9508",11
"9508",9508,"9408, 9507, 9308, 9407, 9409, 9506, 9708, 9609, 9510, 9607, 9608, 9509",12
"9509",9509,"6413, 9409, 9508, 1608, 4921, 5548, 9309, 9408, 9410, 2266, 926, 9709, 9610, 9510",14
"9510",9510,"3512, 3993, 9410, 9509, 1897, 5998, 9310, 9409, 9508, 9065, 2478, 9611, 9609, 9610, 9511",15
"9511",9511,"9411, 9510, 3623, 9311, 9410, 9711, 9513, 9611",8
"9512",9512,"6474, 9412, 46, 6332, 9312, 9411, 9413, 40, 9514, 9611, 9612, 9513",12
"9513",9513,"9413, 9512, 5469, 9412, 9511, 9713, 9614, 9515, 9612, 9613, 9514",11
"9514",9514,"9414, 9513, 9314, 9502, 9415, 9512, 7289, 9714, 9615, 9613, 9614, 9515",12
"9515",9515,"5950, 9415, 9514, 5822, 9315, 9414, 9416, 9513, 9614, 9715, 9616, 9615, 9516",13
"9516",9516,"9416, 9515, 9316, 9415, 9417, 9716, 9617, 9518, 9615, 9517",10
"9517",9517,"9417, 9516, 9317, 9416, 9418, 9717, 9618, 9519, 9616, 9597, 9617, 9518",12
"9518",9518,"9418, 9517, 9318, 9417, 9419, 9516, 9718, 9520, 9617, 9618, 9519",11
"9519",9519,"4963, 9419, 9518, 4108, 9418, 9420, 9517, 7495, 9620, 9618, 9619, 9520",12
"9520",9520,"9519, 2678, 4430, 9320, 9421, 9518, 3442, 9621, 9522, 9619, 9620, 9521",12
"9521",9521,"9421, 9520, 9321, 9420, 9422, 5285, 7888, 9622, 9523, 9620, 9621",11
"9522",9522,"9422, 6702, 9322, 9421, 2847, 9520, 9722, 9623, 9524, 9621, 9622, 9523",12
"9523",9523,"9423, 9522, 6710, 9323, 9422, 9424, 9521, 7271, 9723, 9624, 9622",11
"9524",9524,"9424, 3313, 9423, 9425, 9522, 8121, 1444, 9967, 9625, 9526, 9624",11
"9525",9525,"86, 9425, 6422, 9325, 9424, 9426, 9725, 9626, 9527, 9624, 9648, 9526",12
"9526",9526,"9426, 9525, 9326, 9425, 2383, 9524, 9726, 9627, 9528, 9625, 9626, 9527",12
"9527",9527,"9404, 9427, 9526, 4580, 9327, 9426, 5457, 9525, 9727, 9628, 9529, 9626, 9627, 9528",14
"9528",9528,"239, 8866, 9428, 9527, 479, 4285, 9328, 9427, 9429, 9526, 9728, 9629, 9530, 9627, 9628, 9529",16
"9529",9529,"9429, 9528, 360, 1733, 9329, 9428, 9430, 9527, 4538, 9729, 9630, 9531, 9629, 9530",14
"9530",9530,"8128, 9430, 9529, 921, 1942, 9429, 9431, 9528, 9082, 9730, 9921, 9629, 9630, 9531",14
"9531",9531,"9431, 9530, 4237, 9421, 9331, 9430, 9432, 9529, 9731, 9632, 9631, 9532",12
"9532",9532,"9432, 9531, 9332, 9433, 9732, 9633, 9534, 9631, 9632, 9533",10
"9533",9533,"5978, 9433, 9532, 8195, 9333, 9432, 9434, 6435, 9873, 9634, 9535, 9632, 9633, 9534",14
"9534",9534,"9434, 9533, 9334, 9433, 9435, 9532, 9734, 9536, 9634, 9535",10
"9535",9535,"9534, 9335, 9434, 9436, 9533, 4773, 2238, 9636, 9537, 9634, 9635",11
"9536",9536,"2684, 9436, 6956, 9336, 9435, 9437, 9534, 1433, 9736, 9538, 9635, 9636, 9537",13
"9537",9537,"9437, 9536, 9337, 9436, 9438, 9535, 9737, 9539, 9636, 9637, 9538",11
"9538",9538,"9438, 9537, 7358, 9338, 9437, 9439, 9536, 9738, 9540, 9637, 9638, 9539",12
"9539",9539,"9439, 9538, 7436, 9339, 9438, 9440, 9537, 9739, 9640, 9541, 9638, 9540",12
"9540",9540,"9440, 9539, 3203, 8140, 9340, 9439, 9441, 9538, 9740, 9641, 9542, 9640, 9541",13
"9541",9541,"9441, 9540, 5220, 8797, 9341, 9440, 9442, 9539, 9741, 9642, 9640, 9641, 9542",13
"9542",9542,"9442, 9541, 5308, 9342, 3234, 9443, 9540, 4520, 9742, 9643, 9641, 9543",12
"9543",9543,"9443, 9542, 9343, 2012, 9444, 4500, 9743, 9644, 9545, 9642, 9643, 9544",12
"9544",9544,"9543, 9344, 9443, 9445, 335, 9744, 9645, 9643, 9644, 9545",10
"9545",9545,"1463, 9445, 9544, 5968, 9345, 9444, 9543, 9745, 9644, 9645, 9546",11
"9546",9546,"9446, 9545, 9346, 9445, 9447, 9746, 9647, 9548, 9645, 9547",10
"9547",9547,"4081, 9447, 9546, 9446, 9448, 7978, 4767, 9747, 9549, 9647, 9548",11
"9548",9548,"9547, 9348, 9449, 9546, 9748, 9649, 9550, 9647, 9648, 9549",10
"9549",9549,"2844, 9449, 9548, 5171, 5940, 7485, 9257, 7244, 9448, 9450, 9547, 9650, 9551, 9648, 9550",15
"9550",9550,"9450, 9549, 107, 5655, 9252, 9350, 9451, 9548, 9750, 9552, 9649, 9650, 9701",13
"9551",9551,"9451, 4669, 9351, 7024, 9549, 9751, 9652, 9553, 9650, 9552",10
"9552",9552,"9452, 9551, 9352, 9550, 9752, 9653, 9554, 9651, 9652, 9553",10
"9553",9553,"9453, 9552, 9353, 9454, 9551, 3996, 9753, 9654, 9652, 9653",10
"9554",9554,"9454, 4700, 1899, 3943, 8664, 9354, 9453, 9455, 9552, 9655, 9556, 9555",12
"9555",9555,"9455, 9554, 9355, 9454, 9456, 9166, 9755, 9656, 9557, 9654, 9655",11
"9556",9556,"9456, 1465, 9356, 9455, 9457, 9554, 5813, 9657, 9558, 9655, 9656",11
"9557",9557,"825, 9457, 9357, 8546, 9458, 9555, 9757, 9658, 9559, 9656, 9657, 9558, 9659",13
"9558",9558,"3169, 9458, 9557, 5420, 6752, 9457, 9459, 9556, 9737, 9758, 9659, 9560, 9657, 9658, 9559",15
"9559",9559,"9459, 9558, 646, 9359, 9458, 9460, 9557, 9759, 9561, 9659, 9560",11
"9560",9560,"9460, 9559, 9459, 9461, 9558, 9760, 9661, 9659, 9660",9
"9561",9561,"9461, 381, 9361, 9460, 9559, 9795, 9662, 9563, 9660, 9661, 9562",11
"9562",9562,"1113, 9561, 3395, 9362, 9461, 9463, 2348, 9762, 9663, 9564, 9661, 9662, 9563",13
"9563",9563,"9463, 9562, 1855, 9363, 9462, 9464, 9561, 9664, 9565, 9662, 9663, 9564",12
"9564",9564,"9464, 9563, 626, 2624, 8355, 9465, 9562, 9764, 9665, 9566, 9663, 9664, 9565",13
"9565",9565,"8468, 9465, 9564, 9365, 9464, 9466, 9563, 2173, 9765, 9666, 9567, 9664, 9665",13
"9566",9566,"9466, 9366, 9465, 9467, 9564, 6027, 9766, 9667, 9568, 9665, 9666",11
"9567",9567,"9467, 1396, 8390, 9367, 9466, 9468, 9565, 9767, 9569, 9666, 9650, 9667, 9568",13
"9568",9568,"2004, 6151, 9567, 9368, 9467, 9469, 9566, 3000, 9768, 9669, 9570, 9667, 9668",13
"9569",9569,"8989, 9469, 9369, 9468, 2907, 9567, 9769, 9670, 9571, 9668, 9669",11
"9570",9570,"8060, 8605, 4992, 9370, 9469, 9471, 9568, 7461, 9770, 9671, 9572, 9670, 9571",13
"9571",9571,"5474, 9471, 9570, 6963, 9261, 9371, 9470, 9472, 9569, 9771, 9672, 9573, 9670, 9671, 9572",15
"9572",9572,"9472, 9571, 619, 9372, 5905, 8628, 9570, 1487, 8365, 9673, 9574, 9671, 9672",13
"9573",9573,"5629, 9473, 1715, 3239, 9373, 9472, 9474, 9571, 9773, 9674, 9575, 9672, 9673, 9574",14
"9574",9574,"4849, 9474, 9573, 9473, 9475, 9572, 9060, 9774, 9675, 9673, 9674, 9575",12
"9575",9575,"9475, 9574, 6043, 1930, 9474, 9476, 9573, 9775, 9676, 9577, 9674, 9675",12
"9576",9576,"9476, 6766, 9215, 9376, 6598, 9477, 9776, 9677, 9675, 9676, 9577",11
"9577",9577,"2464, 9477, 9576, 9377, 9476, 9478, 9575, 9777, 9678, 9579, 9676, 9677, 9578",13
"9578",9578,"9318, 9478, 9577, 9378, 9477, 9479, 6023, 7910, 9679, 9677, 9678, 9579",12
"9579",9579,"9578, 797, 4248, 8407, 9478, 9480, 9577, 9680, 9581, 9678, 9580",11
"9580",9580,"9480, 9579, 9380, 9479, 260, 3762, 9780, 9681, 9582, 9679, 9680, 9581",12
"9581",9581,"9481, 9580, 9381, 4548, 8620, 9579, 3219, 1376, 9781, 9682, 9681, 9582",12
"9582",9582,"5945, 9581, 787, 9382, 9483, 9580, 4690, 9683, 9584, 9681, 9682, 9583",12
"9583",9583,"9483, 9582, 9383, 9482, 2070, 9783, 9684, 9682, 9683",9
"9584",9584,"1893, 9484, 8560, 9384, 9485, 9582, 7955, 9784, 9685, 9586, 9683, 9585, 9897",13
"9585",9585,"4309, 9485, 9584, 3387, 9385, 9484, 2076, 9785, 9686, 9587, 9684, 9586",12
"9586",9586,"9486, 9585, 835, 9386, 9485, 9487, 9584, 5361, 9786, 9687, 9588, 9685, 9587",13
"9587",9587,"9487, 9586, 6656, 9387, 9486, 9488, 9585, 9787, 9688, 9589, 9686, 9588",12
"9588",9588,"9488, 9587, 9388, 9487, 9489, 9586, 9788, 9689, 9590, 9687, 9688",11
"9589",9589,"9489, 3683, 3058, 5184, 9488, 9490, 9587, 9789, 9591, 9689, 9590",11
"9590",9590,"9589, 5260, 9390, 9489, 5225, 9588, 9790, 9592, 9689, 9690, 9591",11
"9591",9591,"9491, 9590, 9391, 9490, 9589, 9791, 9692, 9593, 9691",9
"9592",9592,"7335, 885, 7032, 9392, 9491, 9493, 9590, 7233, 9792, 9693, 9594, 9691, 9692",13
"9593",9593,"7710, 9493, 1120, 5361, 9393, 9492, 9494, 9591, 5874, 9694, 9595, 9693, 9594",13
"9594",9594,"9593, 9394, 9493, 9495, 9592, 9794, 9695, 9693, 9694, 9595",10
"9595",9595,"9495, 9594, 5917, 9395, 9494, 9496, 9593, 6824, 9795, 9772, 9694",11
"9596",9596,"3952, 9496, 3408, 9396, 9495, 9497, 5785, 5528, 9796, 9598, 9695, 9696",12
"9597",9597,"9497, 9517, 1603, 6051, 7616, 9397, 9496, 9498, 3490, 9797, 9698, 9599, 9696, 9598",14
"9598",9598,"3268, 7710, 9597, 9398, 9497, 9499, 9596, 5544, 9798, 9600, 9599",11
"9599",9599,"1834, 9598, 9399, 9498, 8708, 9597, 9799, 9700, 9699, 9600",10
"9600",9600,"6722, 7710, 4169, 9599, 4109, 9400, 9499, 9598, 9800, 9699, 9700",11
"9601",9601,"2678, 9401, 8983, 9801, 9702, 9701, 9602",7
"9602",9602,"9601, 7342, 9402, 9501, 9503, 9802, 9604, 9701, 9702, 9603",10
"9603",9603,"9503, 9602, 9403, 9502, 9504, 6266, 9803, 9704, 9605, 9702, 9703, 9604",12
"9604",9604,"9504, 9603, 7610, 9404, 9503, 9602, 9804, 9705, 9606, 9703, 9704, 9605",12
"9605",9605,"9505, 9604, 9405, 9504, 9506, 9603, 4848, 9805, 9706, 9607, 9704, 9606",12
"9606",9606,"2555, 8377, 9506, 9605, 9505, 9507, 9604, 9608, 9706, 9607",10
"9607",9607,"9606, 6659, 9407, 9506, 9508, 9605, 9807, 9708, 9609, 9706, 9707, 9608",12
"9608",9608,"9508, 9607, 5851, 8445, 9606, 9808, 9709, 9610, 9707, 9820, 9708, 9609",12
"9609",9609,"9608, 9409, 9508, 9510, 9607, 5855, 9798, 9611, 9708, 9610",10
"9610",9610,"8993, 9510, 9609, 9410, 9509, 2030, 9608, 9810, 9711, 9612, 9709, 9710, 9611",13
"9611",9611,"9511, 9610, 9411, 9510, 9512, 9609, 5702, 9811, 9712, 9613, 9711, 9612",12
"9612",9612,"9512, 9611, 9412, 1120, 9513, 9610, 9614, 9711, 9712, 9613",10
"9613",9613,"9513, 9612, 6155, 9413, 3432, 9514, 9611, 9813, 9714, 9615, 9712, 9713",12
"9614",9614,"9514, 4523, 7381, 9414, 9513, 9515, 9612, 7540, 8441, 9814, 9713, 9714",12
"9615",9615,"9515, 8576, 9415, 9514, 9516, 9613, 9815, 9716, 9617, 9714, 9616",11
"9616",9616,"935, 9615, 9416, 9515, 9517, 8457, 9816, 9717, 9716",9
"9617",9617,"9306, 9517, 6374, 7570, 9417, 9516, 9518, 9615, 9764, 9817, 9718, 9619, 9716, 9717, 9618",15
"9618",9618,"2569, 9518, 9617, 9418, 9517, 9519, 2243, 9818, 9620, 9717, 9668, 9718, 9619",13
"9619",9619,"1213, 9519, 9618, 9052, 578, 9419, 117, 9520, 9617, 4419, 9819, 9720, 9620",13
"9620",9620,"8119, 9520, 9619, 6135, 8065, 9420, 9519, 9521, 9618, 9820, 9721, 9622, 9719, 9720",14
"9621",9621,"9521, 6194, 9520, 9522, 9893, 9821, 9623, 9720, 9721, 9622",10
"9622",9622,"9522, 9621, 8825, 9422, 9521, 9523, 9620, 9721, 9822, 9722, 9623",11
"9623",9623,"9622, 3552, 8502, 9423, 9522, 5645, 9621, 9823, 9724, 9625, 9722, 9723, 9624",13
"9624",9624,"9524, 9623, 4111, 6770, 9424, 9523, 9525, 9824, 9626, 9723, 9724, 9625",12
"9625",9625,"9624, 9425, 9524, 9526, 9623, 2242, 9825, 9726, 9724, 9725, 9626",11
"9626",9626,"9526, 9625, 5791, 9426, 9525, 9527, 9624, 9628, 9826, 9725",10
"9627",9627,"3320, 9527, 5379, 611, 9427, 9526, 9528, 195, 9827, 9728, 9629, 9726",12
"9628",9628,"9528, 9428, 9527, 9626, 9828, 9729, 9630, 9727, 9728, 9629",10
"9629",9629,"9529, 9628, 9429, 9528, 9530, 9627, 3973, 6851, 9829, 9631, 9728, 9729",12
"9630",9630,"8981, 9530, 9430, 9529, 5419, 9628, 1985, 9731, 9632, 9730, 9631",11
"9631",9631,"3151, 9531, 9630, 2113, 9431, 9532, 9629, 9831, 9732, 9633, 9730, 9731, 9632",13
"9632",9632,"9532, 9631, 9432, 9531, 9533, 9630, 2245, 9832, 9634, 9731, 9732, 9633",12
"9633",9633,"2446, 9533, 9632, 9433, 9532, 102, 9631, 7065, 9833, 9734, 9635, 9732, 9733",13
"9634",9634,"9534, 9434, 9533, 9535, 9632, 684, 9834, 9735, 9733, 9635",10
"9635",9635,"9535, 9634, 2233, 9435, 627, 9536, 9633, 9835, 9736, 9637, 9734, 9735, 9636",13
"9636",9636,"8442, 9536, 9635, 5295, 8040, 9436, 9535, 9537, 8356, 9638, 9836",11
"9637",9637,"3717, 9537, 6555, 9538, 9635, 410, 3948, 9837, 9639, 9736, 9737",11
"9638",9638,"9538, 9438, 8195, 9539, 9636, 9838, 9739, 9640, 9737, 9738",10
"9639",9639,"304, 1200, 2390, 9439, 5537, 5496, 9637, 3782, 9839, 9740, 9641, 9738, 9739",13
"9640",9640,"9540, 9440, 9539, 9541, 9638, 4089, 9642, 9739, 9641",9
"9641",9641,"9541, 9640, 9441, 9540, 9542, 9639, 9841, 9742, 9643, 9740, 9741, 9642",12
"9642",9642,"1348, 9641, 4734, 9442, 9541, 9543, 9640, 136, 4747, 9743, 9741, 9742, 9643",13
"9643",9643,"4031, 9543, 9642, 5828, 5893, 156, 9443, 9542, 9544, 9641, 4823, 5085, 9843, 9744, 9743, 9644",16
"9644",9644,"9544, 9643, 8198, 9543, 9545, 9844, 9745, 9646, 9743, 9744, 9645",11
"9645",9645,"9545, 9644, 2925, 8083, 9445, 9544, 9546, 9746, 9647, 9744, 9745, 9646",12
"9646",9646,"5603, 9645, 6887, 9446, 2714, 9644, 4552, 3718, 9647, 9648",10
"9647",9647,"9547, 9646, 4958, 9232, 9447, 9546, 9548, 9645, 9650, 9748, 9649, 9746, 9747, 9648",14
"9648",9648,"9525, 9548, 9647, 324, 2093, 5582, 9448, 9549, 9646, 4561, 8166, 9749, 9747, 9962, 9748, 9649",16
"9649",9649,"4497, 9648, 9449, 9548, 9550, 9647, 116, 9651, 9748, 9749, 9650",11
"9650",9650,"3505, 9550, 9649, 8259, 9567, 2138, 6815, 9450, 9549, 9551, 9647, 9850, 9652, 9749",14
"9651",9651,"952, 1309, 1815, 3503, 7136, 1116, 9552, 9649, 9851, 9752, 9653, 9750",12
"9652",9652,"9552, 4337, 42, 9452, 9551, 9553, 9650, 9857, 9852, 9753, 9654, 9751, 9752",13
"9653",9653,"7169, 9553, 9453, 9552, 3636, 9651, 9853, 9754, 9655, 9753, 9654, 9998",12
"9654",9654,"9653, 9454, 9553, 9555, 9652, 9854, 9755, 9656, 9753, 9754, 9655",11
"9655",9655,"9555, 9654, 9455, 9554, 9556, 9653, 9855, 9756, 9657, 9754, 9927, 9656",12
"9656",9656,"356, 6794, 9556, 9655, 9456, 9555, 9557, 9654, 9856, 9757, 9658, 9755, 9756, 9657",14
"9657",9657,"9557, 9656, 4671, 9457, 9556, 9558, 9655, 899, 9857, 9758, 9658",11
"9658",9658,"9558, 9657, 9557, 6084, 9656, 9858, 9759, 9660, 9757, 9758, 9659",11
"9659",9659,"9557, 9559, 9658, 8297, 6258, 9558, 9560, 1689, 9859, 9661, 9758, 9759",12
"9660",9660,"9560, 2109, 9460, 602, 9561, 9658, 4763, 9860, 9662, 9759, 9760, 9661",12
"9661",9661,"9561, 9660, 9461, 9560, 9562, 9659, 3100, 9861, 9762, 9663, 9761, 9662",12
"9662",9662,"8127, 9562, 9661, 9462, 9561, 9563, 9660, 1391, 9862, 9763, 9664, 9761, 9762",13
"9663",9663,"2421, 9563, 9463, 9562, 9564, 9661, 3748, 9863, 9665, 9762, 9664",11
"9664",9664,"9564, 9663, 9464, 9563, 9565, 9662, 9864, 9765, 9763, 9764, 9665",11
"9665",9665,"9107, 9565, 9664, 724, 9564, 9566, 9663, 9865, 9667, 9764, 9765, 9666",12
"9666",9666,"2422, 9566, 9665, 4107, 9466, 9565, 9567, 2954, 9866, 9668, 9765, 9766, 9667",13
"9667",9667,"9567, 9666, 1266, 9467, 9566, 9568, 9665, 9867, 9768, 9669, 9766, 9767, 9668",13
"9668",9668,"4916, 5311, 8965, 9568, 9667, 9468, 9618, 9569, 9666, 9868, 9769, 9670, 9767, 9768, 9669",15
"9669",9669,"2075, 9569, 9668, 9568, 9667, 9869, 9770, 9671, 9768, 9769, 9670",11
"9670",9670,"9570, 9669, 9470, 9569, 9571, 9668, 7579, 9870, 9672, 9769, 9770, 9671",12
"9671",9671,"9571, 9670, 4157, 9471, 9570, 9572, 9669, 9871, 9772, 9673, 9770, 9771, 9672",13
"9672",9672,"9572, 9671, 4264, 7368, 8829, 9472, 9571, 9573, 9670, 9872, 9773, 9674, 9771, 9673",14
"9673",9673,"9573, 9672, 3495, 9572, 9574, 9671, 6456, 3464, 9873, 9675, 9772",11
"9674",9674,"8619, 2899, 9574, 2743, 1543, 9011, 9474, 9573, 9575, 9672, 7508, 9874, 9775, 9774, 9675",15
"9675",9675,"9575, 9674, 2978, 6649, 7928, 8464, 9475, 9574, 9576, 9673, 9875, 9776, 9677, 9775, 9676",15
"9676",9676,"9576, 9675, 9476, 9575, 9577, 9876, 9777, 9678, 9775, 9776, 9677",11
"9677",9677,"9577, 9676, 9477, 9576, 9578, 9675, 9877, 9778, 9776, 9777, 9678",11
"9678",9678,"9578, 9677, 5165, 1868, 9478, 9577, 9579, 9676, 5751, 9878, 9680, 9777, 9778, 9679",14
"9679",9679,"2781, 9678, 9479, 9578, 9580, 2334, 9879, 9780, 9681, 9778, 9779, 9680",12
"9680",9680,"7940, 9580, 9679, 8054, 9071, 9579, 9678, 9880, 9781, 9682, 9779, 9780, 9681",13
"9681",9681,"9581, 9680, 9481, 9580, 9582, 9679, 2760, 9683, 9780, 9781, 9682",11
"9682",9682,"9582, 9681, 913, 7061, 9482, 9581, 9583, 9680, 9783, 9684, 9781, 9683",12
"9683",9683,"9583, 9682, 9483, 9582, 9584, 9681, 9883, 9784, 9782, 9783",10
"9684",9684,"8958, 7585, 478, 9484, 9583, 9585, 9682, 5612, 9884, 9785, 9686, 9783, 9784",13
"9685",9685,"6244, 1622, 1481, 9584, 9586, 1918, 2851, 9885, 9687, 9784, 9785, 9686",12
"9686",9686,"1825, 5765, 9685, 2096, 4723, 9486, 9585, 9587, 9684, 9886, 9787, 9688, 9785, 9786, 9687",15
"9687",9687,"1881, 9686, 9487, 9586, 9588, 9685, 9887, 9788, 9689, 9786, 9787",11
"9688",9688,"9588, 1162, 1047, 9488, 9587, 4392, 9686, 2418, 9888, 9789, 9690, 9788, 9689",13
"9689",9689,"2953, 9589, 9688, 9489, 9588, 9590, 9687, 8250, 9691, 9788, 9789, 9690",12
"9690",9690,"4168, 9590, 9689, 9490, 4142, 3988, 9688, 9890, 9791, 9692, 9789, 9790, 9691",13
"9691",9691,"9591, 9690, 4186, 9491, 716, 9592, 9689, 9891, 9693, 9790, 9791, 9692",12
"9692",9692,"9592, 9691, 4382, 6520, 9492, 9591, 9690, 9892, 9793, 9694, 9791, 9792, 9693",13
"9693",9693,"9593, 9692, 9493, 9592, 9594, 9691, 9893, 9794, 9695, 9792, 9793, 9694",12
"9694",9694,"9594, 9693, 955, 9494, 9593, 9595, 9692, 9894, 9795, 9696, 9793, 9794, 9695",13
"9695",9695,"9694, 4170, 7809, 9495, 9594, 9596, 9693, 2711, 9739, 9895, 9697, 9794, 9795, 9696",14
"9696",9696,"1535, 7083, 9596, 9695, 6477, 9496, 9597, 9694, 2918, 9896, 9797, 9698",12
"9697",9697,"145, 9695, 115, 9897, 9798, 9699, 9959",7
"9698",9698,"87, 9498, 9597, 5701, 9696, 9898, 9799, 9700, 9797, 9798, 9699",11
"9699",9699,"9599, 9698, 5974, 9499, 4878, 9600, 9697, 4118, 9899, 9798, 9799",11
"9700",9700,"7969, 9600, 9500, 9599, 9698, 9900, 9799, 9800",8
"9701",9701,"9550, 9601, 2095, 9501, 9602, 9901, 9802, 9703, 9801, 9702",10
"9702",9702,"9602, 9701, 9502, 9601, 9603, 4096, 9902, 9704, 9801, 9748",10
"9703",9703,"797, 9603, 838, 6037, 8150, 9604, 9701, 9903, 9804, 9705, 9802, 9704",12
"9704",9704,"9604, 9703, 5187, 9603, 9605, 9702, 9904, 9805, 9706, 9803, 9804, 9705",12
"9705",9705,"9704, 2647, 9505, 9604, 9703, 9905, 9806, 9707, 9804, 9805, 9706",11
"9706",9706,"2739, 9606, 9705, 2055, 9506, 9605, 9607, 9704, 9807, 9708, 9805, 9806, 9707",13
"9707",9707,"8192, 9607, 9706, 9507, 1327, 9608, 9705, 302, 9907, 9808, 9806, 9807, 9708",13
"9708",9708,"9608, 9707, 5507, 9508, 9607, 9609, 9706, 4581, 9809, 9710, 9807, 9808",12
"9709",9709,"4034, 5195, 1243, 9509, 9608, 9610, 2181, 5698, 9909, 9711, 9808, 9809",12
"9710",9710,"9482, 9610, 4856, 9708, 9910, 9811, 9712, 9810, 9711",9
"9711",9711,"9611, 9710, 1884, 9292, 9511, 9610, 9612, 9709, 7245, 9911, 9812, 9713, 9811, 9712",14
"9712",9712,"9612, 9711, 2253, 9611, 9613, 9710, 9912, 9813, 9714, 9811, 9713",11
"9713",9713,"9613, 9712, 2675, 9513, 4949, 9614, 9711, 9913, 9814, 9715, 9812, 9813, 9714",13
"9714",9714,"9614, 9713, 9303, 9514, 9613, 9615, 9712, 9914, 9815, 9716, 9813, 9814, 9715",13
"9715",9715,"7010, 9714, 4998, 9515, 7258, 9713, 9915, 9816, 9717, 9814, 9815, 9716",12
"9716",9716,"2912, 9616, 9715, 9516, 9615, 9617, 9714, 4130, 9916, 9718, 9815, 9816, 9717",13
"9717",9717,"3243, 4715, 9617, 9716, 9517, 9616, 9618, 9715, 177, 9917, 9818, 9719, 9718",13
"9718",9718,"9618, 9717, 9518, 9617, 3928, 9716, 9918, 9819, 9720, 9817, 9818, 9719",12
"9719",9719,"9718, 1857, 3989, 9620, 9717, 1022, 9919, 9818, 9819, 9720",10
"9720",9720,"9620, 9719, 146, 9619, 9621, 9718, 9920, 9821, 9722, 9819, 9820, 9721",12
"9721",9721,"9621, 9720, 6641, 9620, 9622, 5595, 9921, 9822, 9820, 9722",10
"9722",9722,"9622, 9721, 9522, 6622, 9623, 9720, 9821, 9922, 9823, 9822, 9723",11
"9723",9723,"9623, 9722, 4292, 4748, 9523, 8709, 9624, 9923, 9823, 9724",10
"9724",9724,"9624, 9723, 3072, 9623, 9625, 5504, 9924, 9825, 9726, 9824, 9725",11
"9725",9725,"9625, 9724, 9525, 4129, 9626, 8031, 9727, 9825, 9726",9
"9726",9726,"9725, 9526, 9625, 9627, 9724, 9251, 9926, 9827, 9728, 9826, 9727",11
"9727",9727,"9726, 7963, 7093, 9527, 9628, 9725, 9927, 9828, 9729, 9826, 9827, 9728",12
"9728",9728,"9628, 9727, 9528, 9627, 9629, 9726, 8705, 9928, 9827, 9828, 9729",11
"9729",9729,"7064, 9629, 9728, 5385, 9529, 9628, 9727, 534, 258, 9929, 9830, 9828, 9829",13
"9730",9730,"2493, 4558, 7021, 9630, 9530, 9631, 53, 9930, 9831, 9732, 9829, 9830",12
"9731",9731,"9631, 4182, 9531, 9630, 9632, 785, 5272, 9931, 9832, 9733, 9732",11
"9732",9732,"9632, 9731, 9532, 9631, 9633, 9730, 9833, 9734, 9831, 9733",10
"9733",9733,"9633, 9732, 2242, 9634, 9731, 2301, 232, 9834, 9735, 9832, 9833",11
"9734",9734,"3030, 8021, 9534, 9633, 9635, 9732, 9934, 9835, 9736, 9833, 9834, 9735",12
"9735",9735,"397, 9635, 9734, 9634, 3781, 9733, 9935, 9836, 9737, 9736",10
"9736",9736,"4868, 9735, 2518, 9536, 9635, 9637, 9734, 9936, 9738, 9835, 9836, 9737",12
"9737",9737,"9637, 9736, 9537, 9638, 9735, 9558, 9937, 9838, 9836, 9837, 9738",11
"9738",9738,"4326, 9638, 9737, 2480, 9538, 9639, 9736, 9938, 9839, 9740, 9837, 9838, 9739",13
"9739",9739,"3796, 9639, 9738, 9539, 9638, 9640, 9695, 9939, 9840, 9741, 9839, 9740",12
"9740",9740,"5217, 9739, 5899, 9540, 9639, 9641, 9738, 9940, 9841, 9742, 9839, 9741",12
"9741",9741,"1633, 3618, 9641, 9740, 9541, 7282, 9642, 9739, 9941, 9842, 9743, 9840, 9841, 9742",14
"9742",9742,"9642, 9741, 9542, 9641, 9740, 9942, 9843, 9744, 9841, 9842, 9743",11
"9743",9743,"9643, 9742, 1817, 3035, 8967, 9543, 9642, 9644, 9741, 6302, 9844, 9745, 9842, 9843, 9744",15
"9744",9744,"9644, 9743, 9544, 9643, 9645, 9742, 6163, 9944, 9746, 9843, 9844, 9745",12
"9745",9745,"9645, 9744, 9545, 9644, 9743, 9945, 9846, 9747, 9844, 9845, 9746",11
"9746",9746,"8267, 9745, 766, 9546, 9645, 9647, 9744, 9162, 9946, 9847, 9748, 9846, 9747",13
"9747",9747,"9647, 9746, 9547, 9044, 9648, 9745, 165, 9848, 9749, 9846, 9847",11
"9748",9748,"8579, 9648, 9702, 2013, 9548, 9647, 9649, 9746, 9948, 9849, 9750, 9847, 9848, 9749",14
"9749",9749,"9649, 9748, 8778, 515, 9648, 9650, 9747, 9848, 9949, 9850, 9849, 9750",12
"9750",9750,"9749, 8650, 9550, 2269, 9651, 9748, 9950, 9851, 9752, 9849, 9850, 9751",12
"9751",9751,"5750, 9750, 6313, 9551, 624, 9652, 2036, 9951, 9753, 9850, 9851, 9752",12
"9752",9752,"7989, 9652, 9751, 9552, 9651, 2324, 9750, 9952, 9853, 9754, 9851, 9852, 9753",13
"9753",9753,"9653, 9752, 7024, 8408, 9553, 9652, 9654, 9751, 8942, 9953, 9854, 9755, 9852",13
"9754",9754,"5251, 9654, 466, 7370, 7748, 9653, 9655, 9752, 9954, 9855, 9756, 9853, 9854, 9755",14
"9755",9755,"9436, 9754, 4820, 7171, 9555, 9654, 9656, 9753, 6063, 9955, 9856, 9757, 9854, 9855",14
"9756",9756,"9656, 9038, 9655, 1325, 9754, 9956, 9857, 9758, 9855, 9856, 9757",11
"9757",9757,"9756, 158, 9557, 9656, 9658, 9755, 9957, 9858, 9759, 9856, 9857, 9758",12
"9758",9758,"2197, 9658, 9757, 2352, 9558, 9657, 9659, 9756, 9958, 9859, 9760, 9759",12
"9759",9759,"9659, 9758, 9559, 9658, 9660, 9757, 5645, 8660, 9959, 9860, 9761, 9859",12
"9760",9760,"9660, 9560, 182, 9758, 15, 9960, 9861, 9859, 9761",9
"9761",9761,"9661, 9760, 8788, 3089, 9211, 9662, 9759, 7466, 9961, 9862, 9763, 9762",12
"9762",9762,"9662, 9761, 9562, 9661, 9663, 2886, 7209, 8372, 9962, 9862",10
"9763",9763,"5132, 2293, 8188, 9662, 9664, 9761, 9963, 9864, 9765, 9863, 9764",11
"9764",9764,"9664, 9763, 9564, 9665, 9617, 4018, 9137, 9865, 9766, 9863, 9864",11
"9765",9765,"9665, 2274, 9565, 9664, 9666, 9763, 4679, 9865, 9965, 9767, 9864",11
"9766",9766,"2736, 9666, 8548, 9566, 971, 9667, 9764, 9966, 9867, 9768, 9865, 9866",12
"9767",9767,"9667, 9567, 1135, 9668, 9765, 9967, 9868, 9769, 9866, 9867, 9768",11
"9768",9768,"340, 9668, 9767, 3181, 9568, 9667, 9669, 9766, 7154, 9968, 9869, 9770, 9867, 9769",14
"9769",9769,"9669, 9768, 9569, 9668, 9670, 9767, 2552, 9969, 9870, 9771, 9869, 9770",12
"9770",9770,"9670, 9769, 133, 1781, 9570, 9669, 9671, 9768, 9970, 9871, 9772, 9869, 9870",13
"9771",9771,"9671, 8191, 1144, 1663, 4740, 9571, 9672, 9769, 9971, 9872, 9773, 9870, 9871, 9772",14
"9772",9772,"9771, 9449, 9595, 9671, 9673, 9770, 2311, 9972, 9873, 9774, 9871, 9773",12
"9773",9773,"7331, 9772, 9573, 9672, 2385, 9771, 9973, 9874, 9775, 9872, 9873, 9774",12
"9774",9774,"275, 9674, 9773, 7496, 9574, 5414, 9772, 9974, 9875, 9776, 9873, 9874, 9775",13
"9775",9775,"7055, 9675, 9774, 9575, 9674, 9676, 9773, 6984, 9876, 9777, 9874, 9875, 9776",13
"9776",9776,"9676, 9775, 3604, 9576, 9675, 9677, 9774, 2374, 9877, 9778, 9875, 9876",12
"9777",9777,"9677, 1162, 3369, 9577, 9676, 9678, 9775, 9977, 9878, 9779, 9876, 9877, 9778",13
"9778",9778,"9678, 9777, 9677, 9679, 9776, 6373, 9978, 9879, 9877, 9878",10
"9779",9779,"9679, 6136, 9680, 9777, 6596, 8479, 9880, 9781, 9879, 9780",10
"9780",9780,"8, 9680, 9779, 7091, 9003, 9580, 9679, 9681, 5426, 9980, 9881, 9782, 9879, 9880, 9781",15
"9781",9781,"9681, 9780, 5230, 9581, 9680, 9682, 9779, 9981, 9882, 9783, 9880, 9881, 9782",13
"9782",9782,"7894, 9781, 9683, 9780, 9982, 9883, 9784, 9881, 9882, 9783",10
"9783",9783,"9683, 9782, 8029, 8554, 9583, 9682, 9684, 9781, 6336, 8280, 9983, 9785, 9784",13
"9784",9784,"9684, 9783, 8396, 9584, 9683, 9685, 9782, 7111, 9786, 9883, 9884, 9785",12
"9785",9785,"9685, 9784, 9585, 9684, 9686, 9783, 856, 9886, 9787, 9884, 9786",11
"9786",9786,"9686, 9785, 1452, 9586, 9687, 9784, 9986, 9887, 9885",9
"9787",9787,"5816, 9687, 2144, 9587, 9686, 9785, 9987, 9888, 9789, 9886, 9887, 9788",12
"9788",9788,"5634, 9688, 9787, 9588, 9687, 9689, 2454, 9988, 9790, 9887, 9888, 9789",12
"9789",9789,"9689, 9788, 3498, 4549, 9589, 9688, 9690, 9787, 2050, 5602, 9989, 9791, 9790",13
"9790",9790,"9690, 9789, 7840, 9293, 9590, 7133, 9691, 6504, 9788, 9891, 9792, 9889, 9890",13
"9791",9791,"9691, 3191, 9591, 9690, 9692, 9789, 9991, 9892, 9793, 9890, 9891, 9792",12
"9792",9792,"4134, 9692, 9791, 7350, 9326, 9592, 4615, 9693, 9790, 4578, 9992, 9893, 9891, 9892, 9793",15
"9793",9793,"2145, 9693, 9792, 3963, 9692, 9694, 9791, 9993, 9894, 9795, 9892, 9893, 9794",13
"9794",9794,"9694, 9793, 5307, 554, 9594, 9693, 9695, 7981, 9795, 9994, 9895, 9893",12
"9795",9795,"4941, 9695, 9794, 9561, 9595, 9694, 9793, 940, 9995, 9797, 9894, 9895, 9796",13
"9796",9796,"9795, 2632, 4328, 9596, 8340, 4886, 9827, 9996, 9897, 9895, 9797",11
"9797",9797,"9026, 9796, 9597, 9696, 9698, 9795, 9997, 9898, 9799, 9896, 9897, 9798",12
"9798",9798,"9698, 9797, 9598, 9609, 9697, 9699, 9998, 9899, 9800, 9897, 9898, 9799",12
"9799",9799,"9699, 9798, 3527, 9599, 9698, 9700, 9797, 9999, 9900, 9800",10
"9800",9800,"592, 9700, 9799, 6393, 9600, 9252, 9798, 10000, 9899",9
"9801",9801,"9701, 8375, 9601, 9702, 9175, 9902, 9803, 9802",8
"9802",9802,"9801, 2086, 9602, 9701, 9703, 9903, 9901, 9902, 9803",9
"9803",9803,"3132, 7143, 8248, 764, 9802, 5146, 9603, 2798, 9704, 9801, 9904, 9805, 9902, 9903",14
"9804",9804,"9704, 3824, 7409, 8401, 9604, 9703, 9705, 6089, 9806, 9904, 9805",11
"9805",9805,"9705, 9804, 9605, 9704, 9706, 9803, 9169, 9906, 9904, 9905",10
"9806",9806,"9706, 2238, 4345, 9705, 9707, 9804, 5074, 9905, 9906",9
"9807",9807,"8790, 9707, 6732, 9607, 9706, 9708, 5539, 9809, 9906, 9808",10
"9808",9808,"9708, 9807, 7161, 9033, 9608, 9707, 9709, 5601, 1182, 9907, 9809",11
"9809",9809,"9709, 9808, 5463, 5484, 9708, 5892, 9807, 3108, 6342, 9910, 9908, 9810",12
"9810",9810,"9710, 9809, 4153, 9610, 9911, 9812, 9909, 9910, 9811",9
"9811",9811,"9711, 9810, 1345, 9611, 9710, 9712, 9912, 9813, 9910, 9812",10
"9812",9812,"123, 9811, 736, 3133, 5196, 8828, 8694, 9711, 9713, 9810, 9913, 9814, 9911, 9912, 9813",15
"9813",9813,"3424, 7483, 8583, 9713, 9812, 4660, 9613, 9712, 9714, 9811, 9914, 9815, 9912, 9913, 9814",15
"9814",9814,"9714, 9813, 516, 6109, 9614, 9713, 9715, 9812, 9816, 9815",10
"9815",9815,"9715, 9814, 2703, 7190, 9615, 9714, 9716, 9813, 9916, 9817, 9914, 9816",12
"9816",9816,"9716, 9815, 2261, 7464, 9616, 9715, 9814, 9917, 9818, 9915, 9916, 9817",12
"9817",9817,"9816, 9617, 9718, 9815, 9918, 9819, 9916, 9917, 9818",9
"9818",9818,"9718, 9817, 9618, 9717, 9719, 9816, 7900, 9919, 9820, 9917, 9819",11
"9819",9819,"7178, 9719, 9818, 9619, 9718, 9720, 9817, 9920, 9821, 9918, 9919, 9820",12
"9820",9820,"9720, 9819, 8231, 9608, 9620, 4916, 9721, 9818, 9921, 9822, 9919, 9920, 9821",13
"9821",9821,"6901, 9820, 3499, 9621, 9720, 9722, 9819, 7718, 9922, 9823, 9921, 9822",12
"9822",9822,"8150, 9722, 9821, 9622, 9721, 4759, 9820, 9923, 9824, 9921, 9922, 9823",12
"9823",9823,"9723, 9822, 3925, 9623, 9722, 9821, 9924, 9825, 9922, 9923, 9824",11
"9824",9824,"9724, 9823, 2043, 9624, 9822, 1187, 9925, 9826, 9923, 9825",10
"9825",9825,"9725, 9824, 9625, 9724, 9823, 9926, 9827, 9924, 9925, 9826",10
"9826",9826,"9726, 9825, 4331, 9626, 2730, 9727, 9824, 6525, 2361, 9927, 9926, 9827",12
"9827",9827,"6919, 9727, 9826, 9627, 9796, 9726, 9728, 9825, 9928, 9829, 9926, 9927, 9828",13
"9828",9828,"9728, 9827, 9628, 9727, 9729, 9929, 9830, 9927, 9928, 9829",10
"9829",9829,"5638, 9729, 9828, 9629, 9730, 9827, 9831, 9928, 9929, 9830",10
"9830",9830,"9730, 9829, 9327, 8445, 9729, 9828, 3965, 9832, 9929, 9930, 9831",11
"9831",9831,"9830, 9631, 9730, 9732, 9829, 9932, 9833, 9930, 9931, 9832",10
"9832",9832,"210, 9831, 8565, 9632, 9731, 9733, 9830, 5888, 9933, 9834, 9932, 9833",12
"9833",9833,"9733, 9832, 1784, 9633, 9732, 9734, 9831, 6066, 9835, 9932, 9933, 9834",12
"9834",9834,"3412, 6222, 9734, 9833, 9634, 9733, 7, 9832, 9935, 9836, 9933, 9934, 9835",13
"9835",9835,"2075, 1275, 9834, 3990, 7039, 9635, 9734, 9736, 9833, 9936, 9837, 9934, 9935, 9836",14
"9836",9836,"9736, 9835, 9636, 9735, 9737, 9834, 2870, 9937, 9936, 9837",10
"9837",9837,"9737, 9836, 4894, 9637, 6007, 9738, 9835, 3448, 9938, 9839, 9937",11
"9838",9838,"9738, 2328, 2535, 9638, 9737, 9939, 9840, 9937, 9938, 9839",10
"9839",9839,"8186, 9739, 9838, 9639, 9738, 9740, 9837, 3874, 9841, 9938, 9939, 9840",12
"9840",9840,"1143, 9839, 9739, 9741, 9838, 9941, 9842, 9939, 9940, 9841",10
"9841",9841,"9741, 9840, 9641, 9740, 9742, 9839, 9942, 9843, 9940, 9941, 9842",11
"9842",9842,"9431, 9742, 9841, 9741, 9743, 9840, 9943, 9844, 9941, 9942, 9843",11
"9843",9843,"8061, 9743, 9842, 493, 9643, 9742, 9744, 9841, 9944, 9845, 9942, 9943, 9844",13
"9844",9844,"9744, 9843, 4625, 9644, 9743, 9745, 9842, 3301, 9945, 9944, 9845",11
"9845",9845,"9458, 9745, 9844, 416, 9843, 6549, 9946, 9944, 9945, 9846",10
"9846",9846,"9746, 9845, 1152, 9745, 9747, 4799, 3466, 9947, 9848, 9945, 9946",11
"9847",9847,"9747, 9746, 9748, 5256, 9948, 9946, 9947, 9848",8
"9848",9848,"9748, 9847, 9747, 9749, 9846, 9850, 9947, 9948, 9849",9
"9849",9849,"3107, 9749, 9848, 9748, 9750, 7252, 9950, 9948, 9850",9
"9850",9850,"9750, 9849, 1420, 9650, 9749, 9751, 9848, 524, 1316, 9951, 9949, 9851",12
"9851",9851,"9751, 9850, 9497, 9651, 9750, 9752, 9952, 9853, 9950, 9951",10
"9852",9852,"5189, 9752, 9652, 9753, 8578, 3034, 9953, 9951, 9952, 9893",10
"9853",9853,"323, 5247, 9653, 9752, 9754, 9851, 9954, 9855, 9952",9
"9854",9854,"9754, 9654, 9753, 9755, 9856, 9953, 9954, 9855",8
"9855",9855,"6787, 9755, 9854, 5081, 9655, 9754, 9756, 9853, 9956, 9857, 9954, 9955, 9856",13
"9856",9856,"9756, 9855, 6660, 9656, 9755, 9757, 9854, 6477, 9957, 9858, 9956, 9857",12
"9857",9857,"9757, 9856, 9657, 9756, 9652, 9855, 9958, 9859, 9956, 9957, 9858",11
"9858",9858,"7828, 9857, 2656, 9658, 9757, 9856, 7346, 9860, 9957, 9958",10
"9859",9859,"5886, 9759, 3181, 272, 9659, 9758, 9760, 9857, 9960, 9861, 9958, 9959, 9860",13
"9860",9860,"8952, 9859, 9660, 9759, 9858, 3902, 9961, 9862, 9960, 9861",10
"9861",9861,"9860, 9661, 9760, 9295, 9859, 5481, 4710, 9863, 9960, 9961",10
"9862",9862,"9762, 6288, 9662, 9761, 9860, 6787, 5295, 7193, 9864, 9962",10
"9863",9863,"9763, 9663, 9764, 9861, 9964, 9962, 9963, 9864",8
"9864",9864,"6927, 9764, 9863, 9664, 9763, 9765, 9862, 9965, 9866, 9963, 9964, 9865",12
"9865",9865,"9765, 9864, 3153, 6719, 9665, 9764, 9766, 3453, 9966, 9867, 9964, 9965, 9866",13
"9866",9866,"9213, 9766, 9865, 9483, 9666, 2362, 9767, 9864, 9967, 9868, 9965, 9966",12
"9867",9867,"161, 9767, 5831, 1450, 9667, 9766, 9768, 9865, 9968, 9869, 9967, 9868",12
"9868",9868,"9867, 9668, 9767, 9866, 9969, 9870, 9967, 9968, 9869",9
"9869",9869,"9769, 9868, 9669, 9768, 9770, 9867, 9871, 9969, 9870",9
"9870",9870,"9770, 9869, 6967, 9670, 9769, 9771, 9868, 6474, 9872, 9970, 9871",11
"9871",9871,"9771, 9870, 9334, 9671, 9770, 9772, 9869, 9972, 9970, 9971, 9872",11
"9872",9872,"9871, 828, 9672, 9771, 9773, 9870, 8089, 9973, 9874, 9972, 9873",11
"9873",9873,"9773, 9872, 9673, 9772, 9774, 9533, 9974, 9875, 9972, 9973",10
"9874",9874,"9774, 878, 9674, 9773, 9775, 9872, 9975, 9876, 9973, 9974, 9875",11
"9875",9875,"9775, 9874, 724, 7794, 2696, 2797, 9675, 9774, 9776, 9873, 683, 9877, 9974, 9975, 9876",15
"9876",9876,"9776, 9875, 5754, 9676, 9775, 9777, 9874, 9977, 9878, 9975, 9976, 9877",12
"9877",9877,"9777, 9876, 9677, 9776, 9778, 9875, 9978, 9879, 9976, 9977, 9878",11
"9878",9878,"6414, 8773, 9778, 9877, 8850, 9678, 9777, 9876, 7959, 4830, 9979, 9880, 9879",13
"9879",9879,"9779, 9878, 6931, 9679, 9778, 9780, 9877, 6155, 9980, 9881, 9979, 9880",12
"9880",9880,"9780, 9879, 9680, 9779, 9781, 9878, 9981, 9882, 9979, 9980, 9881",11
"9881",9881,"9781, 9880, 8600, 9780, 9782, 9879, 9982, 9883, 9980, 9882",10
"9882",9882,"9782, 9881, 2700, 9781, 3650, 9880, 8381, 9983, 9982, 9883",10
"9883",9883,"9882, 5096, 9683, 9782, 9784, 9881, 9984, 9885, 9982, 9983, 9884",11
"9884",9884,"9784, 9883, 5299, 9684, 9785, 7700, 9886, 9983, 9984, 9885",10
"9885",9885,"3257, 9884, 5389, 9685, 9786, 9883, 9986, 9887, 9984, 9985, 9886",11
"9886",9886,"4476, 9885, 9686, 9785, 9787, 9884, 9987, 9888, 9985, 9986, 9887",11
"9887",9887,"9787, 9886, 3844, 9687, 9786, 9788, 9885, 9889, 9987, 9888",10
"9888",9888,"9788, 9887, 2376, 9688, 9787, 9886, 9989, 9890, 9988, 9889",10
"9889",9889,"9888, 9790, 9887, 9325, 9990, 9891, 9988, 9909, 9989",9
"9890",9890,"2758, 9790, 2320, 9690, 9791, 9888, 9991, 9892, 9989, 9990, 9891",11
"9891",9891,"9791, 9890, 9691, 9790, 9792, 9889, 6701, 9992, 9893, 9990",10
"9892",9892,"9792, 9449, 9692, 9791, 9793, 9890, 3013, 9993, 9894, 9893",10
"9893",9893,"9793, 9852, 9892, 9693, 9792, 9794, 9891, 9621, 9994, 9993, 9894",11
"9894",9894,"9141, 9893, 7883, 9694, 9793, 9795, 9892, 9995, 9896, 9993, 9994, 9895",12
"9895",9895,"9795, 9894, 2119, 9695, 9794, 9796, 2591, 9996, 9897, 9994, 9995",11
"9896",9896,"9696, 9797, 9894, 9997, 9898, 9995, 9996, 9897",8
"9897",9897,"6563, 9584, 9797, 9896, 1662, 6589, 9697, 9796, 9798, 9895, 4095, 9899, 9996, 9997, 9898",15
"9898",9898,"2250, 9798, 9897, 3263, 9698, 9797, 6063, 9896, 922, 9999, 9997, 9899",12
"9899",9899,"8880, 9898, 1035, 8649, 9699, 9798, 9800, 9897, 8418, 10000, 9998, 9900",12
"9900",9900,"8483, 8751, 9899, 5380, 9700, 9799, 9999, 10000",8
"9901",9901,"2199, 9177, 2381, 9230, 9701, 9802, 9903",7
"9902",9902,"1501, 9802, 351, 9702, 9801, 9803, 2004, 5124, 9903",9
"9903",9903,"2143, 9039, 9803, 9703, 9802, 2348, 9901, 9902, 9905, 9904",10
"9904",9904,"9804, 9903, 9704, 9803, 9805, 4755, 9906",7
"9905",9905,"9805, 6048, 9705, 2711, 9806, 9903, 9907, 9906",8
"9906",9906,"9806, 5461, 2618, 9805, 9807, 9904, 9905, 9908, 9907",9
"9907",9907,"2803, 9707, 9808, 9905, 9906, 9909, 9908",7
"9908",9908,"7346, 1884, 8707, 9809, 9906, 9907, 9910, 9909",8
"9909",9909,"9709, 9889, 9810, 9907, 9908, 9911, 9910",7
"9910",9910,"9810, 9710, 9809, 9811, 9908, 9909, 9912, 9911",8
"9911",9911,"4857, 9910, 2486, 7345, 9711, 9810, 9812, 9909, 4738, 9913",10
"9912",9912,"9812, 777, 9712, 9811, 9813, 9910, 9914, 9913",8
"9913",9913,"3787, 9813, 4845, 9713, 9812, 7318, 9911, 9912, 9915, 9914",10
"9914",9914,"6033, 9913, 2054, 4256, 8720, 9714, 9813, 9815, 9912, 9916",10
"9915",9915,"1262, 8997, 8239, 9715, 4388, 9816, 9913, 7028, 9917, 9916",10
"9916",9916,"9816, 3138, 4820, 9716, 9815, 9817, 9914, 9915, 9918, 9917",10
"9917",9917,"9817, 9717, 9816, 9818, 9915, 9916, 9919, 9918",8
"9918",9918,"9718, 9817, 9819, 9916, 9917, 9920, 9919",7
"9919",9919,"293, 9819, 669, 2128, 9719, 9818, 9820, 9917, 9918, 9921, 9920",11
"9920",9920,"9405, 9820, 1662, 7747, 9720, 9819, 9918, 9919, 9922, 9921",10
"9921",9921,"9821, 9530, 9721, 9820, 9822, 9919, 9920, 9923, 9922",9
"9922",9922,"2502, 9822, 3317, 4297, 9040, 9722, 9821, 9823, 9920, 9921, 9924, 9923",12
"9923",9923,"9823, 9723, 9822, 9824, 9921, 9922, 9925, 9924",8
"9924",9924,"9724, 9823, 9825, 9922, 9923, 9926, 9925",7
"9925",9925,"9825, 618, 1544, 9824, 9923, 4812, 9924, 9926",8
"9926",9926,"6508, 9826, 5117, 9726, 9825, 9827, 9924, 9925, 9928, 9927",10
"9927",9927,"9655, 9827, 9727, 9826, 9828, 9926, 9929, 9928",8
"9928",9928,"9828, 6545, 9728, 9827, 9829, 9926, 9927, 9930, 9929",9
"9929",9929,"9829, 9928, 2201, 9729, 9828, 9830, 9927, 9931",8
"9930",9930,"9830, 6429, 9730, 5791, 9831, 9928",6
"9931",9931,"9831, 9731, 9929, 7915, 9933, 9932",6
"9932",9932,"9832, 3406, 9831, 9833, 1828, 9931, 9934, 9933",8
"9933",9933,"9833, 5115, 9832, 9834, 9931, 9932, 9935, 9934",8
"9934",9934,"8051, 9834, 9734, 9835, 9932, 9933, 9936, 9935",8
"9935",9935,"1488, 9835, 3419, 9735, 9834, 4587, 9933, 9934, 9937, 9936",10
"9936",9936,"9836, 9736, 9835, 6705, 9934, 9935, 9938, 9937",8
"9937",9937,"9837, 4268, 9737, 9836, 9838, 9935, 9936, 9939, 9938",9
"9938",9938,"6217, 6126, 9838, 9738, 9837, 9839, 9936, 9937, 9940, 9939",10
"9939",9939,"9839, 3723, 5256, 9739, 9838, 9840, 9937, 9938, 9941, 9940",10
"9940",9940,"9840, 131, 9740, 9841, 9938, 9939, 9942, 9941",8
"9941",9941,"5997, 9841, 9294, 9741, 9840, 9842, 9939, 9940, 9943, 9942",10
"9942",9942,"9842, 9941, 2019, 9742, 9841, 9843, 9940, 9944",8
"9943",9943,"9843, 1131, 3537, 9842, 9941, 8280, 9945",7
"9944",9944,"9844, 2072, 9744, 9843, 9845, 9942, 9945",7
"9945",9945,"9845, 9745, 9844, 9846, 9943, 9944, 9947, 9946",8
"9946",9946,"9846, 9746, 9845, 9847, 5002, 9945, 9948, 9947",8
"9947",9947,"9847, 6715, 9846, 9848, 9945, 9946, 9949, 9948",8
"9948",9948,"9848, 9947, 9748, 9847, 9849, 9946, 9061, 9950",8
"9949",9949,"4148, 8425, 9749, 1898, 9850, 9947, 9951, 9950",8
"9950",9950,"9750, 9849, 9851, 9948, 9949, 9952, 9951",7
"9951",9951,"1159, 9851, 9751, 9850, 9852, 9949, 9950, 9953, 9952",9
"9952",9952,"591, 2215, 9153, 9852, 9752, 9851, 9853, 9950, 9951, 9954, 9953",11
"9953",9953,"9753, 9852, 9854, 9951, 9952, 9955, 9954",7
"9954",9954,"6448, 9854, 8555, 9754, 9853, 9855, 9952, 9953, 9956, 9955",10
"9955",9955,"1313, 9855, 2365, 7331, 8349, 9755, 4991, 9953, 9954, 9957, 9956",11
"9956",9956,"9856, 2082, 9756, 9855, 9857, 9954, 9955, 9958, 9957",9
"9957",9957,"9857, 7939, 9757, 9856, 9858, 9955, 9956, 9959, 9958",9
"9958",9958,"9858, 9758, 9857, 9859, 9956, 9957, 9960, 9959",8
"9959",9959,"693, 9697, 9859, 5209, 9759, 9957, 9958, 9961, 9960",9
"9960",9960,"9860, 4845, 9760, 9859, 9861, 9958, 9959, 9962, 9961",9
"9961",9961,"5851, 9861, 6810, 9761, 9860, 9959, 9960, 9963, 9962",9
"9962",9962,"7443, 5870, 9862, 9648, 9762, 9863, 9960, 9961, 9964, 9963",10
"9963",9963,"9863, 9763, 9864, 9961, 8690, 9962, 9964",7
"9964",9964,"3492, 9864, 9963, 9863, 9865, 9962, 9966",7
"9965",9965,"9865, 7462, 9765, 9864, 9866, 5505, 9967",7
"9966",9966,"6569, 9866, 6263, 9766, 9865, 7205, 9964, 9968, 9967",9
"9967",9967,"9867, 9524, 9767, 9866, 9868, 9965, 9966, 9969, 9968",9
"9968",9968,"9868, 7471, 9768, 9867, 1374, 9966, 9967, 9970, 9969",9
"9969",9969,"9869, 9769, 9868, 9967, 9968, 9971, 9970",7
"9970",9970,"9870, 9969, 9770, 8602, 9871, 9968, 2863, 9972",8
"9971",9971,"9871, 66, 2927, 9771, 4395, 9969, 9973, 9972",8
"9972",9972,"6954, 9872, 9772, 9871, 9873, 9970, 9971, 9974, 9973",9
"9973",9973,"1162, 9873, 9773, 9872, 9874, 9971, 9972, 9975, 9974",9
"9974",9974,"6042, 8422, 9874, 9774, 9873, 9875, 9972, 9973, 9976, 9975",10
"9975",9975,"5306, 9875, 9974, 495, 1375, 8256, 9874, 9876, 9973, 8040",10
"9976",9976,"9876, 5564, 1074, 9877, 9974, 2747, 9978",7
"9977",9977,"8894, 9877, 5820, 9777, 9876, 9979, 9978",7
"9978",9978,"5969, 8263, 9778, 9877, 9976, 9977, 9980, 9979",8
"9979",9979,"7309, 9879, 9878, 9880, 9977, 9978, 9981, 9980",8
"9980",9980,"9880, 9780, 9879, 9881, 9978, 9979, 9982, 9981",8
"9981",9981,"842, 3668, 9781, 9880, 3761, 9979, 9980, 9983, 9982",9
"9982",9982,"9882, 640, 8805, 9782, 9881, 9883, 9980, 9981, 9984, 9983",10
"9983",9983,"9883, 3677, 9783, 9882, 9884, 9981, 9982, 9985, 9984",9
"9984",9984,"9884, 9983, 560, 9883, 9885, 9982, 9986",7
"9985",9985,"9885, 6862, 9886, 9983, 300, 9987, 9986",7
"9986",9986,"9886, 9985, 9786, 9885, 8061, 9984, 9988",7
"9987",9987,"7913, 9887, 5346, 2659, 9787, 9886, 6663, 9985, 9989",9
"9988",9988,"8963, 9888, 2259, 2928, 3901, 9788, 4692, 9889, 9986, 6791, 9990, 9989",12
"9989",9989,"6654, 9889, 9789, 9888, 9890, 9987, 9988, 9991, 9990",9
"9990",9990,"9890, 9889, 9891, 9988, 9989, 9992, 9991",7
"9991",9991,"1422, 9791, 9890, 2156, 9989, 9990, 9993, 9992",8
"9992",9992,"9792, 9891, 5037, 9990, 9991, 9993",6
"9993",9993,"9893, 738, 8192, 9793, 9892, 9894, 9991, 9992, 9994",9
"9994",9994,"9894, 9794, 9893, 9895, 3944, 9993, 9996, 9995",8
"9995",9995,"8513, 9895, 9994, 7396, 9795, 9894, 9896, 6265, 745, 9997",10
"9996",9996,"9896, 5972, 6940, 9796, 9895, 9897, 9994, 9998, 9997",9
"9997",9997,"9897, 9797, 9896, 9898, 9995, 9996, 9999, 9998",8
"9998",9998,"9653, 3246, 8181, 9798, 9899, 9996, 9997, 10000, 9999",9
"9999",9999,"9998, 4002, 9799, 9898, 9900, 9997",6
"10000",10000,"5107, 9900, 9800, 9899, 9998",5
