"","node","neighbors","n_neighbors"
"1",1,"201, 102, 3, 101, 2",5
"2",2,"1, 8241, 6608, 5487, 202, 103, 4, 101, 102, 3",10
"3",3,"2, 1, 9982, 9451, 104, 5, 102, 609, 4",9
"4",4,"2, 3, 1989, 972, 105, 6, 103, 104, 5",9
"5",5,"4, 3, 106, 7, 104, 105, 6",7
"6",6,"5, 4, 3748, 206, 8, 105, 106, 6855",8
"7",7,"5, 8355, 207, 108, 1632, 106, 107, 8",8
"8",8,"7, 6, 208, 109, 10, 107, 108, 9",8
"9",9,"8, 6994, 209, 110, 11, 8820, 383, 109, 10",9
"10",10,"9, 8, 2859, 111, 12, 8534, 9195, 110, 6833",9
"11",11,"9, 2408, 211, 112, 13, 110, 9958, 111, 9690",9
"12",12,"10, 212, 113, 14, 4788, 8738, 13",7
"13",13,"12, 11, 4093, 3743, 3293, 213, 15, 3478, 113, 14",10
"14",14,"13, 12, 214, 115, 16, 113, 114, 15",8
"15",15,"14, 13, 1476, 8984, 215, 116, 17, 114, 115, 16",10
"16",16,"15, 14, 6911, 216, 18, 115, 116, 17",8
"17",17,"16, 15, 7572, 217, 118, 19, 116, 8277, 2533",9
"18",18,"16, 3546, 119, 20, 118, 1323",6
"19",19,"17, 445, 219, 21, 118, 119, 20, 6440",8
"20",20,"19, 18, 220, 121, 22, 119, 120, 21",8
"21",21,"20, 19, 221, 122, 23, 120, 8631, 121, 22",9
"22",22,"21, 20, 3481, 24, 121, 6955, 122, 23",8
"23",23,"22, 21, 3980, 223, 124, 25, 122, 123, 24",9
"24",24,"23, 22, 224, 125, 26, 123, 124, 25",8
"25",25,"24, 23, 225, 126, 27, 124, 125, 26",8
"26",26,"25, 24, 226, 127, 28, 125, 126, 27",8
"27",27,"26, 25, 4304, 7189, 128, 29, 126, 127, 28",9
"28",28,"27, 26, 5903, 228, 129, 30, 7713, 3782, 128, 29",10
"29",29,"28, 27, 2519, 229, 130, 31, 128, 5688, 129, 30",10
"30",30,"29, 28, 9094, 5184, 230, 129, 130, 31",8
"31",31,"30, 29, 4596, 3549, 231, 132, 33, 130, 131",9
"32",32,"6530, 232, 133, 34, 131, 9363, 132, 33, 387",9
"33",33,"32, 31, 9898, 134, 35, 132, 4620, 133, 34",9
"34",34,"33, 32, 234, 135, 36, 133, 134, 35",8
"35",35,"34, 33, 4773, 235, 136, 37, 134, 135, 36",9
"36",36,"35, 34, 236, 137, 5935, 135, 136, 37",8
"37",37,"36, 35, 237, 138, 39, 136, 1776, 137, 38",9
"38",38,"37, 3186, 238, 139, 40, 137, 138, 39",8
"39",39,"38, 37, 9936, 9442, 5994, 1323, 41, 7262, 139, 40",10
"40",40,"39, 38, 8726, 240, 141, 7507, 139, 4759, 41",9
"41",41,"40, 39, 8656, 241, 142, 43, 140, 4731, 42",9
"42",42,"41, 242, 143, 44, 141, 142, 43",7
"43",43,"42, 41, 8059, 243, 144, 45, 142, 143, 44",9
"44",44,"43, 42, 244, 145, 143, 144, 45",7
"45",45,"44, 43, 245, 146, 47, 144, 145",7
"46",46,"5048, 246, 147, 48, 145, 9249, 1262, 146, 47, 1882",10
"47",47,"46, 45, 706, 247, 49, 146, 147, 48",8
"48",48,"47, 46, 248, 6593, 147, 148, 49",7
"49",49,"48, 47, 3530, 249, 150, 148, 5715, 149, 50",9
"50",50,"49, 2651, 8555, 151, 52, 149, 3371, 150, 51",9
"51",51,"50, 3840, 251, 152, 150, 6290, 8801, 151, 52",9
"52",52,"51, 50, 7904, 6729, 252, 153, 54, 151",8
"53",53,"154, 55, 152, 4222, 153, 54, 136",7
"54",54,"53, 52, 7479, 254, 155, 56, 153, 154, 6122",9
"55",55,"53, 156, 57, 9027, 789, 56",6
"56",56,"54, 55, 157, 5136, 155, 156, 57",7
"57",57,"56, 55, 59, 156, 2953, 865, 157, 58",8
"58",58,"57, 6510, 6412, 258, 159, 60, 157, 158",8
"59",59,"57, 397, 7525, 158, 8439, 60, 9827",7
"60",60,"58, 59, 260, 1118, 160, 61",6
"61",61,"60, 261, 162, 63, 160, 7449, 161, 62",8
"62",62,"61, 2074, 262, 163, 64, 161, 4461, 5078, 4865, 63",10
"63",63,"62, 61, 3821, 263, 164, 65, 162, 1393, 163, 64",10
"64",64,"63, 62, 6722, 4167, 8383, 264, 165, 163, 164",9
"65",65,"63, 265, 540, 67, 164, 165, 66, 2135",8
"66",66,"65, 266, 167, 68, 165, 1729, 3774, 2053, 166, 67",10
"67",67,"66, 65, 3091, 627, 267, 168, 69, 166, 7424, 2845, 167, 68",12
"68",68,"67, 66, 5114, 268, 4313, 70, 167, 69",8
"69",69,"67, 68, 6783, 5180, 269, 71, 168, 8029, 169, 70",10
"70",70,"69, 68, 270, 171, 72, 169, 170, 7627",8
"71",71,"69, 6453, 172, 73, 170, 4757, 171, 72",8
"72",72,"71, 70, 4130, 272, 173, 936, 171, 172, 2807",9
"73",73,"71, 8609, 3977, 75, 172, 173, 74",7
"74",74,"73, 5817, 274, 76, 173, 2344, 174, 75",8
"75",75,"74, 73, 275, 176, 77, 174, 6673, 175, 76",9
"76",76,"75, 74, 276, 177, 78, 175, 176, 77",8
"77",77,"76, 75, 277, 178, 3525, 176, 6738, 177, 78",9
"78",78,"77, 76, 4286, 278, 179, 80, 177, 2982, 79",9
"79",79,"78, 5879, 279, 180, 81, 6954, 179, 80",8
"80",80,"79, 78, 280, 181, 82, 179, 180, 81",8
"81",81,"80, 79, 281, 182, 4855, 181, 8881",7
"82",82,"80, 7534, 2096, 282, 183, 1703, 182, 83",8
"83",83,"82, 679, 283, 85, 1426, 183, 84",7
"84",84,"83, 7587, 284, 223, 86, 183, 1370, 184, 85",9
"85",85,"84, 83, 285, 186, 87, 184, 185, 7059",8
"86",86,"84, 9008, 6045, 286, 187, 88, 185, 186, 87",9
"87",87,"86, 85, 287, 188, 1508, 187, 2246",7
"88",88,"86, 985, 288, 189, 8286, 188, 89",7
"89",89,"88, 289, 190, 91, 188, 5040, 189, 90",8
"90",90,"89, 92, 189, 6130, 1477, 190, 91",7
"91",91,"90, 89, 291, 192, 93, 190, 3921, 92",8
"92",92,"90, 91, 292, 193, 8417, 191, 1849, 192, 93",9
"93",93,"92, 91, 194, 192, 2603, 289, 193, 94",8
"94",94,"93, 4650, 1571, 6834, 294, 195, 96, 193, 8717, 194, 95",11
"95",95,"94, 295, 196, 6816, 194, 7256, 195, 96",8
"96",96,"95, 94, 7639, 296, 7216, 6654, 9034, 97",8
"97",97,"96, 2609, 297, 198, 99, 196, 197, 98",8
"98",98,"97, 5163, 298, 199, 100, 1358, 2830, 198, 6962",9
"99",99,"97, 4618, 5116, 299, 4155, 199, 100",7
"100",100,"99, 98, 199",3
"101",101,"1, 2, 301, 103, 201",5
"102",102,"2, 1, 3, 7992, 203, 104, 6633, 9409, 5607, 103, 138",11
"103",103,"102, 2, 4, 101, 2937, 303, 105, 202, 203, 104",10
"104",104,"4, 103, 5, 102, 3, 304, 106, 203, 204, 1828",10
"105",105,"5, 6, 103, 4, 305, 206, 107, 204, 205, 106",10
"106",106,"6, 105, 7, 104, 5, 306, 108, 206, 107",9
"107",107,"7, 106, 8, 105, 307, 783, 109, 206, 4677, 1996, 207, 108",12
"108",108,"8, 107, 7, 106, 308, 209, 110, 4856, 2686, 208, 109",11
"109",109,"9, 108, 8, 107, 3115, 309, 210, 111, 1554, 209, 110",11
"110",110,"10, 109, 9, 11, 108, 211, 1602, 209, 8168, 210, 111",11
"111",111,"11, 110, 10, 109, 7082, 311, 212, 113, 4042, 211, 112",11
"112",112,"111, 11, 9523, 8288, 312, 213, 114, 211, 212, 113",10
"113",113,"13, 112, 12, 14, 111, 313, 214, 115, 213, 114",10
"114",114,"14, 113, 15, 112, 9808, 9355, 215, 116, 213, 214, 2909",11
"115",115,"15, 14, 16, 113, 9294, 315, 216, 117, 214, 4171, 2622, 409, 116",13
"116",116,"16, 115, 15, 17, 114, 316, 217, 118, 215, 9271, 216, 3280",12
"117",117,"115, 3468, 9626, 218, 119, 216, 7203, 6489, 3397, 8534, 265",11
"118",118,"18, 17, 19, 116, 4249, 318, 219, 120, 9772, 218, 4302",11
"119",119,"19, 20, 117, 18, 319, 220, 218, 5799, 2630, 120",10
"120",120,"20, 119, 21, 118, 320, 221, 122, 219, 7216, 220, 121",11
"121",121,"21, 120, 20, 22, 4927, 222, 123, 220, 1944, 7310, 221, 122",12
"122",122,"22, 121, 21, 23, 120, 322, 223, 124, 221, 222, 123",11
"123",123,"23, 122, 24, 121, 323, 224, 125, 222, 6936, 124",10
"124",124,"24, 23, 25, 122, 123, 1965, 7139, 225, 126, 223, 2733, 125",12
"125",125,"25, 24, 26, 123, 124, 1588, 325, 226, 127, 224, 7281, 126",12
"126",126,"26, 25, 27, 124, 125, 4410, 227, 225, 226, 127",10
"127",127,"27, 126, 26, 125, 8756, 5169, 228, 9925, 226, 128",10
"128",128,"28, 27, 29, 127, 1214, 328, 130, 227, 1567, 228, 129",11
"129",129,"29, 128, 28, 30, 1711, 329, 3067, 131, 228, 1676, 130",11
"130",130,"30, 129, 29, 31, 128, 330, 231, 132, 229, 9010, 230, 131",12
"131",131,"31, 130, 32, 129, 5244, 331, 232, 133, 230, 3052, 231, 132",12
"132",132,"32, 131, 31, 33, 130, 5435, 332, 233, 134, 231, 3594, 232, 133",13
"133",133,"33, 132, 32, 34, 131, 333, 234, 135, 232, 9010, 233, 134",12
"134",134,"34, 133, 33, 35, 132, 334, 235, 136, 233, 7170, 2882",11
"135",135,"35, 34, 36, 133, 335, 236, 137, 234, 3615, 235, 2760",11
"136",136,"36, 35, 37, 134, 53, 336, 237, 8033, 235, 236, 137, 6958",12
"137",137,"37, 136, 36, 38, 135, 238, 139, 236, 237, 138",10
"138",138,"38, 102, 137, 37, 338, 239, 140, 237, 8626, 238, 139",11
"139",139,"39, 138, 38, 40, 137, 1770, 339, 240, 141, 238, 239, 140",12
"140",140,"139, 41, 138, 3937, 340, 241, 239, 2875, 240, 141",10
"141",141,"140, 40, 42, 139, 2465, 341, 242, 143, 240, 6739, 142",11
"142",142,"42, 141, 41, 43, 342, 243, 144, 241, 4550, 4369, 143",11
"143",143,"43, 42, 44, 141, 142, 5366, 343, 244, 242, 5276, 243, 144",12
"144",144,"44, 143, 43, 45, 142, 344, 245, 146, 243, 244",10
"145",145,"45, 44, 46, 8082, 345, 246, 153, 244, 4773, 3110, 245, 146, 4850",13
"146",146,"46, 145, 45, 47, 144, 8074, 698, 346, 247, 148, 245, 2308, 246",13
"147",147,"47, 46, 48, 8843, 8868, 347, 248, 246, 247, 148, 6542",11
"148",148,"48, 147, 49, 146, 348, 249, 150, 3204, 8167, 8063, 248, 149",12
"149",149,"49, 148, 50, 6738, 349, 250, 151, 248, 7190, 7107, 249, 150",12
"150",150,"50, 149, 49, 51, 148, 8995, 3471, 4928, 251, 152, 250, 151",12
"151",151,"51, 150, 50, 52, 149, 351, 252, 9830, 250, 4193, 251, 152",12
"152",152,"151, 51, 53, 150, 5039, 6761, 352, 4313, 154, 251, 310, 7462, 4548, 2184, 252, 153",16
"153",153,"53, 152, 52, 54, 145, 353, 254, 155, 252, 8330, 253",11
"154",154,"54, 152, 53, 354, 255, 156, 253, 254, 5629, 9761",10
"155",155,"54, 56, 153, 1146, 8323, 8049, 355, 256, 157, 254, 156",11
"156",156,"56, 57, 154, 55, 155, 8772, 356, 257, 158, 2272, 1719, 157",12
"157",157,"57, 156, 58, 155, 56, 357, 258, 159, 8657, 257, 158",11
"158",158,"58, 157, 59, 156, 9324, 9156, 358, 259, 160, 257, 3482, 258, 159",13
"159",159,"158, 58, 157, 1149, 359, 260, 161, 258, 7164, 9530, 160",11
"160",160,"60, 159, 61, 158, 2729, 360, 261, 162, 259, 260, 161",11
"161",161,"61, 160, 62, 159, 4895, 361, 262, 163, 260, 261, 162",11
"162",162,"161, 61, 63, 160, 1899, 362, 263, 164, 261, 262, 163",11
"163",163,"63, 162, 62, 64, 161, 7368, 363, 264, 165, 262, 5163, 263, 164",13
"164",164,"64, 163, 63, 65, 162, 265, 166, 263, 165",9
"165",165,"65, 64, 66, 163, 164, 3774, 365, 266, 167, 264, 9136, 265, 5843",13
"166",166,"66, 67, 164, 366, 267, 168, 265, 266, 167",9
"167",167,"67, 166, 66, 68, 165, 367, 6793, 169, 266, 1902, 7480, 168",12
"168",168,"167, 67, 69, 166, 7280, 4797, 269, 6195, 267, 7481, 9226, 169",12
"169",169,"69, 70, 167, 168, 9408, 270, 171, 268, 269, 170",10
"170",170,"70, 169, 71, 370, 172, 269, 2603, 270, 171",9
"171",171,"71, 170, 70, 72, 169, 9052, 5201, 371, 173, 270, 271, 172",12
"172",172,"72, 171, 71, 73, 170, 1583, 372, 273, 174, 271, 272, 173",12
"173",173,"73, 172, 72, 74, 171, 6368, 373, 274, 175, 272, 9732, 273, 6879",13
"174",174,"74, 75, 172, 3183, 2764, 2081, 374, 176, 273, 274, 432",11
"175",175,"75, 76, 173, 4270, 3152, 2228, 375, 276, 177, 274, 2149, 5402, 292, 275",14
"176",176,"76, 75, 77, 174, 878, 376, 277, 178, 275, 276, 177, 4398",12
"177",177,"77, 176, 76, 78, 175, 377, 278, 179, 276, 2039, 8216",11
"178",178,"77, 176, 378, 279, 180, 3172, 278, 179",8
"179",179,"79, 178, 78, 80, 177, 4924, 379, 2890, 181, 279, 180",11
"180",180,"80, 179, 79, 178, 380, 281, 182, 279, 1019, 903, 280, 181",12
"181",181,"81, 180, 80, 179, 381, 282, 183, 280, 6096, 281, 182",11
"182",182,"82, 181, 81, 180, 9820, 382, 283, 184, 281, 282, 183",11
"183",183,"83, 182, 82, 84, 181, 3012, 383, 284, 185, 282, 8410, 6092, 283, 184",14
"184",184,"84, 183, 85, 182, 8827, 4492, 384, 285, 3435, 283, 546, 1369, 185",13
"185",185,"85, 86, 183, 184, 385, 286, 187, 284, 285, 186",10
"186",186,"86, 185, 85, 3574, 386, 5141, 285, 286, 187",9
"187",187,"87, 186, 86, 185, 387, 288, 189, 286, 287, 188",10
"188",188,"88, 187, 87, 89, 9300, 388, 289, 190, 287, 3935, 288, 189",12
"189",189,"89, 188, 88, 90, 187, 389, 290, 288, 289, 190",10
"190",190,"90, 189, 89, 91, 188, 6726, 6057, 2862, 390, 291, 192, 289, 290, 191",14
"191",191,"190, 92, 9200, 391, 292, 193, 290, 4131, 291",9
"192",192,"92, 91, 93, 190, 4527, 6195, 392, 293, 4610, 291, 292, 193, 2783",13
"193",193,"93, 192, 92, 94, 191, 9959, 393, 294, 195, 292, 9447, 293, 194",13
"194",194,"94, 193, 95, 93, 394, 196, 293, 294, 195",9
"195",195,"95, 194, 94, 193, 7343, 3327, 296, 197, 294, 6911, 196",11
"196",196,"95, 97, 194, 195, 396, 8511, 198, 295, 296",9
"197",197,"97, 195, 4604, 397, 298, 199, 296, 7888, 297, 198, 4853",11
"198",198,"98, 197, 97, 196, 8346, 2279, 398, 299, 297, 2452, 298, 199",12
"199",199,"198, 98, 197, 100, 99, 2865, 399, 300, 299, 200",10
"200",200,"199, 6345, 7181, 400, 299, 9690, 300",7
"201",201,"101, 1, 6987, 401, 302, 203, 202",7
"202",202,"2, 103, 201, 402, 303, 204, 301, 8799, 302, 203",10
"203",203,"103, 202, 102, 104, 201, 403, 1777, 302, 303, 204",10
"204",204,"104, 203, 105, 202, 9989, 404, 305, 303, 8647, 304, 205",11
"205",205,"105, 204, 3416, 7025, 405, 306, 304, 305, 206",9
"206",206,"106, 205, 6, 105, 107, 406, 208, 305, 3922, 306, 207",11
"207",207,"107, 206, 7, 407, 308, 209, 5071, 7692, 307",9
"208",208,"108, 8, 206, 1103, 309, 210, 307, 209, 6629",9
"209",209,"109, 9, 108, 110, 207, 208, 967, 310, 211, 7115, 9837, 8478, 309, 210",14
"210",210,"110, 209, 109, 208, 8378, 311, 212, 309, 310, 211",10
"211",211,"111, 210, 11, 110, 112, 209, 7854, 5755, 5481, 312, 310, 6417, 311, 212",14
"212",212,"112, 211, 12, 111, 210, 2152, 214, 312, 213",9
"213",213,"113, 212, 13, 112, 114, 8136, 314, 312, 9545, 313, 214",11
"214",214,"114, 213, 14, 113, 115, 212, 414, 315, 216, 314, 215",11
"215",215,"214, 15, 116, 114, 415, 316, 217, 314, 1686, 315",10
"216",216,"116, 16, 115, 117, 214, 3989, 1122, 317, 218, 315, 7822, 316, 7765, 1844",14
"217",217,"17, 116, 215, 6850, 417, 318, 219, 316, 317, 9359",10
"218",218,"118, 119, 216, 117, 6626, 5357, 418, 319, 220, 317, 1612, 318, 219",13
"219",219,"218, 19, 118, 120, 217, 419, 725, 221, 318, 319, 2919",11
"220",220,"120, 20, 119, 121, 218, 622, 1024, 321, 222, 4919, 8347, 320, 9446",13
"221",221,"121, 21, 120, 122, 219, 4914, 421, 322, 223, 320, 9942, 2312, 321, 222",14
"222",222,"122, 221, 123, 220, 121, 2840, 6474, 422, 323, 224, 4596, 322, 223",13
"223",223,"222, 23, 84, 122, 124, 221, 8870, 9306, 423, 225, 5679, 323, 224",13
"224",224,"223, 24, 123, 125, 222, 782, 424, 325, 226, 323, 9130, 225",12
"225",225,"224, 25, 124, 126, 223, 7277, 9857, 7523, 425, 326, 227, 324, 325, 226",14
"226",226,"126, 225, 26, 125, 127, 224, 8317, 327, 228, 325, 326, 227",12
"227",227,"226, 126, 128, 225, 8208, 427, 424, 326, 892, 327, 228",11
"228",228,"128, 227, 28, 129, 226, 127, 428, 329, 230, 327, 2033, 328, 229",13
"229",229,"228, 29, 130, 429, 330, 231, 328, 7166, 329, 2314",10
"230",230,"130, 30, 131, 228, 430, 331, 232, 329, 8002, 330, 231",11
"231",231,"131, 230, 31, 130, 132, 229, 9000, 6951, 233, 330, 331, 232",12
"232",232,"132, 231, 32, 131, 133, 230, 2217, 432, 333, 331, 332, 233",12
"233",233,"133, 232, 132, 134, 231, 433, 334, 332, 333, 234",10
"234",234,"233, 34, 133, 135, 7861, 4811, 434, 335, 236, 333, 9023, 334, 235",13
"235",235,"135, 234, 35, 134, 136, 6358, 6176, 336, 237, 334, 6718, 335, 7328",13
"236",236,"136, 36, 135, 137, 234, 436, 337, 238, 335, 336, 237",11
"237",237,"137, 236, 37, 136, 138, 235, 437, 338, 239, 336, 337",11
"238",238,"138, 38, 139, 236, 137, 2516, 438, 339, 240, 337, 338, 239",12
"239",239,"139, 238, 138, 140, 237, 5543, 439, 340, 338, 240",10
"240",240,"140, 40, 139, 141, 238, 239, 2427, 440, 341, 242, 339, 5084, 340, 241",14
"241",241,"240, 41, 140, 142, 441, 342, 243, 340, 948, 341, 242",11
"242",242,"241, 42, 141, 240, 143, 1992, 442, 343, 244, 341, 342, 243",12
"243",243,"143, 242, 43, 142, 144, 241, 6468, 443, 344, 6760, 343, 244",12
"244",244,"144, 243, 44, 143, 145, 242, 444, 345, 246, 5764, 344, 245",12
"245",245,"145, 244, 45, 144, 146, 6717, 346, 247, 344, 4170, 8977, 345, 246",13
"246",246,"146, 245, 46, 145, 147, 244, 446, 347, 248, 345, 247",11
"247",247,"147, 47, 146, 245, 246, 447, 348, 249, 440, 347, 6777",11
"248",248,"148, 48, 147, 149, 246, 1558, 1248, 349, 250, 348",10
"249",249,"149, 49, 148, 247, 5004, 449, 350, 251, 348, 1084, 349, 250, 4318",13
"250",250,"150, 249, 149, 151, 248, 7918, 351, 252, 349, 2872, 350, 251",12
"251",251,"151, 250, 51, 150, 152, 249, 1028, 451, 352, 253, 350, 351, 252",13
"252",252,"152, 251, 52, 151, 153, 250, 6714, 452, 353, 254, 3521, 352, 253",13
"253",253,"153, 252, 154, 251, 2152, 3711, 453, 354, 255, 352, 254",11
"254",254,"154, 54, 153, 155, 252, 253, 2328, 355, 256, 353, 354, 255",12
"255",255,"254, 154, 253, 1557, 2428, 455, 356, 257, 354, 7776, 355, 256",12
"256",256,"255, 155, 254, 4065, 3817, 3589, 1626, 456, 258, 355",10
"257",257,"157, 156, 158, 255, 9369, 457, 358, 259, 356, 357, 258",11
"258",258,"158, 257, 58, 157, 159, 256, 2663, 458, 359, 260, 357, 358, 259",13
"259",259,"258, 158, 160, 257, 459, 360, 261, 358, 7390, 5985, 359, 260",12
"260",260,"160, 259, 60, 159, 161, 258, 4480, 2784, 361, 359, 360, 261",12
"261",261,"161, 260, 61, 160, 162, 259, 461, 263, 360, 361, 262",11
"262",262,"162, 261, 62, 161, 163, 462, 363, 264, 361, 3915, 362",11
"263",263,"163, 63, 162, 164, 261, 463, 364, 265, 362, 2133, 363, 264, 6060",13
"264",264,"263, 64, 163, 165, 262, 464, 365, 266, 363, 7730, 9222, 364, 265, 3772",14
"265",265,"117, 165, 264, 65, 166, 263, 164, 7966, 465, 366, 364, 266",12
"266",266,"166, 66, 165, 167, 264, 265, 611, 466, 367, 268, 365, 267",12
"267",267,"67, 166, 168, 266, 467, 368, 8151, 4940, 7675, 4868, 367, 4788",12
"268",268,"68, 169, 266, 1967, 468, 369, 270, 367, 3661, 368, 269",11
"269",269,"169, 268, 69, 170, 168, 4737, 469, 370, 271, 368, 3403, 369, 270",13
"270",270,"170, 269, 70, 169, 171, 268, 6497, 2472, 470, 371, 272, 7844, 370, 271",14
"271",271,"171, 270, 172, 269, 8389, 471, 372, 273, 370, 371, 272",11
"272",272,"172, 271, 72, 173, 270, 472, 373, 274, 371, 2628, 372, 273",12
"273",273,"173, 272, 172, 174, 271, 3557, 473, 374, 275, 372, 584, 373, 274",13
"274",274,"174, 273, 74, 173, 175, 272, 8542, 3236, 474, 375, 276, 373, 374, 275",14
"275",275,"175, 274, 75, 176, 273, 475, 7791, 277, 374, 2479, 9004, 8992, 375, 276",14
"276",276,"176, 275, 76, 175, 177, 274, 476, 377, 278, 375",10
"277",277,"77, 176, 275, 477, 378, 279, 376, 377, 278, 2230",10
"278",278,"178, 277, 78, 177, 276, 5435, 478, 379, 280, 377, 378, 279",12
"279",279,"179, 278, 79, 178, 180, 277, 6588, 479, 380, 281, 378, 6007, 280",13
"280",280,"180, 279, 80, 181, 278, 480, 381, 282, 379, 380, 281",11
"281",281,"181, 280, 81, 180, 182, 279, 481, 382, 283, 6591, 381",11
"282",282,"182, 82, 181, 183, 280, 482, 6619, 284, 381, 9272, 382, 283, 2795",13
"283",283,"183, 282, 83, 182, 184, 281, 483, 384, 285, 382, 383, 284",12
"284",284,"283, 84, 183, 185, 282, 1453, 484, 385, 7072, 384, 285",11
"285",285,"185, 284, 85, 184, 186, 283, 485, 386, 287, 384, 385, 286",12
"286",286,"186, 285, 86, 185, 187, 2157, 486, 387, 288, 385, 2647, 8299, 287",13
"287",287,"187, 286, 87, 188, 285, 2428, 487, 388, 289, 386, 9224, 288",12
"288",288,"188, 88, 187, 189, 286, 287, 488, 389, 290, 387, 6119, 289",12
"289",289,"189, 288, 89, 188, 190, 287, 93, 1736, 489, 390, 7549, 388",12
"290",290,"190, 189, 191, 288, 5635, 4044, 4487, 986, 490, 391, 292, 389, 390, 291",14
"291",291,"191, 290, 91, 190, 192, 491, 392, 390, 5445, 391",10
"292",292,"192, 92, 191, 193, 290, 175, 492, 393, 294, 391, 9857, 614",12
"293",293,"193, 192, 194, 4418, 4123, 493, 394, 295, 392, 393, 294",11
"294",294,"194, 293, 94, 193, 195, 292, 3184, 1488, 395, 8123, 393, 394, 295",13
"295",295,"294, 95, 196, 293, 495, 396, 297, 394, 9814, 395, 296",11
"296",296,"196, 295, 96, 195, 197, 496, 298, 7111, 396, 3476",10
"297",297,"197, 97, 198, 295, 2449, 1857, 1851, 3483, 398, 299, 1898, 9458, 397, 298",14
"298",298,"198, 297, 98, 197, 296, 1346, 498, 399, 8377, 397, 961, 9124, 7182, 398, 299",15
"299",299,"199, 298, 99, 198, 200, 297, 9830, 499, 400, 4564, 3371, 399, 300",13
"300",300,"200, 299, 199, 4877, 500, 399, 400",7
"301",301,"101, 202, 7549, 501, 402, 303, 401",7
"302",302,"202, 201, 203, 502, 403, 304, 401, 402, 303, 8715",10
"303",303,"203, 302, 103, 202, 204, 301, 7390, 503, 2245, 305, 402, 403, 304",13
"304",304,"204, 303, 104, 205, 302, 4918, 2773, 504, 405, 1302, 403, 323, 8438, 8195, 404, 305",16
"305",305,"205, 304, 105, 204, 206, 303, 505, 406, 307, 404, 4611, 405, 306",13
"306",306,"206, 305, 106, 205, 4045, 1687, 845, 407, 308, 405, 406",11
"307",307,"207, 107, 208, 305, 1980, 507, 408, 309, 406, 4875, 407, 308, 6721",13
"308",308,"307, 108, 207, 306, 1977, 409, 310, 2175, 408, 309",10
"309",309,"209, 308, 109, 210, 307, 208, 4254, 534, 509, 3958, 2719, 408, 310",13
"310",310,"210, 152, 211, 308, 209, 309, 510, 411, 312, 2555, 6816",11
"311",311,"211, 111, 210, 5626, 7606, 511, 412, 313, 410, 3189, 411, 312, 9679",13
"312",312,"212, 311, 211, 213, 310, 112, 7493, 1924, 512, 413, 411, 313",12
"313",313,"213, 113, 311, 312, 9610, 513, 414, 315, 412, 6623, 413, 314",12
"314",314,"214, 313, 215, 213, 6032, 3606, 415, 316, 413, 1603, 414, 315",12
"315",315,"215, 314, 115, 214, 216, 313, 515, 416, 317, 414, 316",11
"316",316,"216, 116, 215, 217, 314, 315, 9446, 417, 318, 8954, 416, 317",12
"317",317,"217, 316, 216, 218, 315, 5333, 418, 319, 416, 417, 318",11
"318",318,"218, 317, 118, 217, 219, 316, 2023, 518, 419, 1415, 5909",11
"319",319,"219, 119, 218, 317, 5907, 5019, 519, 420, 321, 2957, 377, 320",12
"320",320,"220, 319, 120, 221, 8669, 520, 421, 322, 5835, 761, 321",11
"321",321,"221, 320, 220, 319, 8399, 521, 422, 7831, 420, 8933, 7542, 3276, 421, 322",14
"322",322,"222, 321, 122, 221, 320, 1774, 522, 423, 324, 421, 422, 323",12
"323",323,"223, 322, 123, 304, 222, 224, 6746, 523, 424, 325, 422, 1951, 1771, 324",14
"324",324,"323, 225, 322, 9730, 6361, 4246, 524, 425, 326, 423, 1160, 424, 2631",13
"325",325,"225, 125, 224, 226, 323, 525, 327, 424, 425, 326",10
"326",326,"226, 325, 225, 227, 324, 3383, 526, 427, 5086, 425, 426, 327",12
"327",327,"227, 326, 226, 228, 325, 6393, 527, 6651, 426, 427, 432",11
"328",328,"228, 128, 229, 528, 429, 330, 427, 5220, 3353, 428, 329",11
"329",329,"229, 328, 129, 228, 230, 7546, 529, 3981, 331, 428, 7168, 330",12
"330",330,"230, 130, 229, 231, 328, 329, 7345, 530, 431, 332, 429, 3977, 430, 3602",14
"331",331,"231, 131, 230, 232, 329, 6780, 531, 333, 7474, 431, 332",11
"332",332,"232, 331, 132, 233, 330, 8967, 433, 431, 9892, 4799",10
"333",333,"233, 133, 232, 234, 331, 533, 434, 335, 4274, 8822, 433, 334",12
"334",334,"234, 333, 134, 233, 235, 5278, 435, 336, 433, 9382, 3283, 434, 335",13
"335",335,"235, 334, 135, 234, 236, 333, 8129, 9654, 436, 337, 435, 336",12
"336",336,"335, 136, 235, 237, 334, 236, 6964, 6569, 2150, 536, 437, 338, 435, 436, 337",15
"337",337,"237, 336, 236, 238, 335, 8785, 6854, 537, 438, 339, 436, 4369, 338",13
"338",338,"238, 138, 237, 239, 336, 337, 9071, 538, 439, 340, 437, 438, 339",13
"339",339,"338, 139, 238, 240, 337, 7326, 539, 440, 341, 8817, 340",11
"340",340,"240, 140, 239, 241, 338, 339, 540, 441, 342, 439, 440, 341",12
"341",341,"241, 340, 141, 240, 242, 339, 3117, 1256, 1385, 343, 441, 369",12
"342",342,"242, 142, 241, 340, 542, 8943, 441, 442, 343",9
"343",343,"243, 342, 143, 242, 341, 9431, 543, 444, 345, 442, 3725",11
"344",344,"244, 144, 243, 245, 544, 445, 346, 443, 8807, 5081, 444, 345, 947",13
"345",345,"245, 344, 145, 244, 246, 343, 7546, 1477, 545, 446, 444, 445, 346",13
"346",346,"345, 146, 245, 344, 6695, 4515, 546, 447, 348, 551, 446, 6054, 1932",13
"347",347,"247, 147, 246, 7756, 547, 448, 349, 446, 7604, 447, 348",11
"348",348,"248, 347, 148, 247, 249, 346, 548, 520, 350, 1020, 448, 349",12
"349",349,"249, 348, 149, 250, 347, 248, 7514, 7464, 549, 450, 351, 448, 1097, 449, 350",15
"350",350,"250, 349, 249, 251, 348, 550, 451, 352, 449, 450, 351",11
"351",351,"251, 350, 151, 250, 349, 7002, 5354, 9227, 551, 452, 450, 451, 352",13
"352",352,"252, 351, 152, 251, 253, 350, 552, 453, 354, 451, 452, 9731",12
"353",353,"153, 252, 254, 5787, 5645, 454, 355, 452, 2607, 453, 354",11
"354",354,"254, 353, 154, 253, 255, 352, 9015, 2030, 455, 356, 453, 454, 355",13
"355",355,"354, 155, 256, 353, 254, 255, 6143, 357, 454, 4222, 455, 356",12
"356",356,"355, 156, 255, 257, 354, 2602, 5112, 3321, 556, 457, 358, 455, 4827, 456, 357",15
"357",357,"257, 356, 157, 258, 355, 9793, 557, 458, 359, 456, 6050, 457, 358",13
"358",358,"258, 357, 158, 257, 259, 356, 558, 457, 458, 359",10
"359",359,"259, 358, 159, 258, 260, 357, 2814, 559, 2106, 458, 459, 360",12
"360",360,"260, 359, 160, 259, 261, 560, 362, 459, 5777, 361",10
"361",361,"261, 360, 161, 260, 262, 7461, 8446, 462, 363, 460, 461, 5220",12
"362",362,"262, 162, 263, 360, 7707, 5717, 562, 463, 364, 461, 6901, 6105, 1911, 462, 363",15
"363",363,"263, 362, 163, 262, 264, 361, 563, 464, 365, 462, 8012, 463, 364",13
"364",364,"264, 363, 263, 265, 362, 1805, 2959, 3117, 564, 465, 366, 463, 4049, 365",14
"365",365,"364, 165, 264, 266, 363, 3454, 565, 466, 7253, 464, 465, 366",12
"366",366,"365, 166, 265, 364, 566, 467, 368, 465, 466, 367, 6168",11
"367",367,"267, 366, 167, 266, 268, 4622, 4669, 3189, 384, 567, 468, 369, 466, 1838, 2371",15
"368",368,"268, 267, 269, 366, 511, 7428, 594, 469, 4988, 9292, 369",11
"369",369,"269, 341, 268, 367, 368, 569, 470, 371, 468, 469, 370",11
"370",370,"270, 369, 170, 269, 271, 570, 471, 372, 470, 371",10
"371",371,"271, 370, 171, 270, 272, 369, 571, 472, 373, 470, 7461, 2460, 1171",13
"372",372,"272, 172, 271, 273, 370, 572, 473, 2185, 471, 472, 373, 5131",12
"373",373,"273, 372, 173, 272, 274, 371, 9269, 3763, 573, 2887, 375, 472, 7535, 473, 374",15
"374",374,"274, 373, 174, 273, 275, 475, 473, 5227, 474",9
"375",375,"275, 175, 274, 276, 373, 476, 5202, 376, 8637",9
"376",376,"176, 277, 375, 6623, 2505, 477, 378, 475, 476, 377",10
"377",377,"277, 319, 376, 177, 276, 278, 9639, 3566, 577, 7304, 379, 476, 1960, 477, 378",15
"378",378,"278, 377, 178, 277, 279, 376, 3385, 578, 479, 380, 477, 478, 379",13
"379",379,"378, 179, 278, 280, 377, 8194, 480, 381, 478, 479, 380",11
"380",380,"280, 379, 180, 279, 378, 580, 481, 382, 479, 6352, 480, 381",12
"381",381,"281, 380, 181, 280, 282, 379, 581, 482, 383, 4804, 481, 382",12
"382",382,"282, 381, 182, 281, 283, 380, 798, 582, 483, 481, 383",11
"383",383,"283, 183, 381, 9, 382, 484, 385, 482, 4087, 741, 384",11
"384",384,"284, 383, 184, 283, 285, 367, 7359, 584, 485, 386, 483, 484",12
"385",385,"285, 185, 284, 286, 383, 3066, 5782, 486, 387, 484, 485, 386, 440",13
"386",386,"385, 186, 285, 287, 384, 9230, 5754, 487, 388, 7350, 486, 387",12
"387",387,"32, 386, 187, 286, 288, 385, 1427, 1414, 587, 488, 389, 487, 388",13
"388",388,"387, 188, 287, 289, 386, 1416, 489, 1139, 487, 488, 389",11
"389",389,"388, 189, 288, 290, 387, 4922, 589, 490, 391, 488, 9332, 489, 390",13
"390",390,"290, 389, 190, 289, 291, 590, 491, 392, 489, 490, 391",11
"391",391,"291, 390, 191, 290, 292, 389, 1136, 591, 492, 393, 490, 3420, 392",13
"392",392,"391, 192, 291, 293, 390, 592, 493, 394, 491, 492, 393",11
"393",393,"293, 392, 193, 292, 294, 391, 3983, 593, 494, 395, 492, 8407, 493, 394",14
"394",394,"294, 393, 194, 293, 295, 392, 7106, 594, 495, 396, 3555, 395",12
"395",395,"295, 294, 393, 394, 595, 2535, 397, 494, 495, 3984",10
"396",396,"296, 196, 295, 394, 596, 497, 496, 397",8
"397",397,"297, 396, 197, 59, 298, 395, 6682, 1763, 597, 498, 399, 496, 497, 398",14
"398",398,"298, 397, 198, 297, 786, 598, 499, 400, 4385, 498",10
"399",399,"299, 199, 298, 300, 397, 6934, 5519, 5238, 599, 500, 498, 499, 8669, 7255",14
"400",400,"300, 200, 299, 398, 600, 499, 500",7
"401",401,"301, 201, 302, 3768, 601, 1089, 403, 501, 402",9
"402",402,"302, 401, 202, 301, 303, 602, 503, 404, 501, 502, 403",11
"403",403,"303, 402, 203, 302, 304, 401, 1055, 504, 405, 502, 5866, 404",12
"404",404,"304, 403, 204, 305, 402, 604, 505, 406, 503, 504, 405",11
"405",405,"305, 404, 205, 304, 306, 403, 605, 506, 407, 504, 3990, 505, 406",13
"406",406,"306, 405, 206, 305, 307, 404, 606, 507, 408, 3233, 506, 407",12
"407",407,"307, 406, 207, 306, 405, 6094, 508, 409, 506, 507, 408",11
"408",408,"308, 407, 307, 309, 406, 5721, 7928, 509, 410, 507, 9943, 7828, 2243, 508, 409",15
"409",409,"115, 408, 407, 308, 9795, 5145, 609, 510, 411, 508, 509, 410, 4276",13
"410",410,"409, 311, 408, 610, 511, 8881, 509, 7243, 510, 411",10
"411",411,"311, 410, 310, 312, 409, 6170, 611, 512, 413, 6838, 511, 412",12
"412",412,"411, 311, 313, 8459, 8736, 513, 414, 511, 512, 413",10
"413",413,"313, 412, 312, 314, 411, 613, 514, 415, 512, 6050, 7003, 414",12
"414",414,"314, 413, 214, 313, 315, 412, 614, 515, 7005, 4940, 514, 415",12
"415",415,"414, 215, 413, 314, 8892, 3310, 615, 516, 514, 515, 416",11
"416",416,"316, 415, 315, 317, 4098, 4195, 616, 517, 418, 515, 3962, 417",12
"417",417,"317, 416, 217, 316, 9424, 8226, 617, 5551, 419, 8756, 9859, 517, 418",13
"418",418,"417, 218, 416, 317, 7886, 618, 519, 8059, 517, 518, 419",11
"419",419,"418, 219, 318, 417, 7421, 1519, 520, 421, 518, 4972, 420",11
"420",420,"419, 319, 321, 4659, 878, 620, 521, 422, 519, 5595, 520, 421",12
"421",421,"321, 420, 221, 320, 322, 419, 6175, 6004, 621, 522, 423, 520, 6386, 8918, 422",15
"422",422,"322, 421, 222, 321, 323, 420, 622, 523, 521, 522",10
"423",423,"223, 322, 324, 421, 623, 524, 425, 522, 523, 424, 1471",11
"424",424,"324, 423, 224, 227, 323, 325, 624, 525, 426, 4717, 1262, 524, 425",13
"425",425,"325, 424, 225, 324, 326, 423, 4972, 625, 526, 427, 524, 525, 426",13
"426",426,"326, 425, 327, 424, 626, 527, 428, 525, 9491, 526",10
"427",427,"327, 227, 326, 328, 425, 627, 528, 429, 526, 527, 428, 9293",12
"428",428,"328, 427, 228, 329, 426, 1476, 628, 529, 430, 527, 4971, 8822, 528, 429",14
"429",429,"428, 229, 328, 330, 427, 629, 530, 431, 528, 529, 430, 7532",12
"430",430,"330, 429, 230, 428, 630, 531, 9120, 529, 530, 431",10
"431",431,"331, 430, 330, 332, 429, 4944, 631, 532, 433, 530, 3536, 432",12
"432",432,"174, 327, 431, 232, 5573, 632, 533, 434, 531, 5332, 4765, 532, 433",13
"433",433,"333, 432, 233, 334, 431, 332, 633, 435, 532, 533, 4685",11
"434",434,"334, 234, 333, 432, 4786, 634, 535, 436, 533, 9607, 435",11
"435",435,"335, 434, 334, 336, 433, 1788, 635, 536, 437, 534, 535, 436",12
"436",436,"336, 435, 236, 335, 337, 434, 5693, 636, 537, 438, 535, 536, 437",13
"437",437,"436, 237, 336, 338, 435, 2610, 5068, 7050, 637, 439, 536, 537, 438",13
"438",438,"338, 437, 238, 337, 436, 638, 539, 537, 439",9
"439",439,"239, 338, 340, 437, 438, 8202, 5135, 639, 7559, 441, 1907, 539",12
"440",440,"340, 385, 240, 247, 339, 640, 541, 442, 539, 6763, 540, 5678, 4632",13
"441",441,"341, 241, 340, 342, 439, 641, 1330, 443, 540, 541, 442",11
"442",442,"342, 441, 242, 343, 440, 642, 543, 9579, 7157, 1125, 542, 443",12
"443",443,"442, 243, 344, 441, 9373, 643, 544, 445, 542, 444",10
"444",444,"344, 244, 343, 345, 443, 644, 545, 446, 1401, 544, 445",11
"445",445,"345, 444, 344, 443, 19, 3897, 447, 544, 545",9
"446",446,"346, 246, 345, 347, 444, 8901, 646, 547, 448, 5656, 447, 6435",12
"447",447,"347, 346, 445, 247, 446, 8264, 647, 548, 449, 546, 7714, 7546, 547, 448",14
"448",448,"348, 447, 347, 349, 446, 6415, 9999, 648, 549, 8642, 547, 776, 449",13
"449",449,"349, 448, 249, 350, 447, 6963, 649, 451, 548, 549, 450",11
"450",450,"350, 449, 349, 351, 650, 551, 452, 549, 4463, 3604, 550, 451",12
"451",451,"351, 450, 251, 350, 352, 449, 651, 552, 550, 551, 452",11
"452",452,"352, 451, 252, 351, 353, 450, 652, 553, 454, 551, 552, 453",12
"453",453,"353, 452, 253, 352, 354, 653, 554, 455, 552, 7851, 5782, 553, 454",13
"454",454,"354, 453, 353, 355, 452, 4046, 9614, 654, 555, 456, 553, 455",12
"455",455,"355, 255, 356, 453, 354, 454, 655, 556, 457, 554, 555, 456",12
"456",456,"356, 455, 256, 357, 454, 2718, 656, 557, 458, 555, 7257, 556, 8244",13
"457",457,"357, 257, 356, 455, 358, 657, 558, 4661, 556, 557, 458",11
"458",458,"358, 457, 258, 357, 359, 456, 4361, 7757, 559, 460, 557, 558, 459",13
"459",459,"359, 458, 259, 360, 5112, 603, 560, 461, 558, 2196, 559, 518",12
"460",460,"361, 458, 6590, 660, 559, 6230, 7759, 560, 461",9
"461",461,"361, 460, 261, 362, 459, 661, 562, 463, 561, 462",10
"462",462,"362, 461, 262, 361, 363, 662, 563, 464, 889, 4992, 562, 463",12
"463",463,"363, 462, 263, 362, 364, 461, 5010, 465, 562, 464",10
"464",464,"264, 363, 365, 462, 463, 6340, 664, 565, 564, 465",10
"465",465,"365, 464, 265, 364, 366, 463, 9279, 7594, 7440, 4462, 665, 566, 467, 4986, 3841, 565, 466",17
"466",466,"366, 465, 266, 365, 367, 1447, 567, 565, 1065, 566, 467",11
"467",467,"466, 267, 366, 465, 9227, 568, 469, 566, 2460, 567, 468",11
"468",468,"467, 268, 367, 369, 8453, 668, 569, 470, 567, 2144, 568, 469",12
"469",469,"369, 468, 269, 368, 467, 7395, 669, 570, 471, 568, 522, 569, 470",13
"470",470,"370, 469, 270, 369, 371, 468, 670, 571, 472, 569, 570, 471",12
"471",471,"470, 271, 370, 372, 469, 8616, 881, 671, 572, 473, 570, 472",12
"472",472,"372, 272, 371, 373, 470, 471, 6624, 672, 573, 474, 571, 5157, 572, 7555",14
"473",473,"373, 273, 372, 471, 374, 673, 574, 475, 572, 4237, 573, 7275",12
"474",474,"374, 274, 472, 674, 8402, 476, 573, 574, 475",9
"475",475,"474, 275, 376, 473, 374, 4509, 5734, 675, 576, 574, 6785, 575, 476",13
"476",476,"376, 475, 276, 377, 474, 375, 676, 577, 575, 1957, 3687",11
"477",477,"377, 277, 378, 376, 677, 578, 479, 9062, 577, 478",10
"478",478,"378, 477, 278, 379, 7337, 678, 579, 480, 577, 8920, 578, 479",12
"479",479,"379, 478, 279, 378, 380, 477, 679, 481, 578, 7405, 579, 480",12
"480",480,"380, 479, 280, 478, 379, 680, 581, 9431, 8650, 7838, 580, 481",12
"481",481,"381, 480, 281, 380, 382, 479, 4860, 6319, 582, 483, 580, 581, 482",13
"482",482,"481, 282, 381, 383, 2000, 8357, 1747, 3097, 875, 583, 484, 581, 582, 483",14
"483",483,"482, 283, 382, 384, 481, 6311, 2798, 683, 584, 485, 582, 5806, 1851, 718, 583, 9469",16
"484",484,"384, 284, 385, 482, 383, 684, 585, 486, 583, 485",10
"485",485,"385, 484, 285, 384, 483, 642, 685, 586, 487, 584, 585, 3121",12
"486",486,"386, 286, 484, 385, 8180, 686, 665, 2298, 586, 487",10
"487",487,"387, 486, 287, 386, 388, 485, 687, 489, 586, 9931, 587, 488",12
"488",488,"388, 487, 288, 387, 389, 5517, 4721, 3462, 688, 589, 490, 587, 588, 489",14
"489",489,"389, 488, 289, 388, 390, 487, 510, 689, 590, 2768, 588, 589, 490",13
"490",490,"390, 489, 290, 389, 391, 488, 690, 7631, 492, 589, 590, 4016",12
"491",491,"291, 390, 392, 8451, 691, 592, 493, 590, 591, 492",10
"492",492,"392, 491, 292, 391, 393, 490, 6936, 593, 6337, 592, 493",11
"493",493,"393, 492, 293, 392, 491, 693, 594, 495, 592, 593, 494",11
"494",494,"493, 393, 395, 694, 595, 496, 593, 6723, 594, 7995",10
"495",495,"395, 295, 394, 493, 695, 596, 497, 594, 9857, 595, 496, 1227",12
"496",496,"396, 495, 296, 397, 494, 8871, 696, 597, 498, 595, 596, 497",12
"497",497,"397, 496, 396, 495, 2430, 697, 598, 596",8
"498",498,"398, 298, 397, 399, 496, 2788, 698, 599, 500, 597, 598, 499, 6131",13
"499",499,"399, 498, 299, 398, 400, 699, 598, 4303, 599, 500",10
"500",500,"400, 499, 300, 399, 498, 700, 599, 8972",8
"501",501,"401, 301, 402, 7492, 701, 602, 503, 8935, 5363, 601, 9052",11
"502",502,"402, 302, 403, 1745, 702, 603, 504, 601, 1613, 602, 503",11
"503",503,"502, 303, 402, 404, 501, 7122, 1865, 703, 604, 602, 603, 4771",12
"504",504,"404, 304, 405, 502, 403, 9877, 4215, 704, 506, 603, 897, 604, 505",13
"505",505,"405, 504, 305, 404, 705, 606, 6125, 604, 3901, 605, 506",11
"506",506,"406, 505, 405, 407, 504, 6540, 706, 607, 606, 507",10
"507",507,"407, 506, 307, 406, 408, 8752, 509, 606, 7249, 508",10
"508",508,"408, 507, 409, 407, 2409, 708, 5857, 607, 1994, 608, 509",11
"509",509,"409, 508, 309, 408, 410, 507, 7100, 709, 511, 608, 609",11
"510",510,"410, 310, 409, 489, 2926, 611, 512, 609, 513, 511, 8697",11
"511",511,"411, 510, 368, 311, 410, 412, 509, 711, 612, 513, 610, 6727, 512",13
"512",512,"412, 511, 312, 411, 413, 510, 712, 613, 611, 3871, 513",11
"513",513,"510, 313, 511, 412, 512, 713, 614, 2593, 3108, 7473, 6118, 613, 514",13
"514",514,"414, 513, 413, 415, 1240, 714, 516, 613, 2927, 614, 515",11
"515",515,"415, 514, 315, 414, 416, 715, 616, 614, 615, 2922",10
"516",516,"415, 514, 9279, 825, 1965, 716, 617, 518, 615, 616, 517",11
"517",517,"417, 516, 416, 418, 8916, 717, 618, 519, 616, 3303, 9004, 617, 518",13
"518",518,"418, 459, 517, 318, 419, 516, 3419, 619, 520, 617, 7730, 4640, 519",13
"519",519,"518, 319, 418, 420, 517, 719, 620, 521, 619, 520",10
"520",520,"420, 519, 320, 348, 421, 518, 419, 9234, 8804, 3281, 720, 621, 1440, 619, 620, 521",16
"521",521,"520, 321, 420, 422, 519, 8351, 5528, 721, 622, 523, 620, 621, 522",13
"522",522,"422, 521, 322, 421, 423, 469, 880, 2045, 524, 621, 523",11
"523",523,"423, 522, 323, 422, 521, 1437, 3885, 3026, 723, 525, 623, 524",12
"524",524,"424, 523, 324, 423, 425, 522, 7891, 625, 5666, 1745, 624, 525",12
"525",525,"425, 524, 325, 424, 426, 523, 725, 626, 527, 3373, 625, 526",12
"526",526,"426, 525, 326, 425, 427, 8015, 4868, 726, 627, 6368, 625, 8442, 626, 527",14
"527",527,"427, 526, 327, 426, 428, 525, 7163, 717, 628, 2400, 626, 8231, 1584, 627, 528",15
"528",528,"428, 527, 328, 427, 429, 5431, 728, 629, 530, 627, 9867, 628, 529",13
"529",529,"429, 528, 329, 428, 430, 5197, 729, 630, 531, 628, 629, 530",12
"530",530,"430, 529, 330, 429, 431, 528, 8741, 1233, 730, 631, 532, 629, 6654, 3791, 630, 531",16
"531",531,"530, 331, 430, 432, 529, 632, 533, 630, 631, 2953",10
"532",532,"432, 431, 433, 530, 732, 633, 534, 631, 9098, 632, 533",11
"533",533,"433, 532, 333, 432, 434, 531, 3898, 3043, 733, 535, 632, 534",12
"534",534,"435, 532, 309, 533, 734, 536, 633, 7696, 5761, 634, 4829",11
"535",535,"435, 434, 436, 533, 735, 636, 537, 635, 536",9
"536",536,"436, 535, 336, 435, 437, 534, 736, 6919, 538, 636, 537",11
"537",537,"437, 536, 337, 436, 438, 535, 737, 638, 539, 636, 637, 2022",12
"538",538,"338, 536, 7370, 1505, 738, 4652, 540, 637, 5596, 638, 539, 2297",12
"539",539,"439, 538, 339, 438, 440, 537, 640, 541, 638, 639, 6163",11
"540",540,"440, 65, 441, 538, 340, 5377, 641, 542, 4019, 541",10
"541",541,"441, 540, 440, 539, 6278, 741, 543, 6229",8
"542",542,"442, 342, 443, 540, 742, 643, 544, 1001, 642, 543, 1866",11
"543",543,"542, 343, 442, 541, 9624, 6540, 7159, 743, 644, 545, 642, 643, 544",13
"544",544,"444, 543, 344, 443, 445, 542, 744, 645, 643, 545",10
"545",545,"445, 345, 444, 543, 544, 745, 646, 547, 644, 645, 546",11
"546",546,"545, 184, 346, 447, 1699, 9891, 3891, 647, 548, 645, 3532, 646, 2462",13
"547",547,"447, 347, 446, 448, 545, 3834, 747, 648, 549, 2714, 647",11
"548",548,"348, 447, 449, 546, 649, 550, 647, 648, 9944, 2185",10
"549",549,"449, 349, 448, 450, 547, 749, 650, 551, 648, 2193, 649, 550",12
"550",550,"450, 549, 350, 451, 548, 5228, 651, 552, 649, 9417, 650, 551",12
"551",551,"451, 550, 346, 351, 450, 452, 549, 5858, 751, 652, 650, 651, 552",13
"552",552,"452, 551, 352, 451, 453, 550, 3458, 6910, 752, 554, 651, 652, 553",13
"553",553,"453, 552, 452, 454, 9198, 1301, 2996, 8463, 652, 653, 554",11
"554",554,"553, 453, 455, 552, 3509, 3285, 4836, 754, 655, 556, 653, 654, 6217",13
"555",555,"455, 454, 456, 755, 656, 557, 654, 4180, 3904, 556",10
"556",556,"456, 555, 356, 455, 457, 554, 2492, 756, 655",9
"557",557,"457, 357, 456, 458, 555, 757, 658, 559, 656, 657, 1162, 6741",12
"558",558,"458, 358, 457, 459, 5726, 4798, 758, 659, 560, 657, 9542, 658, 559",13
"559",559,"459, 558, 359, 458, 460, 557, 759, 660, 561, 658, 659, 560",12
"560",560,"460, 559, 360, 459, 558, 6311, 9018, 760, 661, 8282, 659, 696, 660, 561",14
"561",561,"461, 560, 559, 761, 1671, 563, 660, 9579, 4465, 562",10
"562",562,"462, 561, 362, 461, 463, 762, 663, 564, 662, 563",10
"563",563,"562, 363, 462, 561, 4802, 5560, 763, 664, 565, 662, 6705, 643, 663",13
"564",564,"464, 364, 562, 1496, 764, 8533, 566, 663, 4151, 664, 565, 7837",12
"565",565,"465, 564, 365, 464, 466, 563, 666, 664, 8542, 665, 566",11
"566",566,"466, 565, 366, 465, 467, 564, 766, 667, 568, 665, 2698, 666, 567",13
"567",567,"467, 566, 367, 468, 466, 767, 668, 569, 666, 8141, 667, 4852",12
"568",568,"468, 467, 469, 566, 6464, 669, 570, 667, 668, 569",10
"569",569,"469, 568, 369, 468, 470, 567, 769, 670, 571, 668, 669, 570",12
"570",570,"470, 569, 370, 469, 471, 568, 8482, 770, 572, 669, 3317, 571",12
"571",571,"570, 371, 470, 472, 569, 771, 672, 573, 670, 9261, 3312, 671, 572, 8685",14
"572",572,"472, 571, 372, 471, 473, 570, 772, 673, 574, 671, 672, 573",12
"573",573,"473, 572, 373, 472, 474, 571, 773, 1110, 575, 672, 673, 574",12
"574",574,"474, 573, 473, 475, 572, 3726, 774, 675, 10000, 7706, 7535, 674, 575",13
"575",575,"475, 574, 476, 573, 4131, 775, 676, 577, 674, 8055, 675",11
"576",576,"475, 8207, 1571, 6843, 9169, 3961, 776, 677, 578, 675, 7773, 4272, 676, 577, 5983",15
"577",577,"477, 576, 377, 476, 478, 575, 777, 6346, 579, 676, 677, 2793",12
"578",578,"478, 378, 477, 479, 576, 5724, 778, 679, 580, 677, 678, 579",12
"579",579,"479, 578, 478, 577, 1718, 3929, 779, 680, 581, 678, 1664",11
"580",580,"480, 380, 481, 578, 7774, 780, 681, 582, 679, 5264, 909, 680, 581",13
"581",581,"481, 580, 381, 480, 482, 579, 4535, 4329, 682, 583, 680, 681, 582",13
"582",582,"482, 581, 382, 481, 483, 580, 5759, 782, 8021, 584, 8482, 9410, 682, 583",14
"583",583,"483, 582, 482, 484, 581, 9597, 1983, 783, 684, 585, 682, 4151, 683, 584",14
"584",584,"273, 583, 384, 483, 485, 582, 1819, 4751, 685, 586, 684, 585",12
"585",585,"485, 584, 484, 583, 785, 686, 684, 9194, 685, 586",10
"586",586,"486, 585, 485, 487, 584, 786, 687, 588, 685, 686, 587",11
"587",587,"487, 586, 387, 488, 787, 688, 589, 686, 3915, 1854, 687, 588",12
"588",588,"488, 587, 489, 586, 6112, 2820, 689, 590, 687, 3425, 688, 589",12
"589",589,"489, 588, 389, 488, 490, 587, 789, 690, 591, 688, 1441, 689, 590",13
"590",590,"490, 589, 390, 489, 491, 588, 4191, 790, 691, 592, 689, 4206, 591",13
"591",591,"491, 590, 391, 589, 659, 791, 692, 5461, 690, 691, 592",11
"592",592,"492, 591, 392, 491, 493, 590, 792, 693, 594, 691, 692, 593",12
"593",593,"493, 592, 393, 494, 492, 3575, 793, 694, 595, 692, 693, 594",12
"594",594,"494, 593, 368, 394, 493, 495, 592, 2330, 2207, 695, 693, 694, 2695",13
"595",595,"495, 395, 494, 496, 593, 2591, 9102, 696, 597, 694, 8316, 695, 596",13
"596",596,"496, 595, 396, 495, 497, 4102, 796, 697, 598, 695, 6043, 696",12
"597",597,"397, 496, 498, 595, 4811, 698, 599, 8318, 697, 598, 3936",11
"598",598,"498, 597, 398, 497, 596, 499, 740, 699, 600, 697, 698, 599",12
"599",599,"499, 598, 399, 498, 500, 597, 799, 700, 699",9
"600",600,"400, 598, 9366, 800, 699, 3154, 700",7
"601",601,"501, 401, 502, 801, 702, 701, 602",7
"602",602,"502, 601, 402, 501, 503, 8721, 802, 703, 604, 701, 9305, 3079, 603",13
"603",603,"503, 602, 459, 502, 504, 4332, 803, 605, 8766, 703, 604",11
"604",604,"504, 603, 404, 503, 505, 602, 3672, 804, 705, 606, 703, 9767, 704, 605",14
"605",605,"505, 604, 405, 603, 9855, 805, 3449, 607, 704, 1214, 8778, 7963, 1367, 705, 606",15
"606",606,"506, 605, 406, 505, 507, 604, 806, 608, 705, 706",10
"607",607,"506, 605, 508, 3643, 807, 708, 609, 706, 707, 608, 4528",11
"608",608,"508, 607, 509, 606, 9372, 8327, 808, 709, 3047, 707, 7487, 708, 609",13
"609",609,"509, 608, 409, 510, 607, 3, 809, 710, 611, 708, 9513, 1203",12
"610",610,"410, 511, 810, 711, 612, 709, 5975, 710, 611",9
"611",611,"610, 411, 510, 512, 609, 266, 4552, 811, 613, 710, 7687, 5110, 711, 612",14
"612",612,"611, 511, 610, 6778, 9140, 7960, 812, 713, 614, 712, 613",11
"613",613,"513, 612, 413, 512, 514, 611, 5809, 813, 714, 615, 712, 713, 614",13
"614",614,"292, 514, 613, 414, 513, 515, 612, 814, 713, 714, 615",11
"615",615,"515, 614, 415, 516, 613, 815, 617, 714, 6269, 715, 616",11
"616",616,"516, 615, 416, 515, 517, 4524, 816, 618, 715, 7569, 3310, 617",12
"617",617,"517, 616, 417, 516, 518, 615, 817, 718, 619, 716, 717, 618",12
"618",618,"617, 418, 517, 616, 3993, 2460, 1963, 818, 719, 620, 717, 718, 619",13
"619",619,"519, 618, 520, 617, 518, 6510, 819, 720, 621, 718, 719",11
"620",620,"520, 420, 519, 521, 618, 3346, 2304, 820, 721, 622, 719, 720, 621, 6171",14
"621",621,"521, 620, 421, 520, 522, 619, 722, 6572, 720, 721, 3376",11
"622",622,"422, 521, 620, 220, 4777, 8882, 1800, 822, 9304, 624, 722, 623",12
"623",623,"523, 622, 423, 724, 625, 722, 9128, 624",8
"624",624,"524, 623, 424, 622, 5143, 5971, 824, 725, 626, 7492, 7161, 4039, 724",13
"625",625,"525, 425, 524, 526, 623, 825, 726, 627, 724, 6915, 2937, 725, 626, 8322",14
"626",626,"526, 625, 426, 525, 527, 624, 9429, 826, 628, 4248, 4664, 726, 627",13
"627",627,"527, 626, 427, 526, 528, 625, 67, 9718, 827, 728, 726, 2333, 727, 628",14
"628",628,"528, 627, 428, 527, 529, 626, 828, 630, 727, 728, 629",11
"629",629,"529, 628, 429, 528, 530, 4378, 829, 631, 728, 729, 630",11
"630",630,"530, 629, 430, 529, 531, 628, 830, 731, 632, 729, 730, 631",12
"631",631,"531, 630, 431, 530, 532, 629, 6145, 2284, 831, 732, 633, 730, 731, 632",14
"632",632,"532, 631, 432, 533, 630, 531, 7131, 832, 733, 634, 731, 732, 633",13
"633",633,"632, 433, 532, 534, 631, 7403, 635, 732, 634, 2127",10
"634",634,"534, 434, 632, 633, 9764, 834, 796, 733, 4544, 734, 635",11
"635",635,"535, 634, 435, 633, 835, 736, 637, 734, 735, 636",10
"636",636,"536, 635, 436, 535, 537, 836, 737, 638, 735, 1400, 736, 637",12
"637",637,"537, 636, 437, 538, 635, 837, 738, 639, 2002, 737, 638",11
"638",638,"538, 637, 438, 537, 539, 636, 2259, 1726, 6267, 739, 8982, 737, 4779, 7555, 639",15
"639",639,"539, 638, 439, 637, 5526, 4460, 839, 740, 641, 738, 2940, 739, 1152",13
"640",640,"440, 539, 7985, 7123, 5546, 3490, 840, 741, 642, 739, 5271, 740, 641",13
"641",641,"640, 441, 639, 540, 1425, 6444, 4631, 841, 742, 643, 740, 2363, 1857, 741",14
"642",642,"542, 442, 485, 543, 640, 842, 743, 644, 741, 742, 643, 9852",12
"643",643,"543, 642, 443, 542, 544, 641, 563, 843, 744, 645, 742",11
"644",644,"444, 543, 545, 642, 5142, 2500, 844, 745, 646, 9209, 744, 645",12
"645",645,"545, 644, 544, 546, 643, 845, 647, 745, 646",9
"646",646,"546, 645, 446, 545, 644, 1526, 4967, 9923, 648, 6182, 746",11
"647",647,"547, 447, 548, 645, 546, 7989, 847, 649, 746, 747, 648, 774",12
"648",648,"548, 647, 448, 547, 549, 646, 2064, 848, 749, 747, 748, 649",12
"649",649,"549, 648, 449, 550, 647, 548, 849, 750, 651, 748, 7128, 650",12
"650",650,"550, 649, 450, 549, 551, 1545, 751, 652, 749, 983, 9798, 750, 651",13
"651",651,"551, 650, 451, 550, 552, 649, 6977, 5771, 752, 653, 750, 7886, 6314, 751, 652",15
"652",652,"552, 651, 452, 551, 553, 650, 852, 753, 654, 751, 5752, 752, 653",13
"653",653,"553, 652, 453, 554, 651, 853, 754, 655, 752, 6609, 6703, 753, 654",13
"654",654,"554, 653, 454, 555, 652, 2341, 854, 755, 6409, 753, 754, 655",12
"655",655,"654, 455, 554, 556, 653, 8923, 6949, 3440, 855, 756, 657, 754, 7944, 5533, 1271, 755",16
"656",656,"456, 555, 557, 4357, 4670, 856, 757, 658, 755, 8428, 6272, 756, 657, 8365, 4688",15
"657",657,"557, 656, 457, 558, 655, 857, 758, 659, 756, 2938, 4167, 757, 658",13
"658",658,"558, 657, 557, 559, 656, 858, 759, 660, 757, 6334, 9330, 659",12
"659",659,"559, 658, 558, 560, 657, 591, 859, 760, 758, 759, 660",11
"660",660,"560, 659, 460, 559, 561, 658, 860, 761, 662, 759, 934, 760, 661",13
"661",661,"660, 461, 560, 7969, 861, 762, 1897, 760, 7058, 8349, 761, 662",12
"662",662,"562, 661, 462, 563, 660, 862, 763, 2480, 761, 762",10
"663",663,"563, 562, 564, 6052, 863, 764, 665, 762, 4742, 763, 664, 9672",12
"664",664,"564, 663, 464, 563, 565, 864, 765, 666, 763, 7765, 3587, 764, 665",13
"665",665,"565, 664, 465, 486, 566, 663, 9606, 8556, 865, 766, 667, 764, 765, 666",14
"666",666,"566, 665, 567, 664, 565, 2026, 866, 767, 668, 765, 766",11
"667",667,"567, 566, 568, 665, 8122, 867, 768, 669, 766, 767, 668, 4233",12
"668",668,"568, 667, 468, 567, 569, 666, 868, 769, 670, 767, 8846, 669",12
"669",669,"569, 668, 469, 568, 570, 667, 8353, 869, 770, 671, 768, 3657, 1036, 769, 670",15
"670",670,"669, 470, 569, 571, 668, 771, 672, 769, 770, 671",10
"671",671,"571, 670, 471, 572, 669, 4956, 871, 772, 673, 2068, 1788, 771, 3496",13
"672",672,"572, 472, 571, 573, 670, 872, 773, 674, 771, 772, 673",11
"673",673,"573, 672, 473, 572, 671, 873, 774, 675, 5737, 773, 674",11
"674",674,"574, 673, 474, 575, 672, 874, 775, 676, 773, 774, 675",11
"675",675,"575, 674, 475, 574, 576, 673, 3183, 875, 677, 7193, 775",11
"676",676,"576, 476, 575, 577, 674, 6782, 777, 678, 775, 776, 677, 8999",12
"677",677,"577, 676, 477, 576, 578, 675, 877, 778, 776, 777, 678",11
"678",678,"578, 677, 478, 579, 676, 5572, 878, 779, 3574, 2724, 778, 679",12
"679",679,"678, 479, 578, 580, 83, 4261, 879, 681, 2944, 779, 680",11
"680",680,"580, 679, 480, 579, 581, 880, 781, 682, 779, 9963, 9149",11
"681",681,"581, 580, 679, 881, 782, 683, 780, 781, 682, 2032",10
"682",682,"582, 681, 583, 680, 581, 882, 783, 684, 781, 782, 683",11
"683",683,"583, 682, 483, 681, 2808, 883, 784, 685, 782, 783, 684",11
"684",684,"584, 683, 484, 583, 585, 682, 884, 785, 686, 783, 9975, 784, 685",13
"685",685,"585, 684, 485, 584, 586, 683, 5415, 4148, 1877, 885, 786, 687, 784, 785, 686",15
"686",686,"586, 685, 486, 585, 587, 684, 6182, 1102, 886, 787, 688, 785, 786",13
"687",687,"587, 487, 586, 588, 685, 8957, 887, 689, 786, 787, 8891, 1430",12
"688",688,"588, 488, 587, 589, 686, 2466, 888, 789, 690, 787, 788, 689",12
"689",689,"589, 688, 489, 588, 590, 687, 3106, 9159, 790, 691, 788, 789, 690",13
"690",690,"689, 490, 589, 591, 688, 6882, 890, 791, 5389, 789, 7524, 691",12
"691",691,"591, 690, 491, 590, 592, 689, 891, 693, 790, 791, 1101",11
"692",692,"592, 591, 593, 7208, 4895, 892, 793, 694, 791, 8919, 792, 693",12
"693",693,"593, 692, 493, 592, 594, 691, 893, 794, 695, 792, 793, 694",12
"694",694,"594, 693, 494, 593, 595, 692, 894, 795, 7133, 8669, 794, 695",12
"695",695,"595, 694, 495, 594, 596, 693, 9310, 7468, 895, 796, 697, 794, 795, 696",14
"696",696,"596, 695, 496, 595, 560, 3984, 2756, 896, 797, 698, 795, 697",12
"697",697,"597, 696, 497, 596, 598, 695, 2919, 2780, 897, 9501, 796, 797, 698",13
"698",698,"697, 498, 146, 696, 597, 598, 1748, 898, 700, 4904, 699",11
"699",699,"599, 698, 499, 598, 600, 9897, 4072, 899, 800, 799, 4727",11
"700",700,"600, 500, 599, 698, 900, 800",6
"701",701,"601, 501, 602, 901, 2472, 7391, 1958, 801, 702",9
"702",702,"701, 502, 601, 8827, 3906, 2847, 902, 803, 704, 801, 802, 703",12
"703",703,"603, 702, 503, 602, 604, 6454, 3970, 903, 804, 705, 802, 4595, 8793, 5649, 6701, 704",16
"704",704,"604, 703, 504, 605, 702, 4093, 3369, 904, 805, 706, 803, 5055, 804, 4259",14
"705",705,"605, 505, 604, 606, 703, 6991, 2371, 974, 905, 806, 707, 899, 805, 706",14
"706",706,"606, 705, 506, 607, 704, 47, 2622, 906, 807, 805, 806, 3939",12
"707",707,"607, 608, 705, 5125, 4533, 907, 808, 709, 806, 1719, 807, 708",12
"708",708,"608, 707, 508, 607, 609, 1886, 908, 710, 807, 808",10
"709",709,"509, 608, 610, 707, 7593, 1400, 9319, 810, 711, 808, 1552, 809, 710, 2894",14
"710",710,"610, 709, 609, 611, 708, 5952, 4419, 712, 809, 810",10
"711",711,"611, 511, 610, 709, 5670, 911, 812, 713, 810, 811, 712, 6610",12
"712",712,"612, 711, 512, 613, 710, 8946, 912, 813, 714, 7501, 812, 713",12
"713",713,"613, 712, 513, 612, 614, 711, 814, 812, 813, 714",10
"714",714,"614, 713, 514, 613, 615, 712, 914, 815, 716, 813, 7247, 814, 715",13
"715",715,"615, 714, 515, 616, 915, 816, 717, 814, 4343, 1637, 6422, 716",12
"716",716,"715, 516, 617, 714, 7870, 916, 817, 4847, 6180, 1231, 816, 717",12
"717",717,"617, 716, 517, 527, 618, 715, 3936, 917, 818, 719, 816, 2233, 817",13
"718",718,"618, 483, 617, 619, 918, 720, 817, 5434, 719",9
"719",719,"619, 519, 618, 620, 717, 718, 2853, 919, 820, 721, 818, 819, 720",13
"720",720,"620, 719, 520, 619, 621, 718, 7939, 920, 821, 722, 819, 820, 9599",13
"721",721,"621, 521, 620, 719, 921, 822, 723, 821",8
"722",722,"622, 623, 720, 621, 922, 823, 724, 821, 822, 723, 9979",11
"723",723,"722, 523, 721, 923, 3993, 725, 822, 823, 8350",9
"724",724,"624, 625, 722, 623, 3986, 825, 726, 823, 9378, 824, 725",11
"725",725,"625, 724, 219, 525, 624, 723, 3187, 925, 826, 727, 824, 825, 726",13
"726",726,"626, 725, 526, 625, 627, 724, 5829, 926, 827, 728, 825, 826",12
"727",727,"627, 628, 725, 861, 927, 1875, 729, 826, 5493, 827, 728, 5118",12
"728",728,"628, 727, 528, 627, 629, 726, 928, 829, 730, 6425, 729",11
"729",729,"629, 529, 630, 727, 728, 7681, 929, 830, 731, 1061, 9876, 7639, 730",13
"730",730,"630, 729, 530, 631, 728, 930, 7336, 732, 829, 1599, 830, 731",12
"731",731,"631, 730, 630, 632, 729, 931, 832, 830, 831, 732",10
"732",732,"632, 731, 532, 631, 633, 730, 5633, 932, 734, 831, 832, 733",12
"733",733,"732, 533, 632, 634, 6816, 933, 834, 735, 832, 9287, 833, 734",12
"734",734,"634, 733, 534, 635, 732, 8924, 4921, 934, 835, 736, 833, 6260, 834, 735",14
"735",735,"635, 734, 636, 733, 535, 1376, 8094, 834, 2317, 9898, 5185, 2526, 835, 3331",14
"736",736,"636, 536, 635, 734, 936, 837, 738, 835, 836, 737",10
"737",737,"637, 736, 537, 636, 638, 9609, 7114, 937, 838, 1807, 836, 3162, 837, 738",14
"738",738,"737, 538, 637, 639, 736, 938, 839, 740, 837, 3529, 739",11
"739",739,"639, 638, 640, 738, 939, 840, 741, 838, 8973, 839, 3021",11
"740",740,"640, 639, 641, 738, 598, 940, 841, 839, 5392, 1233, 840",11
"741",741,"641, 383, 541, 640, 642, 739, 9110, 941, 842, 743, 840, 6410, 841, 742",14
"742",742,"741, 542, 641, 643, 642, 6087, 4150, 843, 744, 841, 842",11
"743",743,"543, 642, 741, 8505, 844, 745, 842, 4965, 843, 744, 5303",11
"744",744,"644, 743, 544, 643, 742, 8728, 6474, 5118, 944, 746, 843, 844, 745",13
"745",745,"645, 744, 545, 644, 743, 6490, 9583, 8129, 945, 846, 747, 844, 845, 746",14
"746",746,"646, 745, 647, 744, 946, 847, 845, 6038, 2163, 1267, 846, 747",12
"747",747,"647, 746, 547, 648, 745, 947, 848, 749, 846, 9344, 847, 748",12
"748",748,"648, 747, 649, 7031, 828, 4737, 9954, 750, 847, 1946, 7324, 848, 749",13
"749",749,"748, 549, 648, 650, 747, 949, 850, 751, 4716, 5109, 777, 5487, 750",13
"750",750,"650, 749, 649, 651, 748, 950, 6662, 1883, 849, 850, 751",11
"751",751,"651, 750, 551, 650, 652, 749, 8870, 951, 852, 1179, 4740, 851, 752",13
"752",752,"652, 751, 552, 653, 651, 3031, 952, 853, 754, 851, 852, 753",12
"753",753,"653, 752, 652, 654, 8582, 953, 854, 1743, 852, 853, 754",11
"754",754,"654, 753, 554, 653, 655, 752, 954, 855, 756, 853, 6202, 854, 755",13
"755",755,"655, 754, 555, 654, 656, 9327, 955, 856, 4446, 854, 855, 756",12
"756",756,"656, 755, 556, 655, 657, 754, 2934, 3380, 857, 2484, 855, 856, 757",13
"757",757,"657, 756, 557, 656, 658, 3338, 957, 858, 759, 856, 9709, 9805, 758",13
"758",758,"757, 558, 657, 659, 3488, 958, 760, 857, 858, 759",10
"759",759,"659, 758, 559, 658, 660, 757, 3715, 860, 5435, 858, 859, 760",12
"760",760,"660, 759, 560, 659, 661, 758, 960, 762, 859, 8808, 860, 761",12
"761",761,"320, 661, 760, 561, 660, 662, 4310, 961, 862, 763, 860, 4142, 861, 762",14
"762",762,"662, 761, 562, 661, 663, 760, 2265, 962, 863, 764, 861, 4185, 862, 763",14
"763",763,"663, 762, 563, 662, 664, 761, 8655, 864, 765, 862, 863, 764",12
"764",764,"664, 763, 564, 663, 665, 762, 9654, 964, 865, 766, 863, 864",12
"765",765,"665, 664, 666, 763, 7084, 8276, 8160, 7309, 965, 4772, 767, 864, 865, 766, 966",15
"766",766,"666, 765, 566, 665, 667, 764, 4523, 966, 867, 768, 865, 866, 767",13
"767",767,"667, 766, 567, 666, 668, 765, 5919, 967, 868, 769, 866, 7704, 867, 768",14
"768",768,"767, 667, 669, 766, 968, 869, 770, 867, 9552, 868, 769",11
"769",769,"669, 768, 569, 668, 670, 767, 870, 771, 868, 869, 770",11
"770",770,"670, 769, 570, 669, 768, 4850, 970, 871, 6111, 1489, 870, 771",12
"771",771,"671, 770, 571, 672, 769, 670, 872, 773, 870, 871",10
"772",772,"672, 572, 671, 2077, 972, 4298, 774, 871, 872, 8961",10
"773",773,"673, 573, 672, 674, 771, 973, 874, 872, 2550, 2218, 873, 774, 6303",13
"774",774,"647, 674, 773, 574, 673, 772, 8240, 974, 875, 776, 873, 7147",12
"775",775,"675, 575, 674, 676, 975, 876, 777, 874, 6713, 875, 776, 6583",12
"776",776,"448, 676, 775, 576, 677, 774, 976, 877, 778, 8544, 2389, 6828, 876",13
"777",777,"677, 749, 577, 775, 676, 8261, 977, 779, 876, 4443, 877, 778",12
"778",778,"678, 777, 578, 677, 776, 6265, 5430, 879, 780, 877, 8130, 878, 779",13
"779",779,"679, 778, 579, 678, 680, 777, 979, 880, 781, 879, 780",11
"780",780,"779, 580, 681, 778, 980, 782, 879, 7364, 781",9
"781",781,"681, 680, 682, 779, 780, 1440, 981, 882, 880, 4816, 881, 812",12
"782",782,"224, 682, 582, 681, 683, 780, 5258, 3070, 883, 6272, 881, 882, 783",13
"783",783,"683, 782, 107, 583, 682, 684, 3261, 983, 884, 785, 882, 6574, 883, 784",14
"784",784,"684, 783, 683, 685, 3987, 984, 885, 786, 883, 884, 785",11
"785",785,"685, 784, 585, 684, 686, 783, 7527, 985, 886, 787, 884, 885, 786",13
"786",786,"686, 785, 586, 685, 687, 784, 398, 7140, 2244, 986, 788, 885, 886, 787",14
"787",787,"687, 786, 587, 686, 688, 785, 987, 888, 5469, 886, 887, 788",12
"788",788,"688, 787, 689, 786, 988, 5324, 790, 887, 7205, 888",10
"789",789,"689, 55, 589, 688, 690, 989, 890, 5574, 889, 790",10
"790",790,"789, 590, 689, 691, 788, 8192, 6228, 5630, 990, 891, 792, 889, 3932, 791",14
"791",791,"691, 591, 690, 692, 790, 991, 892, 793, 890, 9615, 891, 792",12
"792",792,"692, 791, 592, 693, 790, 4369, 893, 794, 891, 3886, 7615, 892, 793",13
"793",793,"693, 792, 593, 692, 791, 993, 894, 892, 4596, 893, 794",11
"794",794,"694, 793, 693, 695, 792, 6565, 5792, 7442, 994, 895, 796, 893, 894, 795",14
"795",795,"695, 794, 694, 696, 4337, 995, 896, 797, 894, 6819, 895, 9649",12
"796",796,"596, 634, 695, 697, 794, 7543, 5635, 996, 897, 798, 895, 896, 797",13
"797",797,"697, 796, 696, 795, 3597, 918, 997, 898, 799, 7402, 897, 798",12
"798",798,"797, 382, 796, 1642, 998, 5958, 897, 9513, 7955, 898, 799",11
"799",799,"699, 798, 599, 797, 8205, 900, 898, 2275, 1945, 6801, 6331",11
"800",800,"700, 600, 699, 899, 6138, 9621, 900, 7431",8
"801",801,"701, 601, 702, 902, 803, 901, 802",7
"802",802,"702, 801, 602, 703, 1002, 804, 901, 902, 803",9
"803",803,"802, 603, 702, 704, 801, 8743, 1003, 805, 8425, 804",10
"804",804,"704, 803, 604, 703, 802, 1004, 905, 806, 903, 904, 805",11
"805",805,"705, 804, 605, 704, 706, 803, 1958, 1005, 906, 807, 904, 905, 806",13
"806",806,"706, 805, 606, 705, 707, 804, 1006, 907, 808, 5732, 906, 807",12
"807",807,"707, 806, 607, 706, 708, 805, 9253, 1007, 908, 809, 906, 907, 808",13
"808",808,"708, 807, 608, 707, 709, 806, 7666, 1008, 909, 907, 908, 809",12
"809",809,"709, 808, 609, 710, 807, 5619, 910, 908, 8169, 909, 810",11
"810",810,"710, 809, 610, 709, 711, 1049, 1010, 7244, 812, 909, 8360, 1590, 910",13
"811",811,"711, 611, 8666, 4441, 9406, 912, 813, 1599, 918, 911, 812, 6330",12
"812",812,"712, 781, 811, 612, 711, 713, 810, 1012, 1804, 814, 911, 912, 813",13
"813",813,"713, 812, 613, 712, 714, 811, 914, 9948, 912, 6131, 913, 814",12
"814",814,"714, 813, 614, 715, 812, 713, 1014, 915, 816, 7682, 9513, 914, 815",13
"815",815,"814, 615, 714, 6582, 1015, 916, 5096, 914, 9790, 915, 816",11
"816",816,"716, 815, 616, 715, 717, 814, 5470, 1016, 917, 818, 915, 916, 817",13
"817",817,"717, 816, 617, 716, 718, 1017, 819, 916, 1254, 917, 818",11
"818",818,"817, 618, 717, 719, 816, 1428, 3157, 1018, 919, 820, 917, 3277, 918, 9403",14
"819",819,"719, 619, 720, 817, 920, 821, 918, 919, 820",9
"820",820,"720, 819, 620, 719, 818, 1993, 1290, 1020, 921, 822, 919, 2151, 821",13
"821",821,"721, 820, 720, 722, 819, 8790, 2718, 1021, 922, 823, 8797, 7775, 921, 822",14
"822",822,"722, 821, 622, 721, 723, 820, 5169, 1022, 923, 9880, 921, 5367, 2121, 922, 823",15
"823",823,"723, 822, 722, 724, 821, 8073, 1023, 924, 825, 9425, 7125, 923, 824",13
"824",824,"724, 823, 624, 725, 5204, 925, 826, 923, 924, 825",10
"825",825,"725, 824, 516, 625, 724, 726, 823, 7338, 3658, 1025, 926, 827, 924, 4981, 925, 826",16
"826",826,"726, 825, 626, 725, 727, 824, 5177, 969, 927, 828, 925, 926, 827",13
"827",827,"727, 826, 627, 726, 825, 4502, 1027, 7489, 829, 926, 927, 828",12
"828",828,"827, 628, 748, 826, 1028, 929, 830, 927, 928, 829",10
"829",829,"828, 629, 728, 730, 827, 1029, 930, 831, 928, 929, 830",11
"830",830,"730, 829, 630, 729, 731, 828, 1030, 931, 832, 929, 930, 831",12
"831",831,"731, 830, 631, 732, 829, 1031, 833, 930, 8421, 931",10
"832",832,"732, 632, 731, 733, 830, 6781, 1032, 933, 834, 931, 932, 833, 8302",13
"833",833,"733, 832, 734, 831, 4069, 1033, 932, 3466, 9216, 8340, 933, 834",12
"834",834,"734, 833, 634, 733, 735, 832, 1034, 935, 836, 933, 8639, 934, 835",13
"835",835,"735, 834, 635, 734, 736, 936, 837, 934, 935, 836",10
"836",836,"736, 835, 636, 737, 834, 873, 1036, 937, 838, 935, 4498, 936, 837",13
"837",837,"737, 836, 637, 736, 738, 835, 8902, 2759, 1037, 938, 839, 936, 937, 838",14
"838",838,"837, 737, 739, 836, 2471, 1038, 939, 840, 937, 938, 839, 2269",12
"839",839,"739, 838, 639, 738, 740, 837, 3616, 5693, 1039, 940, 841, 938, 9175, 840",14
"840",840,"740, 839, 640, 739, 741, 838, 941, 4180, 939, 1279, 940, 841",12
"841",841,"741, 840, 641, 740, 742, 839, 7963, 3139, 2762, 1041, 942, 843, 940, 1091, 941, 842",16
"842",842,"742, 841, 642, 741, 743, 943, 844, 941, 942, 4396",10
"843",843,"743, 744, 841, 742, 643, 8829, 8788, 944, 845, 942, 844",11
"844",844,"744, 644, 743, 745, 842, 843, 945, 846, 943, 944, 845",11
"845",845,"745, 844, 306, 645, 746, 843, 4504, 1045, 946, 847, 944, 7656, 945, 846",14
"846",846,"746, 845, 745, 747, 844, 1046, 947, 848, 946",9
"847",847,"747, 647, 746, 748, 845, 7448, 2759, 1047, 948, 849, 946, 5720, 848, 4531",14
"848",848,"748, 847, 648, 747, 846, 5610, 1048, 949, 850, 947, 1003, 948, 849",13
"849",849,"848, 649, 750, 847, 4454, 1049, 950, 851, 948, 5788, 2219, 949",12
"850",850,"750, 749, 848, 8365, 1050, 4892, 852, 949, 1051, 950, 851, 2303",12
"851",851,"751, 850, 752, 849, 4939, 1051, 952, 853, 950, 951, 1228",11
"852",852,"752, 652, 751, 753, 850, 953, 854, 951, 952, 853",10
"853",853,"753, 852, 653, 752, 754, 851, 954, 855, 952, 953, 854",11
"854",854,"754, 853, 654, 753, 755, 852, 1054, 8578, 4882, 6322, 954, 855",12
"855",855,"755, 854, 655, 754, 756, 853, 8749, 8349, 1055, 956, 857, 954, 856",13
"856",856,"756, 656, 755, 757, 855, 8755, 1056, 957, 858, 955, 956, 857",12
"857",857,"856, 657, 756, 758, 855, 8599, 1057, 958, 859, 956, 957, 858",12
"858",858,"758, 857, 658, 757, 759, 856, 2880, 1058, 959, 5797, 957, 3170, 958, 859",14
"859",859,"759, 858, 659, 760, 857, 1059, 960, 861, 958, 4620, 959, 860",12
"860",860,"760, 859, 660, 761, 759, 6748, 1060, 961, 862, 959, 960, 861",12
"861",861,"761, 860, 661, 762, 859, 727, 7960, 962, 863, 8827, 961, 862",12
"862",862,"762, 861, 662, 761, 763, 860, 1062, 963, 864, 961, 4608, 2355, 962, 863",14
"863",863,"763, 862, 663, 762, 764, 861, 1063, 8050, 865, 962, 963, 864",12
"864",864,"764, 863, 664, 765, 862, 763, 1064, 965, 866, 963, 3788, 964, 865",13
"865",865,"765, 864, 665, 764, 766, 863, 57, 8284, 1065, 966, 867, 2271, 965",13
"866",866,"766, 666, 767, 864, 9913, 1066, 967, 868, 965, 966, 867",11
"867",867,"767, 866, 667, 766, 768, 865, 9664, 968, 869, 3480, 7579, 967, 868",13
"868",868,"768, 867, 668, 767, 769, 866, 3473, 1068, 969, 870, 2947, 968, 869",13
"869",869,"769, 868, 669, 768, 867, 3985, 1069, 970, 871, 968, 969, 4160",12
"870",870,"770, 771, 868, 769, 6703, 5325, 2402, 1070, 971, 872, 969, 8871, 970, 871",14
"871",871,"771, 870, 671, 770, 772, 869, 1071, 972, 970, 971, 872",11
"872",872,"772, 871, 672, 773, 870, 771, 5560, 1072, 973, 874, 971, 8367, 7027",13
"873",873,"773, 673, 774, 836, 1439, 1189, 974, 875, 972, 2939, 9107, 973, 874, 6002",14
"874",874,"873, 674, 773, 775, 872, 3845, 1926, 1074, 876, 9453, 974, 875",12
"875",875,"775, 874, 482, 675, 774, 873, 3937, 7613, 1075, 976, 877, 974, 4982, 975",14
"876",876,"776, 775, 777, 874, 6294, 1076, 977, 878, 975, 5641, 4346, 976, 5361",13
"877",877,"777, 677, 776, 778, 875, 1077, 978, 879, 976, 3096, 977, 878",12
"878",878,"778, 877, 678, 176, 876, 420, 1078, 979, 880, 7163, 4382, 3355, 2015, 978, 879",15
"879",879,"779, 878, 679, 780, 877, 778, 2889, 1079, 881, 978, 979",11
"880",880,"522, 680, 779, 781, 878, 9061, 1080, 981, 882, 979, 7827, 2729, 3387, 4099, 7578",15
"881",881,"781, 681, 782, 471, 879, 1180, 1081, 883, 980, 1177, 882",11
"882",882,"782, 682, 781, 783, 880, 881, 1082, 983, 884, 981, 982, 883",12
"883",883,"783, 882, 683, 782, 784, 881, 8252, 984, 885, 982, 983, 884",12
"884",884,"784, 883, 684, 783, 785, 882, 7541, 886, 983, 984, 885",11
"885",885,"785, 884, 685, 784, 786, 883, 1085, 986, 887, 984, 7687, 8389, 886",13
"886",886,"786, 885, 686, 785, 787, 884, 8466, 1327, 1086, 888, 985, 986, 887",13
"887",887,"787, 886, 687, 788, 885, 1087, 889, 986, 7873, 987, 888",11
"888",888,"788, 887, 688, 787, 886, 1494, 989, 890, 987, 889",10
"889",889,"789, 462, 790, 887, 888, 4035, 1089, 990, 891, 7775, 989, 890",12
"890",890,"889, 690, 789, 791, 888, 1609, 991, 892, 989, 990",10
"891",891,"791, 691, 790, 792, 889, 6460, 1091, 992, 893, 991, 892, 6545",12
"892",892,"792, 891, 692, 791, 793, 890, 227, 5098, 993, 894, 991, 992",12
"893",893,"793, 693, 792, 794, 891, 9817, 4942, 1093, 994, 895, 992, 894",12
"894",894,"794, 694, 793, 795, 892, 893, 1094, 896, 993, 5672, 9209, 895",12
"895",895,"795, 894, 695, 794, 796, 893, 1095, 996, 897, 994, 995, 3130",12
"896",896,"796, 696, 795, 894, 1966, 1096, 997, 898, 995, 996, 897",11
"897",897,"797, 896, 697, 796, 798, 895, 504, 9133, 1470, 1097, 998, 899, 996, 997",14
"898",898,"798, 698, 797, 799, 896, 1098, 999, 4419, 997, 7741, 998, 899",12
"899",899,"705, 898, 699, 897, 800, 4061, 1099, 1000, 998, 999, 900",11
"900",900,"800, 899, 700, 799, 1100, 999, 1000",7
"901",901,"801, 701, 802, 1101, 903, 7617, 902",7
"902",902,"802, 901, 702, 801, 7520, 1102, 1003, 904, 8977, 1002, 903",11
"903",903,"180, 902, 703, 804, 901, 1103, 1004, 905, 1002, 9615, 1003, 904",12
"904",904,"804, 903, 805, 902, 704, 9835, 7437, 1104, 1005, 906, 1003, 9143, 1004, 905",14
"905",905,"805, 904, 705, 804, 903, 5062, 6003, 1105, 1006, 907, 1004, 1005, 906",13
"906",906,"806, 905, 706, 805, 807, 904, 1106, 1007, 908, 1005, 4236, 1006, 907",13
"907",907,"807, 906, 707, 806, 808, 905, 1107, 1411, 909, 1006, 1007, 908",12
"908",908,"808, 907, 708, 807, 809, 906, 1108, 1009, 910, 1007, 1008",11
"909",909,"809, 580, 808, 810, 907, 1109, 1010, 911, 1009, 910",10
"910",910,"810, 909, 809, 908, 1110, 1011, 912, 1009, 1010, 911",10
"911",911,"811, 910, 711, 812, 909, 1111, 913, 1010, 1011",9
"912",912,"812, 712, 811, 813, 910, 7591, 998, 1112, 1385, 914, 1011, 1012, 913, 3820",14
"913",913,"813, 912, 911, 8234, 4158, 5213, 1113, 1014, 1012, 1013, 4736",11
"914",914,"814, 714, 815, 912, 813, 9129, 1114, 1015, 916, 7767, 1014, 6667",12
"915",915,"815, 715, 814, 816, 3798, 1115, 1016, 6622, 1014, 4364, 1015, 916",12
"916",916,"816, 915, 716, 815, 817, 914, 4189, 3021, 1116, 1017, 918, 1015, 3043, 1016, 917",15
"917",917,"817, 916, 717, 816, 818, 9118, 1117, 1018, 919, 1016, 1017, 918",12
"918",918,"818, 917, 797, 718, 811, 819, 916, 9645, 7861, 1019, 920, 7693, 3822, 1018, 919",15
"919",919,"819, 918, 719, 818, 820, 917, 1119, 1020, 4764, 1018, 1310, 1019, 920",13
"920",920,"919, 720, 918, 819, 3259, 1120, 5227, 922, 1019, 1020, 921",11
"921",921,"821, 920, 721, 820, 822, 9973, 1121, 1022, 6577, 1020, 1021, 922",12
"922",922,"822, 921, 722, 821, 920, 1929, 1122, 1023, 924, 1021, 2719, 923",12
"923",923,"823, 922, 723, 822, 824, 6172, 3405, 1123, 1024, 925, 1023, 924",12
"924",924,"824, 923, 823, 825, 922, 1124, 1025, 1023, 1024, 925",10
"925",925,"825, 924, 725, 826, 923, 824, 8761, 1125, 1026, 927, 1024, 9210, 926",13
"926",926,"826, 925, 726, 825, 827, 1126, 1027, 928, 1025, 4111, 7387, 1026, 927",13
"927",927,"827, 926, 727, 826, 828, 925, 8837, 6649, 1127, 1028, 929, 1026, 1259, 1027, 8853",15
"928",928,"828, 728, 829, 926, 1029, 930, 1027, 1028, 929",9
"929",929,"829, 928, 729, 828, 830, 927, 6083, 1129, 2958, 931, 7417, 1029, 930",13
"930",930,"830, 929, 730, 829, 831, 928, 1130, 1031, 1029, 6831, 931",11
"931",931,"831, 930, 731, 830, 832, 929, 7290, 5969, 2376, 1131, 1032, 933, 1030, 932",14
"932",932,"832, 732, 833, 931, 6621, 1132, 1033, 934, 1031, 6506, 8986, 969, 1032, 4275",14
"933",933,"833, 733, 832, 834, 931, 2042, 1133, 935, 1032, 6576, 5155, 1033, 934",13
"934",934,"834, 933, 734, 835, 932, 660, 2002, 1134, 1035, 7767, 1033, 8170, 1034, 935",14
"935",935,"835, 934, 834, 836, 933, 6740, 5742, 3514, 1135, 1036, 937, 3983, 1035, 8880",14
"936",936,"836, 72, 736, 837, 835, 1136, 938, 1035, 1527, 1036, 937",11
"937",937,"837, 936, 737, 836, 838, 935, 4641, 1038, 939, 1036, 1037, 938",12
"938",938,"838, 937, 738, 837, 839, 936, 1138, 1039, 940, 1038, 939",11
"939",939,"938, 739, 838, 840, 937, 6747, 1139, 1040, 941, 1038, 940",11
"940",940,"840, 740, 839, 841, 938, 939, 2808, 1140, 1041, 4292, 1039, 5654, 1040, 941",14
"941",941,"841, 940, 741, 840, 842, 939, 1113, 1042, 943, 1574",10
"942",942,"842, 841, 843, 5422, 1142, 1043, 1041, 1042, 943, 2747",10
"943",943,"942, 844, 941, 842, 9569, 9640, 1044, 945, 1042, 1043, 944",11
"944",944,"844, 943, 744, 843, 845, 6065, 1144, 1045, 946, 1043, 3162, 7737, 945",13
"945",945,"845, 944, 745, 943, 844, 4018, 1145, 1046, 8325, 1044, 946",11
"946",946,"846, 746, 845, 847, 944, 945, 1146, 1047, 948, 1045, 7881",11
"947",947,"344, 747, 846, 848, 9787, 1147, 1048, 949, 1046, 1047, 5187, 5622",12
"948",948,"848, 241, 847, 849, 946, 6863, 1148, 1049, 950, 1047, 4522, 1048, 949",13
"949",949,"849, 948, 749, 848, 850, 947, 5259, 2784, 1149, 6546, 1048, 1049",12
"950",950,"850, 750, 849, 851, 948, 1150, 1051, 952, 2408, 951, 8216",11
"951",951,"851, 751, 852, 950, 7667, 1151, 1052, 953, 1050, 6799, 1051, 952",12
"952",952,"852, 951, 752, 851, 853, 950, 1152, 1053, 954, 1051, 2433, 1052, 953",13
"953",953,"853, 952, 753, 951, 852, 3995, 1153, 955, 1052, 1833, 1053, 4061",12
"954",954,"854, 754, 855, 952, 853, 1154, 1055, 956, 1053, 1054, 955",11
"955",955,"954, 755, 856, 953, 3214, 2056, 1155, 1056, 957, 1054, 1055, 956",12
"956",956,"856, 955, 855, 857, 954, 5908, 1156, 1057, 958, 7399, 3641",11
"957",957,"857, 757, 856, 858, 955, 1157, 1058, 8976, 1057, 958",10
"958",958,"858, 957, 758, 857, 859, 956, 1158, 1059, 960, 1057, 1058, 959",12
"959",959,"859, 958, 858, 860, 8608, 1159, 4591, 961, 1058, 1059, 960",11
"960",960,"860, 959, 760, 859, 958, 8952, 1160, 1061, 962, 1059, 1060",11
"961",961,"861, 298, 761, 860, 862, 959, 1161, 963, 1060, 1061, 962",11
"962",962,"862, 961, 762, 861, 863, 960, 4155, 1162, 1063, 964, 1061, 963",12
"963",963,"863, 862, 864, 961, 962, 7980, 5049, 1163, 1064, 965, 7591, 1063",12
"964",964,"864, 764, 962, 4028, 966, 1063, 4371, 7230",8
"965",965,"865, 765, 864, 866, 963, 1165, 1066, 967, 1064, 8414, 1065, 966",12
"966",966,"765, 866, 965, 766, 865, 964, 1166, 3120, 968, 1065, 1450, 1066, 967",13
"967",967,"867, 966, 767, 866, 209, 965, 9615, 1167, 1068, 969, 1066, 1067, 968",13
"968",968,"868, 967, 768, 867, 869, 966, 1168, 1069, 970, 1067, 1068, 969",12
"969",969,"869, 968, 826, 868, 870, 967, 932, 1169, 971, 1068, 1082, 1293, 970",13
"970",970,"870, 969, 770, 869, 871, 968, 1170, 972, 4804, 1070, 971",11
"971",971,"871, 970, 870, 872, 969, 2964, 8963, 1171, 1072, 973, 1070, 4728, 1071, 972",14
"972",972,"971, 772, 871, 873, 4, 970, 1172, 1073, 1071, 1072, 973",11
"973",973,"873, 972, 773, 872, 971, 8696, 1173, 1074, 975, 1072, 4747, 1073, 4155",13
"974",974,"874, 774, 873, 875, 705, 1174, 976, 1073, 1786, 1074, 975",11
"975",975,"974, 775, 876, 973, 875, 9460, 1175, 1076, 977, 1074, 4129, 1075",12
"976",976,"876, 776, 875, 877, 974, 1176, 978, 3860, 1232, 3484, 977, 1758",12
"977",977,"877, 976, 777, 876, 975, 1078, 979, 1076, 1077",9
"978",978,"878, 877, 879, 976, 2107, 1178, 4369, 980, 1077, 1078, 979, 1576",12
"979",979,"879, 978, 779, 878, 880, 977, 1179, 1080, 1078, 1079, 980",11
"980",980,"979, 780, 881, 978, 8450, 1180, 1081, 982, 6892, 7591, 1080, 981",12
"981",981,"980, 781, 880, 882, 7755, 1181, 1082, 983, 4730, 1081, 4315",11
"982",982,"882, 883, 980, 7295, 1182, 984, 1081, 1082",8
"983",983,"883, 650, 783, 882, 884, 981, 5021, 1183, 8088, 985, 1082, 8631, 1083, 2397, 2923",15
"984",984,"884, 784, 883, 885, 982, 8444, 1446, 5082, 1085, 986, 1083, 1084, 985",13
"985",985,"984, 785, 88, 886, 983, 3470, 1185, 1086, 1851, 1085, 986",11
"986",986,"886, 985, 786, 885, 887, 984, 290, 1186, 2459, 1085, 4294, 1086",12
"987",987,"887, 787, 888, 1187, 5592, 989, 1086, 7303, 1087, 988, 8949",11
"988",988,"987, 788, 5929, 9200, 1188, 1089, 990, 4631, 1088, 989",10
"989",989,"889, 988, 789, 888, 890, 987, 1189, 1090, 991, 1088, 4442, 1089",12
"990",990,"890, 790, 889, 988, 8800, 1927, 1190, 1091, 4731, 1089, 1090, 991, 6969",13
"991",991,"891, 990, 791, 890, 892, 989, 7930, 1191, 1092, 3580, 1091",11
"992",992,"892, 891, 893, 8805, 1192, 1093, 994, 1091, 3664, 1092, 993, 8960",12
"993",993,"992, 793, 894, 892, 5947, 9185, 8780, 6055, 1092, 6473, 6063, 1093, 994",13
"994",994,"993, 794, 893, 895, 992, 6506, 1194, 1095, 996, 1093, 1094, 995",12
"995",995,"895, 994, 795, 896, 9676, 6331, 1195, 1096, 1094, 1095, 996",11
"996",996,"896, 995, 796, 895, 897, 994, 6181, 1948, 1337, 1097, 998, 1095, 1096",13
"997",997,"897, 797, 896, 898, 1197, 1098, 999, 1096, 6373, 5209, 998, 7629",12
"998",998,"898, 997, 798, 897, 899, 996, 912, 8060, 1099, 1097, 1098, 5268",12
"999",999,"899, 898, 900, 997, 4532, 1456, 1199, 1100, 1098, 1099, 1000",11
"1000",1000,"900, 999, 899, 4144, 1200, 1732, 5710, 1100",8
"1001",1001,"542, 1201, 1101",3
"1002",1002,"902, 802, 903, 1202, 1103, 1004, 3035, 1025, 1102",9
"1003",1003,"903, 848, 803, 902, 904, 8339, 2527, 1203, 1104, 1005, 1102, 7882, 6376, 1103, 1004",15
"1004",1004,"904, 1003, 804, 903, 905, 1002, 1204, 1105, 8341, 1103, 1005",11
"1005",1005,"905, 805, 904, 906, 1003, 1004, 3493, 6145, 1205, 1106, 1007, 1105, 1006",13
"1006",1006,"906, 1005, 806, 905, 907, 2464, 1206, 1107, 1105, 9966, 1007",11
"1007",1007,"907, 1006, 807, 906, 908, 1005, 1207, 1108, 1009, 1106, 1008",11
"1008",1008,"908, 808, 1007, 6291, 1208, 1109, 1107, 7767, 1108, 1009",10
"1009",1009,"909, 1008, 908, 910, 1007, 6822, 1209, 1110, 1011, 1108, 1109, 2266",12
"1010",1010,"910, 810, 909, 911, 9417, 1254, 1111, 1012, 1109, 1110, 1011",11
"1011",1011,"911, 1010, 910, 912, 1009, 4231, 1211, 1112, 1013, 1110",10
"1012",1012,"912, 812, 913, 1010, 1212, 1113, 1493, 1112, 1325",9
"1013",1013,"913, 1011, 1213, 1114, 1015, 1112, 1894, 1113, 1014, 8503",10
"1014",1014,"914, 1013, 814, 913, 915, 1214, 1115, 5886, 1113, 5149, 1980, 1114, 1015",13
"1015",1015,"915, 1014, 815, 914, 916, 1013, 9430, 1215, 1116, 1017, 1114, 1115, 1016",13
"1016",1016,"916, 1015, 816, 915, 917, 5141, 1216, 1117, 1018, 6521, 1203, 1116, 1017",13
"1017",1017,"917, 1016, 817, 916, 1015, 1019, 1117, 1018",8
"1018",1018,"918, 1017, 818, 917, 919, 1016, 1218, 7981, 1020, 1117, 8555, 1019",12
"1019",1019,"919, 1018, 180, 920, 1017, 918, 6580, 5005, 1219, 1120, 1021, 1118, 5934, 1119, 1020",15
"1020",1020,"920, 1019, 348, 820, 919, 921, 1018, 7944, 8665, 1121, 1022, 9824, 1120, 1021",14
"1021",1021,"921, 1020, 821, 922, 1019, 6048, 7838, 1221, 1023, 1120, 1121, 1022",12
"1022",1022,"1021, 822, 921, 1020, 2760, 1222, 1123, 1024, 1121, 1122, 1023",11
"1023",1023,"923, 1022, 823, 922, 924, 1021, 1124, 1025, 1122, 1123, 1024",11
"1024",1024,"924, 1023, 220, 923, 925, 1022, 4573, 6353, 1224, 1125, 1026, 1445",12
"1025",1025,"825, 924, 926, 1023, 1002, 2116, 1277, 1225, 1126, 6052, 7120, 1125",12
"1026",1026,"926, 925, 927, 1024, 7212, 6741, 1226, 1127, 1028, 1125, 9150, 1126, 4047",13
"1027",1027,"927, 827, 926, 928, 1227, 1128, 1029, 1126, 1127, 1028",10
"1028",1028,"928, 1027, 828, 927, 1026, 251, 1228, 3657, 1030, 1127, 1128, 1029",12
"1029",1029,"929, 1028, 829, 930, 1027, 928, 1229, 1130, 1031, 1128, 1129, 1030",12
"1030",1030,"1029, 830, 931, 1028, 4966, 1230, 1131, 1032, 1129, 1130, 1031",11
"1031",1031,"1030, 831, 930, 932, 1029, 9088, 1132, 1033, 1130, 1131, 1032, 5841",12
"1032",1032,"932, 1031, 832, 931, 933, 1030, 2124, 1232, 1034, 1131, 1132, 1033",12
"1033",1033,"933, 1032, 833, 932, 934, 1031, 1233, 1134, 1035, 1132, 4418",11
"1034",1034,"934, 834, 1032, 1234, 1135, 1036, 3124, 3544, 1134, 1035, 1345",11
"1035",1035,"935, 1034, 934, 936, 1033, 4531, 1235, 1136, 8466, 1134, 1135",11
"1036",1036,"936, 836, 935, 937, 1034, 669, 1236, 1137, 1038, 7494, 5146",11
"1037",1037,"937, 837, 3406, 8645, 1237, 1039, 1136, 1137, 1038",9
"1038",1038,"938, 1037, 838, 939, 1036, 937, 1687, 1139, 1040, 1137, 8758, 1039",12
"1039",1039,"1038, 839, 938, 940, 1037, 7143, 8646, 1239, 1140, 1041, 1138, 1139, 1040",13
"1040",1040,"940, 1039, 939, 1038, 8227, 1240, 1042, 1139, 1140, 1041",10
"1041",1041,"1040, 841, 940, 942, 1039, 6303, 1241, 1142, 1043, 1140, 8728, 1141, 1042",13
"1042",1042,"942, 1041, 941, 943, 1040, 4252, 1242, 1143, 1044, 1141, 1142, 1043",12
"1043",1043,"943, 1042, 942, 944, 1041, 9693, 3608, 1243, 1144, 1045, 1142, 9161, 1143, 1044",14
"1044",1044,"1043, 943, 945, 1042, 1692, 1244, 1145, 1046, 1144, 1045",10
"1045",1045,"1044, 845, 944, 946, 1043, 1245, 1284, 1047, 1144, 1046, 7332",11
"1046",1046,"846, 945, 947, 1044, 1045, 4265, 1147, 1048, 1145, 1146, 3344",11
"1047",1047,"947, 847, 946, 948, 1045, 1247, 7118, 1049, 1146, 1147, 1048",11
"1048",1048,"948, 1047, 848, 947, 949, 1046, 1684, 1050, 1147, 1148, 1049",11
"1049",1049,"949, 1048, 849, 948, 1047, 810, 1517, 1249, 1150, 1149, 1050",11
"1050",1050,"1049, 850, 951, 1048, 1250, 1151, 1052, 1149, 1150, 1051",10
"1051",1051,"951, 1050, 851, 950, 952, 850, 6069, 5700, 7305, 1152, 1053, 1150, 1052",13
"1052",1052,"952, 1051, 951, 953, 1050, 3036, 9914, 1252, 7789, 1151, 1152, 1053",12
"1053",1053,"953, 1052, 952, 954, 1051, 4554, 1253, 1154, 2563, 1152, 9046, 1153, 5914",13
"1054",1054,"954, 854, 955, 5507, 1254, 1155, 1153, 9638, 6241, 5480, 1154, 1055",12
"1055",1055,"955, 1054, 855, 954, 403, 1593, 1255, 1156, 1057, 1154, 1155, 1056",12
"1056",1056,"1055, 856, 955, 3381, 1256, 1157, 9799, 1155, 7633, 9271, 1156, 1057",12
"1057",1057,"957, 1056, 857, 956, 958, 1055, 1257, 1158, 1059, 1156, 1157, 1058",12
"1058",1058,"958, 1057, 858, 957, 959, 8279, 1258, 1159, 1060, 1157, 1158, 1059",12
"1059",1059,"1058, 859, 958, 960, 1057, 959, 1259, 1160, 1061, 1158, 1159, 1060",12
"1060",1060,"960, 1059, 860, 961, 1058, 1260, 1161, 1062, 1159, 9213",10
"1061",1061,"961, 729, 960, 962, 1059, 2883, 9580, 1160, 5270, 1161, 1062",11
"1062",1062,"1061, 862, 1060, 5595, 1262, 1163, 1064, 1161, 1162, 1063, 1500",11
"1063",1063,"963, 1062, 863, 962, 964, 1263, 1164, 1065, 1162, 7710, 1163, 1064",12
"1064",1064,"1063, 864, 963, 965, 1062, 4946, 9333, 1264, 1165, 1066, 1164, 1065",12
"1065",1065,"965, 1064, 466, 865, 966, 1063, 1265, 1166, 1067, 1164, 3673, 4136, 1165, 1066",14
"1066",1066,"966, 1065, 866, 965, 967, 1064, 8805, 8441, 1266, 1167, 1248, 1165, 8703, 1166, 1067",15
"1067",1067,"967, 1066, 968, 1065, 1267, 1168, 1166, 1167, 1068",9
"1068",1068,"968, 1067, 868, 967, 969, 9717, 1268, 5910, 1070, 1167, 1168, 1069",12
"1069",1069,"1068, 869, 968, 1269, 1170, 1071, 1168, 7041, 1284, 1169, 1070",11
"1070",1070,"970, 1069, 870, 971, 1068, 9816, 7966, 7572, 6490, 1270, 1171, 1169, 8574, 1170, 1071",15
"1071",1071,"971, 1070, 871, 972, 1069, 6471, 5773, 2128, 1271, 1172, 1073, 8740, 5295, 1171, 4302",15
"1072",1072,"972, 872, 971, 973, 1272, 1173, 1074, 1171, 9979, 1172, 1073",11
"1073",1073,"973, 1072, 972, 974, 1071, 1273, 1174, 1075, 1384, 6336, 3902, 1173, 1074",13
"1074",1074,"974, 1073, 874, 973, 975, 1072, 9038, 7379, 1274, 1175, 1076, 1173, 1174, 7681",14
"1075",1075,"975, 875, 1073, 6729, 1176, 1077, 1174, 1175, 1076",9
"1076",1076,"1075, 876, 975, 977, 1074, 1550, 1276, 1177, 1078, 1175, 6327, 1176",12
"1077",1077,"977, 877, 978, 1075, 1277, 1079, 1176, 2082, 1191, 1078, 1489",11
"1078",1078,"978, 1077, 878, 977, 979, 1076, 1179, 1080, 1177, 1178, 1079",11
"1079",1079,"979, 1078, 879, 1077, 1279, 1180, 1081, 1178, 1179",9
"1080",1080,"980, 880, 979, 1078, 1280, 1181, 1179, 9229, 5703, 8246, 1081, 6191",12
"1081",1081,"981, 1080, 881, 980, 982, 1079, 1281, 4032, 1083, 1180, 3416, 1181, 1082",13
"1082",1082,"982, 1081, 969, 882, 981, 983, 7634, 2252, 1183, 1084, 1181, 8322, 6058, 1083",14
"1083",1083,"983, 1082, 984, 1081, 6325, 1283, 1184, 1085, 1182, 4070, 1183, 1084",12
"1084",1084,"984, 1083, 1082, 249, 7060, 1284, 5246, 8967, 2660, 8213, 1085",11
"1085",1085,"985, 1084, 885, 984, 986, 1083, 1285, 1186, 1087, 1086",10
"1086",1086,"986, 886, 985, 987, 1085, 1286, 1187, 1088, 1185, 1186, 1087",11
"1087",1087,"987, 1086, 887, 1085, 6868, 1287, 5370, 1089, 8812, 1187",10
"1088",1088,"988, 989, 1086, 1288, 1189, 1090, 1187, 1188, 5938, 2786",10
"1089",1089,"989, 401, 889, 988, 990, 1087, 2076, 1289, 8470, 1091, 1188, 1189",12
"1090",1090,"990, 989, 1088, 8965, 4399, 9910, 1191, 1189, 1190, 4468",10
"1091",1091,"991, 841, 891, 990, 992, 1089, 7550, 2631, 1291, 1093, 9752, 1191, 1092",13
"1092",1092,"992, 1091, 991, 993, 5003, 1456, 7965, 1193, 1094, 1191, 2818, 1192, 1093",13
"1093",1093,"993, 1092, 893, 992, 994, 1091, 8703, 1293, 1194, 1095, 1192, 1193, 7502",13
"1094",1094,"994, 894, 995, 1092, 1294, 1195, 1096, 1193, 4037, 1194, 1095",11
"1095",1095,"995, 1094, 895, 994, 996, 1093, 1295, 1196, 1097, 6492, 1195, 1096",12
"1096",1096,"996, 1095, 896, 995, 997, 1094, 1296, 1197, 1098, 1195, 8114, 5857",12
"1097",1097,"349, 897, 996, 998, 1095, 5705, 1999, 6880, 1099, 1196, 1197, 1098",12
"1098",1098,"998, 1097, 898, 997, 999, 1096, 7875, 1298, 1199, 1100, 1197, 8341, 1198, 1099",14
"1099",1099,"999, 1098, 899, 998, 1097, 5274, 1299, 1200, 1198, 1199, 1100",11
"1100",1100,"1000, 1099, 900, 999, 1098, 5804, 1199, 1200",8
"1101",1101,"691, 1001, 901, 4657, 3962, 1301, 1202, 1103, 1201, 1102",10
"1102",1102,"1002, 1101, 902, 686, 1003, 1302, 2742, 1104, 1201, 8025, 6951, 1202, 1103",13
"1103",1103,"1003, 1102, 903, 1002, 1004, 1101, 208, 6172, 1105, 1202, 1203, 1104",12
"1104",1104,"1103, 904, 1003, 1102, 9225, 2182, 1304, 1205, 1106, 1203, 1204",11
"1105",1105,"1005, 905, 1004, 1006, 1103, 1305, 1206, 1204, 1205, 3501, 6331",11
"1106",1106,"906, 1005, 1007, 1104, 1306, 1207, 1108, 8639, 1206, 1107",10
"1107",1107,"1106, 907, 1006, 1008, 9555, 2982, 1307, 1208, 1109, 1206, 9590, 1207, 1108",13
"1108",1108,"1008, 1107, 908, 1007, 1009, 1106, 8053, 3421, 1308, 1209, 1442, 1207, 1335, 1109",14
"1109",1109,"1009, 909, 1008, 1010, 1107, 1108, 1309, 1210, 1111, 1209, 1110",11
"1110",1110,"1010, 1109, 573, 910, 1009, 1011, 1310, 1211, 1209, 1210, 1111",11
"1111",1111,"1110, 911, 1010, 1109, 2756, 1311, 1212, 1113, 1210, 2398, 1112, 3436",12
"1112",1112,"1012, 1111, 912, 1011, 1013, 1114, 1211, 2791, 1212, 1113",10
"1113",1113,"1013, 1112, 913, 941, 1012, 1014, 1111, 1313, 1214, 1115, 1212, 1445, 1341, 1213, 1114",15
"1114",1114,"1014, 1113, 914, 1013, 1015, 1112, 1314, 3865, 1213, 1214",10
"1115",1115,"1015, 915, 1014, 1113, 1315, 1216, 1117, 1214, 1116, 8646",10
"1116",1116,"1016, 916, 1015, 1115, 2354, 2571, 9033, 1118, 1215, 1216",10
"1117",1117,"1017, 917, 1016, 1018, 1115, 3402, 1218, 4793, 1216, 1217, 1118",11
"1118",1118,"1117, 60, 1019, 1116, 3828, 9322, 1318, 1219, 1120, 1217, 8703, 6758, 1958, 8989",14
"1119",1119,"1019, 919, 1319, 1220, 1121, 1218, 6313, 1219, 1120",9
"1120",1120,"1020, 1119, 920, 1019, 1021, 1118, 9765, 1497, 1221, 1122, 8794, 1220, 1121",13
"1121",1121,"1021, 1120, 921, 1020, 1022, 1119, 1321, 1222, 1123, 1220, 1221, 1122",12
"1122",1122,"1022, 1121, 216, 922, 1023, 1120, 1322, 1223, 2826, 1221, 6837, 1222, 1123",13
"1123",1123,"1023, 1122, 923, 1022, 1121, 8102, 8489, 3123, 1323, 1224, 1125, 1222, 5925, 4201, 1223, 1124",16
"1124",1124,"1123, 924, 1023, 9259, 9874, 1324, 1225, 7896, 1223, 7945, 2298, 1224",12
"1125",1125,"1025, 442, 925, 1024, 1026, 1123, 1325, 1226, 1127, 1224, 1225, 1126",12
"1126",1126,"1026, 1125, 926, 1025, 1027, 9022, 1326, 1227, 1128, 1225, 1226, 1127",12
"1127",1127,"1027, 1126, 927, 1026, 1028, 1125, 1327, 1228, 1129, 1226, 1227, 1128",12
"1128",1128,"1028, 1127, 1027, 1029, 1126, 1328, 1229, 1130, 2829, 1393, 1129",11
"1129",1129,"1029, 929, 1030, 1127, 1128, 1329, 1230, 1131, 1228, 2182, 1229",11
"1130",1130,"1030, 930, 1029, 1031, 1128, 4772, 8959, 1231, 1132, 1229, 1230, 1131, 1806",13
"1131",1131,"1031, 1130, 931, 1030, 1032, 1129, 2552, 1331, 7796, 1133, 1230, 1231, 1132",13
"1132",1132,"1032, 1131, 932, 1031, 1033, 1130, 7024, 5894, 1332, 1233, 1134, 1231, 1133",13
"1133",1133,"1132, 933, 1131, 6944, 7276, 9323, 1234, 1135, 1232, 7657, 8356, 1134",12
"1134",1134,"1034, 1133, 934, 1033, 1035, 1132, 4914, 1334, 6333, 1136, 1233, 9750, 1234, 1135",14
"1135",1135,"1035, 1134, 935, 1034, 1133, 1391, 3767, 1236, 1234, 1235, 1136",11
"1136",1136,"1135, 936, 1035, 1037, 1134, 391, 8081, 7444, 1336, 1237, 1235, 1236",12
"1137",1137,"1037, 1036, 1038, 7663, 3609, 1238, 1139, 1236, 7115, 1237, 1138, 6655",12
"1138",1138,"1137, 938, 1039, 9064, 7745, 6867, 1239, 8374, 8283",9
"1139",1139,"1039, 388, 939, 1040, 1137, 1038, 1240, 1141, 1238, 1239, 1140",11
"1140",1140,"1040, 1139, 1039, 1041, 940, 1241, 1142, 4049, 1240, 1141",10
"1141",1141,"1041, 1140, 1042, 1139, 1341, 1242, 5941, 6008, 1142",9
"1142",1142,"1042, 942, 1041, 1043, 1140, 1141, 1342, 1243, 1144, 1241, 1242, 1143",12
"1143",1143,"1043, 1142, 1042, 3431, 7795, 1343, 1244, 1145, 1242, 1243, 1144",11
"1144",1144,"1044, 1143, 944, 1043, 1045, 1142, 1344, 1245, 1146, 1243, 4763, 1145",12
"1145",1145,"1144, 945, 1044, 1046, 1143, 4981, 6390, 1345, 1147, 3288, 1245, 1146, 9472",13
"1146",1146,"155, 1046, 1145, 946, 1047, 1144, 1346, 1247, 1148, 1245, 1246, 1147",12
"1147",1147,"1047, 1146, 947, 1046, 1048, 1145, 1347, 1248, 1149, 1246, 1247, 1148",12
"1148",1148,"1048, 1147, 948, 1146, 9269, 9679, 2007, 1348, 1249, 1150, 1247, 1248, 1149",13
"1149",1149,"159, 1049, 1148, 949, 1050, 1147, 1250, 1151, 1248, 2115, 2805, 1249, 1150",13
"1150",1150,"1050, 1149, 950, 1049, 1051, 1148, 3957, 4314, 1350, 1251, 1898, 6291, 5993, 1250, 1151",15
"1151",1151,"1150, 951, 1050, 1052, 1149, 1838, 1351, 1153, 1250, 7304, 1251, 1152",12
"1152",1152,"639, 1052, 1151, 952, 1051, 1053, 2403, 1352, 1253, 8678, 1251, 1252, 1153",13
"1153",1153,"1053, 1152, 953, 1054, 1151, 1353, 1254, 1155, 1252, 5887, 1253, 1154",12
"1154",1154,"1054, 1153, 954, 1053, 1055, 2302, 1354, 1255, 1156, 1253, 1254, 1155",12
"1155",1155,"1055, 1154, 955, 1054, 1056, 1153, 1355, 1256, 1157, 1254, 1255, 1156",12
"1156",1156,"1056, 1155, 956, 1055, 1057, 1154, 5494, 2122, 1356, 1257, 1158, 1255, 4174, 1256, 1157",15
"1157",1157,"1057, 1156, 957, 1056, 1058, 1155, 2711, 2597, 1357, 1258, 1159, 1256, 1257, 1158",14
"1158",1158,"1058, 1157, 958, 1057, 1059, 1156, 7853, 1358, 1259, 1160, 1269, 1159",12
"1159",1159,"1059, 1158, 959, 1058, 1060, 1157, 1359, 1260, 1258, 1259, 6804",11
"1160",1160,"324, 960, 1059, 1061, 1158, 4772, 1360, 1261, 1162, 1259, 1260, 1161",12
"1161",1161,"1061, 1160, 961, 1060, 1062, 4005, 1361, 1262, 7304, 1260, 7948, 5395, 1261, 1162",14
"1162",1162,"557, 1062, 1161, 962, 1063, 1160, 8647, 8408, 1362, 1263, 1164, 1261, 1262, 1163",14
"1163",1163,"1063, 1162, 963, 1062, 5113, 1363, 1264, 1165, 1262, 1263, 1164",11
"1164",1164,"1064, 1163, 1063, 1065, 1162, 4367, 1364, 1265, 1263, 1264, 1165",11
"1165",1165,"1065, 1164, 965, 1064, 1066, 1163, 8609, 7207, 1365, 1266, 7687, 1264, 1265",13
"1166",1166,"1066, 966, 1065, 1067, 1366, 1267, 1168, 1265, 5104, 1266, 1167, 4847",12
"1167",1167,"1067, 1166, 967, 1066, 1068, 9330, 1367, 1169, 1266, 1267, 1168",11
"1168",1168,"1068, 1167, 968, 1067, 1069, 1166, 1368, 1269, 4355, 1267, 1268, 1169",12
"1169",1169,"1069, 1168, 969, 1070, 1167, 7559, 1369, 1270, 1171, 1268, 5814, 1269, 1170",13
"1170",1170,"1070, 1169, 970, 1069, 1370, 1271, 1172, 1269, 9324, 1270, 1171",11
"1171",1171,"1071, 1170, 971, 1070, 1072, 1169, 371, 1371, 1272, 1173, 1271",11
"1172",1172,"1072, 972, 1071, 1170, 1372, 1722, 1174, 1271, 6517, 1272, 1173",11
"1173",1173,"1073, 1172, 973, 1072, 1074, 1171, 3767, 1274, 1175, 1272, 9040, 7907, 4239",13
"1174",1174,"1074, 974, 1073, 1075, 1172, 8612, 3080, 1374, 1275, 1176, 1273, 1274, 1175",13
"1175",1175,"1075, 1174, 975, 1074, 1076, 1173, 6819, 1375, 1276, 1274, 1275, 1176",12
"1176",1176,"1076, 1175, 976, 1075, 1077, 1174, 9187, 1376, 5474, 1178, 1275, 7937, 1177",13
"1177",1177,"1176, 881, 1076, 1078, 2136, 2110, 1377, 1278, 1179, 1276, 8716, 6933, 1178",13
"1178",1178,"1078, 1177, 978, 1079, 1176, 1378, 1279, 1180, 1277, 2918, 1278, 1179",12
"1179",1179,"1079, 1178, 751, 979, 1080, 1177, 1078, 6853, 2022, 1379, 1280, 1181, 1278, 1180",14
"1180",1180,"1179, 980, 1079, 1081, 1178, 881, 1380, 1182, 1279, 1280, 1181",11
"1181",1181,"1081, 1180, 981, 1080, 1082, 1179, 6642, 1381, 7230, 1183, 1280, 6163, 5384, 1281, 1182",15
"1182",1182,"1181, 982, 1083, 1180, 8271, 3922, 1382, 1283, 1184, 1281",10
"1183",1183,"1083, 983, 1181, 1082, 1383, 1284, 1185, 1282, 8894, 1283, 1184, 6699",12
"1184",1184,"1183, 1083, 1182, 9854, 3377, 1384, 1285, 1186, 1283, 1284, 1185",11
"1185",1185,"1184, 985, 1086, 1183, 8469, 7833, 2091, 1385, 1286, 1187, 1284, 4974, 1186",13
"1186",1186,"1086, 986, 1085, 1184, 1185, 1386, 1188, 3618, 1286, 1187",10
"1187",1187,"1087, 1186, 987, 1086, 1088, 1185, 9630, 1387, 1288, 1286, 1287, 1188",12
"1188",1188,"1088, 1187, 988, 1089, 1186, 1388, 1190, 1287, 6664, 1288",10
"1189",1189,"1089, 989, 1088, 1090, 873, 1389, 1191, 1190, 5903",9
"1190",1190,"1090, 990, 1188, 1189, 7580, 8129, 5220, 3634, 1192, 1289, 1290, 1191",12
"1191",1191,"1077, 1091, 1190, 991, 1090, 1092, 1189, 1640, 1391, 1292, 1193, 1290, 1291, 1192",14
"1192",1192,"1092, 1191, 992, 1093, 1190, 1438, 1392, 1293, 1194, 1291, 9705, 1292, 1193",13
"1193",1193,"1093, 1192, 1092, 1094, 1191, 3485, 1294, 1195, 1292, 1293, 1194",11
"1194",1194,"1094, 1193, 994, 1093, 1192, 2093, 9754, 1196, 1293, 1294, 1195",11
"1195",1195,"1095, 1194, 995, 1094, 1096, 1193, 5938, 1395, 1296, 1197, 1294, 4354, 1992, 1295, 1196",15
"1196",1196,"1195, 1095, 1097, 1194, 4591, 1396, 1297, 1198, 1295, 1296, 1197",11
"1197",1197,"1097, 1196, 997, 1096, 1098, 1195, 2737, 1397, 1298, 1199, 1296, 1351, 1198",13
"1198",1198,"1098, 1099, 1196, 1197, 9566, 4331, 1398, 1299, 1200, 1297, 8733, 7837, 1298, 1199",14
"1199",1199,"1099, 1198, 999, 1098, 1100, 1197, 1399, 1300, 1298, 1299, 1200",11
"1200",1200,"1100, 1199, 1000, 1099, 1198, 7646, 5124, 1400, 1299, 1300",10
"1201",1201,"1101, 1001, 1102, 1302, 6376, 1301, 1202",7
"1202",1202,"1102, 1201, 1002, 1101, 1103, 8390, 7512, 1402, 1303, 1204, 1302",11
"1203",1203,"609, 1103, 1016, 1003, 1104, 3901, 2446, 1403, 1304, 1205, 1302, 1303, 1204",13
"1204",1204,"1104, 1203, 1004, 1105, 1202, 2247, 1404, 1303, 1304, 1205",10
"1205",1205,"1105, 1204, 1005, 1104, 1203, 4949, 1405, 1306, 1207, 1304, 1305, 1206",12
"1206",1206,"1106, 1205, 1006, 1105, 1107, 1406, 1307, 1208, 1305, 2441, 9743, 6816, 1645, 1306, 1207",15
"1207",1207,"1107, 1206, 1007, 1106, 1108, 1205, 1407, 1308, 1209, 1306, 7210, 1307, 1208",13
"1208",1208,"1207, 1008, 1107, 1206, 9546, 7293, 8266, 1408, 1309, 8608, 1307, 9965, 1308, 1209",14
"1209",1209,"1109, 1208, 1009, 1108, 1110, 1207, 9088, 1409, 1211, 1308, 1309, 1210",12
"1210",1210,"1110, 1209, 1109, 1111, 1311, 1212, 1309, 1310, 1211",9
"1211",1211,"1210, 1011, 1110, 1112, 1209, 1411, 1312, 1213, 1310, 1311",10
"1212",1212,"1112, 1012, 1111, 1113, 1210, 8480, 1412, 1313, 1214, 6151, 1312, 1213, 8497",13
"1213",1213,"1113, 1212, 1013, 1211, 1114, 1413, 1314, 1312, 5576, 1313, 1214",11
"1214",1214,"1114, 1213, 605, 1014, 1113, 1115, 1212, 128, 2103, 1315, 1216, 1313, 5829, 5693, 1314, 1215",16
"1215",1215,"1214, 1015, 1116, 2521, 1415, 1316, 1217, 1314, 3630, 1315, 1216, 9539",12
"1216",1216,"1116, 1215, 1016, 1115, 1117, 1214, 1317, 1315, 1316, 1217",10
"1217",1217,"1117, 1216, 1118, 1215, 6332, 7063, 1318, 1219, 1317, 1218",10
"1218",1218,"1217, 1018, 1117, 1119, 5385, 1319, 1220, 2823, 2538, 1608, 1219",11
"1219",1219,"1119, 1019, 1118, 1217, 1218, 1419, 1320, 1221, 1318, 1319, 1220",11
"1220",1220,"1120, 1219, 1119, 1121, 1218, 1420, 1222, 1319, 3111, 1320, 1221",11
"1221",1221,"1121, 1220, 1021, 1122, 1219, 1120, 2681, 1421, 1322, 1223, 1320, 8542, 1321, 1222",14
"1222",1222,"1122, 1221, 1022, 1121, 1123, 1220, 1323, 1224, 1321, 1343, 7290, 1223",12
"1223",1223,"1123, 1222, 1122, 1124, 1221, 1423, 1324, 1225, 1322, 3228, 1323, 1224",12
"1224",1224,"1124, 1223, 1024, 1123, 1125, 1222, 1424, 1325, 8863, 1323, 7515, 1324",12
"1225",1225,"1125, 1025, 1124, 1126, 1223, 2673, 1227, 1324, 1325, 9714",10
"1226",1226,"1126, 1026, 1125, 1127, 1327, 1228, 8686, 6310, 3255, 5645",10
"1227",1227,"495, 1127, 1027, 1126, 1225, 2483, 1427, 8396, 4216, 1326, 9831, 3888, 1327, 1228",14
"1228",1228,"851, 1227, 1028, 1127, 1129, 1226, 7498, 1807, 1428, 1329, 1230, 1327, 1328, 1229, 6162",15
"1229",1229,"1129, 1228, 1029, 1128, 1130, 6811, 1330, 1231, 1328, 1329, 1230",11
"1230",1230,"1130, 1229, 1030, 1129, 1131, 1228, 4809, 4360, 1430, 1331, 1232, 1329, 1330, 1231",14
"1231",1231,"1131, 1230, 716, 1130, 1132, 1229, 7552, 1431, 1332, 1330, 5315, 1331, 1232",13
"1232",1232,"976, 1231, 1032, 1133, 1230, 1432, 1333, 1234, 1331, 4497, 1332, 1233",12
"1233",1233,"740, 1232, 1033, 1132, 1134, 530, 1433, 1332, 1333, 1234",10
"1234",1234,"1134, 1233, 1034, 1133, 1135, 1232, 6549, 1434, 1335, 1333, 1334, 1235",12
"1235",1235,"1135, 1234, 1035, 1136, 5125, 4085, 1435, 1237, 1334, 1335, 1236",11
"1236",1236,"1136, 1235, 1036, 1137, 1135, 1436, 1337, 1238, 1335, 1336, 7274",11
"1237",1237,"1137, 1037, 1136, 1235, 2202, 1437, 1338, 1239, 1336, 9821, 1337, 1238",12
"1238",1238,"1237, 1137, 1139, 1236, 4968, 3603, 9244, 1438, 1339, 1240, 1337, 2344, 1833, 1239",14
"1239",1239,"1139, 1039, 1237, 1138, 1238, 2079, 1439, 1340, 1241, 9564, 1339, 1240",12
"1240",1240,"1140, 1239, 514, 1040, 1238, 1139, 4782, 1440, 1341, 1242, 1339, 4985, 1340, 1241",14
"1241",1241,"1240, 1041, 1142, 1239, 1140, 3858, 9559, 1243, 1340",9
"1242",1242,"1142, 1042, 1141, 1143, 1240, 1343, 1244, 1341, 6183, 1342, 1243, 2474",12
"1243",1243,"1143, 1242, 1043, 1142, 1144, 1241, 1443, 1344, 1245, 1342, 1343, 1244",12
"1244",1244,"1243, 1044, 1143, 1242, 1444, 7946, 1246, 1343, 6056, 1344, 1245",11
"1245",1245,"1145, 1244, 1045, 1144, 1146, 1243, 4949, 1445, 1247, 1344, 1345, 1246",12
"1246",1246,"1146, 1245, 1147, 1244, 6664, 1446, 1347, 1248, 5610, 1346, 1247",11
"1247",1247,"1147, 1246, 1047, 1146, 1148, 1245, 1447, 1348, 1249, 1346, 1248",11
"1248",1248,"1148, 1066, 1147, 1149, 1246, 248, 1247, 9443, 6590, 1349, 1250, 1671, 1348, 1249",14
"1249",1249,"1149, 1248, 1049, 1148, 1247, 2787, 1449, 1251, 1348, 6681, 1349, 1250",12
"1250",1250,"1150, 1249, 1050, 1151, 1248, 1149, 1450, 1351, 1252, 1349, 1350, 1251",12
"1251",1251,"1151, 1250, 1150, 1152, 1249, 5201, 1451, 1352, 1253, 1252",10
"1252",1252,"1152, 1251, 1052, 1153, 1250, 1452, 1353, 1254, 1351, 6913, 1352, 1253",12
"1253",1253,"1153, 1252, 1053, 1152, 1154, 1251, 1285, 1453, 8407, 1255, 1352, 3055, 1353, 1254",14
"1254",1254,"1154, 1253, 1010, 1054, 1153, 1155, 1252, 817, 1454, 1355, 1256, 1353, 2814, 1354, 1255",15
"1255",1255,"1155, 1254, 1055, 1154, 1156, 1253, 6056, 4093, 1455, 1356, 1257, 1354, 1355, 1256",14
"1256",1256,"1156, 1255, 341, 1056, 1155, 1157, 1254, 9367, 1916, 1456, 1258, 1355, 1257",13
"1257",1257,"1157, 1057, 1156, 1255, 1256, 1457, 1358, 1259, 1356, 1357, 1258",11
"1258",1258,"1257, 1058, 1157, 1159, 1256, 1458, 1359, 1260, 1357, 1259",10
"1259",1259,"1159, 1059, 1158, 1160, 1257, 927, 1258, 1459, 1360, 1261, 3528, 1290, 1260",13
"1260",1260,"1160, 1259, 1060, 1159, 1161, 1258, 1460, 1361, 1262, 1359, 1360, 1261",12
"1261",1261,"1161, 1260, 1160, 1162, 1259, 6065, 1461, 1362, 1263, 1360, 1361, 1262",12
"1262",1262,"1162, 1261, 1062, 1161, 1163, 1260, 424, 46, 4428, 4134, 1462, 1363, 1361, 8402",14
"1263",1263,"1163, 1063, 1162, 1164, 1261, 9761, 1463, 1364, 1265, 1363, 1264",11
"1264",1264,"1164, 1263, 1064, 1163, 1165, 1464, 9769, 1266, 1363, 9145, 1364, 1265",12
"1265",1265,"1165, 1264, 1065, 1164, 1166, 1263, 6362, 6112, 1465, 1366, 1267, 6054, 5174, 1365, 1266",15
"1266",1266,"1166, 1265, 1066, 1165, 1167, 1264, 1466, 1367, 1268, 1365, 9330, 1366, 1267",13
"1267",1267,"1167, 1266, 1067, 1166, 1168, 1265, 746, 4846, 1388, 1467, 1368, 1269, 1366, 1367",14
"1268",1268,"1168, 1068, 1169, 1266, 2258, 1369, 1270, 1367, 9798, 1368, 1269",11
"1269",1269,"1158, 1169, 1268, 1069, 1168, 1170, 1267, 8165, 1469, 1370, 1271, 7187, 6024",13
"1270",1270,"1170, 1070, 1169, 1268, 7438, 1470, 1371, 1272, 1369, 1370, 1271, 4259",12
"1271",1271,"1171, 1270, 1071, 1170, 1172, 1269, 655, 4662, 1471, 1372, 1273, 1272",12
"1272",1272,"1172, 1271, 1072, 1171, 1173, 1270, 1472, 1373, 1274, 8618, 1372, 1273",12
"1273",1273,"1272, 1073, 1174, 1271, 1473, 1374, 9347, 1372, 1373, 1274",10
"1274",1274,"1174, 1273, 1074, 1175, 1272, 1173, 6230, 4799, 1474, 1375, 1276, 1373, 1374, 1275",14
"1275",1275,"1175, 1274, 1174, 1176, 1277, 1374, 1375, 1276",8
"1276",1276,"1275, 1076, 1175, 1177, 1274, 5780, 1377, 1278, 8731, 1376, 1277",11
"1277",1277,"1276, 1077, 1178, 1025, 1275, 2243, 1378, 1279, 1377, 2862",10
"1278",1278,"1178, 1177, 1179, 1276, 6492, 1379, 3733, 1377, 1378, 1279",10
"1279",1279,"840, 1278, 1079, 1178, 1180, 1277, 9174, 3884, 1281, 1378, 1379, 3021",12
"1280",1280,"1180, 1080, 1179, 1181, 1381, 1379, 1380, 1281",8
"1281",1281,"1181, 1280, 1081, 1182, 1279, 1481, 1382, 1283, 4855, 9166, 1381, 1282",12
"1282",1282,"1281, 1183, 4447, 8694, 1316, 4776, 1482, 1383, 1284, 1381, 2346, 1382",12
"1283",1283,"1183, 1083, 1182, 1184, 1281, 1483, 1384, 1285, 1382, 1383, 9088",11
"1284",1284,"1184, 1045, 1183, 1185, 1282, 1084, 1069, 9465, 1484, 1385, 1286, 1383, 1285, 8219",14
"1285",1285,"1253, 1284, 1085, 1184, 1283, 7369, 9372, 7213, 1485, 1386, 1384, 5556, 1385, 1286",14
"1286",1286,"1186, 1285, 1086, 1185, 1187, 1284, 1486, 1387, 1288, 1385, 1386",11
"1287",1287,"1187, 1087, 1188, 9185, 4539, 1487, 1388, 1289, 1386, 4929, 9188, 1387, 1288, 2580",14
"1288",1288,"1188, 1287, 1088, 1187, 1286, 9512, 4579, 1389, 1290, 1387, 1388, 1289",12
"1289",1289,"1288, 1089, 1190, 1287, 7381, 2807, 1390, 1388, 1389, 1290",10
"1290",1290,"1190, 1289, 1191, 1288, 820, 1259, 5854, 1490, 1292, 1960, 1291",11
"1291",1291,"1191, 1290, 1091, 1192, 1491, 1392, 1293, 1390, 5110, 6102, 1391, 3705",12
"1292",1292,"1192, 1191, 1193, 1290, 3018, 1492, 1393, 1294, 1391, 8848, 1392",11
"1293",1293,"1193, 969, 1093, 1192, 1194, 1291, 1493, 1394, 1295, 1392, 1393, 1294",12
"1294",1294,"1194, 1293, 1094, 1193, 1195, 1292, 1494, 1395, 1296, 1393, 1394",11
"1295",1295,"1195, 1095, 1196, 1293, 5305, 3318, 2279, 1396, 1297, 1394, 4905, 1395, 7575",13
"1296",1296,"1196, 1096, 1195, 1197, 1294, 9064, 1496, 1397, 1298, 1395, 1396, 1297, 6151",13
"1297",1297,"1296, 1196, 1198, 1295, 7490, 1497, 1398, 1299, 1397, 1298",10
"1298",1298,"1198, 1297, 1098, 1197, 1199, 1296, 1498, 1399, 1398, 1299",10
"1299",1299,"1199, 1298, 1099, 1198, 1200, 1297, 7347, 1499, 1400, 1398, 9420, 1399, 1300",13
"1300",1300,"1200, 1299, 1199, 9456, 1399, 3358",6
"1301",1301,"1201, 1101, 553, 9447, 9177, 1501, 1402, 1303, 5378, 1302",10
"1302",1302,"1202, 1301, 304, 1102, 1203, 1201, 8402, 7416, 1403, 1304, 1401, 1402, 1303",13
"1303",1303,"1203, 1302, 1202, 1204, 1301, 4708, 2332, 1503, 1404, 1305, 1402, 4649, 1403, 1304",14
"1304",1304,"1204, 1303, 1104, 1203, 1205, 1302, 1504, 1405, 1306, 1403, 1404, 1305",12
"1305",1305,"1205, 1304, 1105, 1206, 1303, 6929, 4533, 1505, 1406, 5569, 1404, 7555, 2889, 1405, 2899",15
"1306",1306,"1206, 1106, 1205, 1207, 1304, 8349, 7998, 6629, 1506, 1407, 1308, 1405, 1406, 9998",14
"1307",1307,"1207, 1107, 1206, 1208, 2696, 2166, 1507, 1408, 1309, 3759, 4246, 1308",12
"1308",1308,"1208, 1307, 1108, 1207, 1209, 1306, 6433, 5784, 1508, 2981, 1310, 1407, 1408, 1309",14
"1309",1309,"1209, 1308, 1109, 1208, 1210, 1307, 1509, 1410, 1408, 1409, 7342",11
"1310",1310,"1210, 1110, 1211, 1308, 919, 1510, 1411, 1312, 1409, 5064, 1410",11
"1311",1311,"1211, 1111, 1210, 1511, 1412, 4266, 1410, 9206, 1411, 1312",10
"1312",1312,"1212, 1311, 1211, 1213, 1310, 7487, 1512, 1413, 1314, 1411, 1412, 3086",12
"1313",1313,"1213, 1113, 1212, 1214, 5469, 1513, 1315, 1412, 1413, 1314",10
"1314",1314,"1214, 1313, 1114, 1213, 1215, 1312, 1514, 1415, 5861, 9670, 3643, 1414, 1315",13
"1315",1315,"1215, 1314, 1115, 1214, 1216, 1313, 7275, 2535, 1416, 1317, 1414, 1415, 1316",13
"1316",1316,"1216, 1315, 1282, 1215, 6814, 1516, 1417, 1318, 1415, 1416, 1317",11
"1317",1317,"1217, 1316, 1315, 1216, 1517, 1418, 6856, 5485, 1417, 1318",10
"1318",1318,"1317, 1118, 1217, 1219, 1316, 9727, 1518, 1419, 1320, 1417, 1418, 1319",12
"1319",1319,"1219, 1318, 1119, 1220, 1218, 8150, 1519, 1420, 1321, 9357, 1741, 1320",12
"1320",1320,"1220, 1219, 1221, 1318, 1319, 3121, 1520, 1421, 1322, 1419, 4762, 2247, 1420, 1321",14
"1321",1321,"1221, 1320, 1121, 1222, 1319, 1521, 1422, 1323, 3384, 8551, 1421, 1322",12
"1322",1322,"1321, 1122, 1221, 1223, 1320, 1522, 6853, 1324, 1421, 9165, 1422, 1323",12
"1323",1323,"18, 1223, 1322, 1123, 1224, 1321, 39, 1222, 8035, 1325, 1422, 9852, 1324",13
"1324",1324,"1224, 1124, 1223, 1225, 1322, 1323, 1524, 1425, 1326, 1423, 1424, 1325",12
"1325",1325,"1012, 1225, 1324, 1125, 1224, 1323, 2905, 4382, 1525, 1426, 1424, 1425, 1326",13
"1326",1326,"1325, 1126, 1227, 1324, 9230, 1981, 1427, 1328, 1425, 1679, 1426, 1327",12
"1327",1327,"1227, 1326, 1127, 1228, 886, 1226, 5772, 1527, 1428, 1329, 1426, 1427, 1328",13
"1328",1328,"1228, 1327, 1128, 1229, 1326, 1528, 1429, 1330, 8800, 9092, 1428, 1329",12
"1329",1329,"1229, 1328, 1129, 1228, 1230, 1327, 4733, 1529, 1430, 1428, 1429, 1330",12
"1330",1330,"1230, 1329, 441, 1328, 1231, 1229, 6231, 1530, 1431, 1332, 1429, 1430, 1331",13
"1331",1331,"1231, 1330, 1131, 1230, 1232, 1531, 1432, 1333, 1430, 4705, 7092, 2455, 7959",13
"1332",1332,"1232, 1132, 1231, 1233, 1330, 8685, 1406, 1532, 1433, 1334, 1431, 4911, 1432, 1333",14
"1333",1333,"1233, 1332, 1232, 1331, 1234, 7173, 2631, 1533, 1434, 1335, 1432, 1433, 1334",13
"1334",1334,"1234, 1333, 1134, 1235, 1332, 6232, 7459, 1435, 1336, 1433, 3355, 1434",12
"1335",1335,"1235, 1108, 1234, 1236, 1333, 7702, 7016, 4456, 1535, 1436, 1337, 1434, 1435, 1336",14
"1336",1336,"1236, 1335, 1136, 1237, 1334, 6720, 1536, 1437, 1338, 1435, 3461, 9402, 8925, 1436, 1337",15
"1337",1337,"1237, 1336, 996, 1236, 1238, 1335, 1537, 1438, 1339, 1436, 1437, 1338",12
"1338",1338,"1337, 1237, 1336, 6253, 9505, 9391, 3419, 1538, 1439, 1340, 1437, 6849, 1339",13
"1339",1339,"1239, 1338, 1238, 1240, 1337, 1539, 1341, 1438, 4217, 1439, 1340",11
"1340",1340,"1240, 1339, 1239, 1241, 1338, 3620, 2431, 1540, 1441, 1342, 3451, 8143, 4411, 1440",14
"1341",1341,"1113, 1141, 1240, 1242, 1339, 8106, 1541, 1442, 1343, 1440, 1441, 1342, 2843",13
"1342",1342,"1242, 1341, 1142, 1243, 1340, 4703, 2599, 1542, 1443, 1344, 1441, 8263, 2653, 1442",14
"1343",1343,"1243, 1222, 1143, 1244, 1341, 1242, 1543, 1444, 1345, 3583, 1443, 1344",12
"1344",1344,"1244, 1343, 1144, 1243, 1245, 1342, 1544, 1445, 1346, 1443, 1444, 1345",12
"1345",1345,"1034, 1245, 1344, 1145, 1343, 1493, 1545, 1446, 1347, 1444, 1445, 1346",12
"1346",1346,"1246, 1345, 1146, 298, 1247, 1344, 1546, 1447, 1348, 1445, 1347",11
"1347",1347,"1147, 1246, 1345, 1346, 4494, 2412, 1547, 1448, 5509, 1446, 1799",11
"1348",1348,"1248, 1148, 1247, 1249, 1346, 1548, 1449, 1350, 1447, 1448, 1349",11
"1349",1349,"1249, 1348, 1248, 1250, 8713, 7241, 2747, 1549, 1450, 1351, 1448, 7859, 1449, 8581",14
"1350",1350,"1250, 1150, 1348, 9700, 1550, 1451, 1352, 1449, 8721, 1351",10
"1351",1351,"1197, 1350, 1151, 1250, 1252, 1349, 1551, 1452, 8064, 7623, 2143, 1352",12
"1352",1352,"1252, 1152, 1251, 1253, 1350, 1351, 1552, 1453, 1354, 1451, 9086, 3129, 1452, 1353",14
"1353",1353,"1253, 1352, 1153, 1252, 1254, 1553, 1454, 1355, 4389, 1453",10
"1354",1354,"1254, 1154, 1255, 1352, 1554, 1455, 1356, 1453, 1454, 1355, 7645",11
"1355",1355,"1255, 1354, 1155, 1254, 1256, 1353, 1555, 1456, 1357, 1454, 1455",11
"1356",1356,"1156, 1255, 1257, 1354, 7521, 8705, 1556, 1457, 6994, 1455, 1456, 1357, 3935",13
"1357",1357,"1257, 1356, 1258, 1355, 1157, 1557, 1458, 1359, 1456, 7914, 1457, 1358",12
"1358",1358,"1357, 98, 1158, 1257, 6828, 7993, 5988, 1558, 1459, 1360, 2910, 1458, 1359",13
"1359",1359,"1358, 1159, 1258, 1260, 1357, 1559, 1460, 1361, 1458, 1459, 1360",11
"1360",1360,"1260, 1359, 1160, 1259, 1261, 1358, 5950, 1560, 1461, 1362, 1459, 1460",12
"1361",1361,"1261, 1161, 1260, 1262, 1359, 3154, 3632, 3267, 2224, 1461, 5751, 3800",12
"1362",1362,"1162, 1261, 1360, 5490, 7254, 1562, 1463, 1364, 1461, 5406, 1363",11
"1363",1363,"1263, 1362, 1163, 1262, 1264, 1563, 1464, 1365, 1462, 1383, 1463, 1364",12
"1364",1364,"1264, 1363, 1164, 1263, 1362, 3619, 8653, 1945, 1564, 1465, 1366, 1463, 8635, 1941, 1464, 1365",16
"1365",1365,"1265, 1364, 1165, 1266, 1363, 5373, 1565, 1466, 5407, 1464, 7089, 1543, 1465, 1366",14
"1366",1366,"1266, 1365, 1166, 1265, 1267, 1364, 1566, 1467, 1368, 1465, 4900, 4158, 1367",13
"1367",1367,"1267, 1366, 1167, 1266, 1268, 605, 8648, 6640, 1567, 1468, 1369, 1466, 9695, 1368",14
"1368",1368,"1268, 1367, 1168, 1267, 1366, 8261, 7596, 1469, 1370, 1468, 1369",11
"1369",1369,"1368, 1169, 1270, 1367, 1268, 184, 1569, 1371, 1468",9
"1370",1370,"1270, 84, 1170, 1269, 1368, 6961, 2917, 1471, 1372, 1469, 2918, 1470, 9225",13
"1371",1371,"1171, 1270, 1369, 4889, 1571, 1472, 5504, 1470, 1471, 1372",10
"1372",1372,"1272, 1371, 1172, 1271, 1273, 1370, 6851, 1572, 1473, 1374, 1471, 7732, 3133, 1373",14
"1373",1373,"1273, 1272, 1274, 1372, 2906, 7240, 1573, 1375, 1473, 1374",10
"1374",1374,"1274, 1373, 1174, 1273, 1275, 1372, 8714, 4516, 1574, 1475, 1376, 1473, 1474, 1375",14
"1375",1375,"1275, 1374, 1175, 1274, 1373, 1575, 2393, 1377, 1474, 9042, 1376",11
"1376",1376,"1276, 735, 1176, 1374, 1375, 1576, 1477, 1378, 9142, 1476, 1377",11
"1377",1377,"1277, 1376, 1177, 1276, 1278, 1375, 2043, 8892, 1379, 1476, 1477, 1378",12
"1378",1378,"1278, 1377, 1178, 1277, 1279, 1376, 8231, 8193, 1578, 1479, 1380, 1477, 1478, 1379",14
"1379",1379,"1279, 1378, 1179, 1280, 1377, 1278, 1579, 1480, 1479, 1380",10
"1380",1380,"1280, 1379, 1180, 1378, 8164, 1481, 1382, 1479, 2974, 1480, 1381",11
"1381",1381,"1281, 1380, 1181, 1282, 1280, 1581, 1482, 1383, 1480, 9297, 6309, 1382",12
"1382",1382,"1282, 1381, 1182, 1281, 1283, 1380, 1582, 1483, 1384, 1481, 6943, 5932, 4917, 1482, 1383",15
"1383",1383,"1283, 1382, 1183, 1282, 1284, 1363, 1381, 6176, 1583, 1484, 1482, 1483, 1384",13
"1384",1384,"1383, 1073, 1184, 1283, 1285, 1382, 6133, 1584, 1485, 1386, 1483, 1484, 1385",13
"1385",1385,"1285, 1384, 341, 912, 1185, 1284, 1286, 6647, 1585, 1486, 1387, 2559, 1485, 1386",14
"1386",1386,"1286, 1385, 1186, 1285, 1287, 1384, 9567, 8826, 1586, 1485, 1387",11
"1387",1387,"1287, 1187, 1286, 1288, 1385, 1386, 1587, 1488, 1580, 1486, 5619, 1487, 1388",13
"1388",1388,"1288, 1387, 1188, 1287, 1289, 1267, 8974, 1588, 1489, 1390, 5772, 1488, 1389",13
"1389",1389,"1289, 1388, 1189, 1288, 9410, 2537, 1589, 1490, 1391, 1488, 1489, 1390",12
"1390",1390,"1389, 1291, 1388, 1289, 2018, 9092, 2976, 1590, 5776, 1392, 1489, 1490, 1391",13
"1391",1391,"1291, 1390, 1135, 1191, 1292, 1389, 8547, 9267, 4089, 1393, 1490, 8854, 1491, 1392",14
"1392",1392,"1292, 1391, 1192, 1291, 1293, 1390, 7926, 1592, 1394, 1491, 1492, 1393",12
"1393",1393,"1293, 1392, 1128, 1292, 1294, 1391, 63, 5285, 1395, 1492, 8498, 1394",12
"1394",1394,"1294, 1393, 1293, 1295, 1392, 7497, 7271, 4026, 1594, 1495, 1493, 1395",12
"1395",1395,"1295, 1195, 1294, 1296, 1393, 1394, 4461, 1496, 1397, 1494, 1396",11
"1396",1396,"1296, 1196, 1295, 1395, 8385, 1497, 1495, 7128, 4387, 6104",10
"1397",1397,"1297, 1197, 1296, 1395, 1597, 1498, 1399, 1496, 4250, 1398",10
"1398",1398,"1298, 1198, 1297, 1299, 1397, 7227, 1499, 1400, 1497, 9607, 7538, 8409, 1399",13
"1399",1399,"1299, 1398, 1199, 1298, 1397, 1300, 8269, 6743, 1599, 1500, 1498, 2342, 1499, 1400",14
"1400",1400,"636, 1399, 1200, 1299, 1398, 709, 1499, 4438, 1500",9
"1401",1401,"444, 1302, 8040, 5663, 2772, 1502, 1403, 6009, 1402",9
"1402",1402,"1302, 1401, 1202, 1301, 1303, 4687, 3154, 1503, 1404, 1502, 1403",11
"1403",1403,"1303, 1402, 1203, 1304, 1401, 1302, 1603, 1504, 1502, 6292",10
"1404",1404,"1304, 1204, 1303, 1305, 1402, 1604, 1505, 1503, 1405, 4612",10
"1405",1405,"1305, 1205, 1304, 1306, 1404, 3104, 4573, 1605, 1407, 1504, 2739, 1505, 1406",13
"1406",1406,"1306, 1405, 1206, 1305, 1332, 1606, 1507, 1505, 1506",9
"1407",1407,"1207, 1306, 1308, 1405, 1607, 1409, 1506, 1507, 1408, 5632",10
"1408",1408,"1308, 1407, 1208, 1307, 1309, 1608, 1509, 1410, 1507, 4151, 1409",11
"1409",1409,"1309, 1209, 1310, 1407, 1408, 1609, 1510, 1411, 1508, 5879, 1509",11
"1410",1410,"1310, 1309, 1311, 1408, 8637, 7504, 4342, 4067, 1610, 1412, 1509, 1510, 1411, 6140",14
"1411",1411,"1311, 1410, 907, 1211, 1310, 1312, 1409, 9457, 4810, 1611, 1512, 1413, 1510, 1511, 1412",15
"1412",1412,"1312, 1411, 1212, 1311, 1313, 1410, 1612, 1513, 1414, 1511, 1512, 1413",12
"1413",1413,"1313, 1412, 1213, 1312, 1411, 1613, 1514, 1415, 1513, 1414",10
"1414",1414,"1314, 1413, 387, 1315, 1412, 5271, 1614, 1515, 1416, 1513, 4279, 1415",12
"1415",1415,"318, 1315, 1414, 1215, 1314, 1316, 1413, 8465, 1615, 1417, 1514, 1515, 1416",13
"1416",1416,"1316, 1415, 388, 1315, 1414, 7484, 1517, 1418, 1515, 8620, 1516, 4963",12
"1417",1417,"1317, 1316, 1318, 1415, 8831, 7558, 5789, 5576, 1617, 1518, 1419, 1517, 5914",13
"1418",1418,"1318, 1317, 1416, 2158, 1618, 1519, 1420, 1517, 1518, 1419",10
"1419",1419,"1418, 1219, 1318, 1320, 1417, 1976, 2663, 1619, 1520, 1518, 6068, 1519, 1420",13
"1420",1420,"1320, 1419, 1220, 1319, 1418, 4695, 1620, 1521, 1422, 8320, 1520, 1421",12
"1421",1421,"1321, 1420, 1221, 1320, 1322, 1621, 1522, 1423, 4010, 7339, 1521, 1422",12
"1422",1422,"1322, 1421, 1321, 1323, 1420, 9763, 1622, 1523, 1424, 2747, 9867, 8310, 1423",13
"1423",1423,"1422, 1223, 1324, 1421, 4268, 1623, 1524, 1425, 1522, 4134, 1523",11
"1424",1424,"1324, 1224, 1325, 1422, 5988, 7653, 1624, 1525, 1523, 1524, 1425, 8739",12
"1425",1425,"1325, 1424, 641, 1324, 1326, 1423, 4190, 1625, 1526, 1427, 1524, 5586, 1426",13
"1426",1426,"1326, 1425, 83, 1325, 1327, 8422, 1626, 1527, 1428, 1525, 7533, 1526, 1427",13
"1427",1427,"387, 1327, 1426, 1227, 1326, 1425, 1627, 1528, 1429, 1526, 1428",11
"1428",1428,"818, 1328, 1427, 1228, 1327, 1329, 1426, 4310, 9279, 1628, 1529, 1430, 1527, 1528, 1429",15
"1429",1429,"1329, 1428, 1328, 1330, 1427, 4754, 3889, 8755, 1530, 1431, 1528, 9533, 1529, 1430",14
"1430",1430,"687, 1330, 1429, 1230, 1329, 1331, 1428, 1531, 1432, 1529, 1530, 1431",12
"1431",1431,"1430, 1231, 1330, 1332, 1429, 5871, 4025, 1631, 1532, 1530, 2509, 6028",12
"1432",1432,"1332, 1232, 1331, 1333, 1430, 1632, 1533, 1434, 1531, 1532, 1433",11
"1433",1433,"1333, 1432, 1233, 1332, 1334, 1633, 1534, 1532, 9514, 1533",10
"1434",1434,"1334, 1234, 1333, 1335, 1432, 8184, 1535, 1436, 1533, 1435, 8329",11
"1435",1435,"1335, 1235, 1334, 1336, 1434, 6292, 1635, 1536, 1534, 5834, 1535, 1436",12
"1436",1436,"1336, 1435, 1236, 1335, 1337, 1434, 1537, 1535, 1536, 1437",10
"1437",1437,"1337, 1436, 523, 1237, 1336, 1338, 1637, 1538, 1536, 3990, 1537, 8642",12
"1438",1438,"1238, 1337, 1339, 1192, 1638, 1539, 1440, 1538, 1439",9
"1439",1439,"1339, 1438, 1239, 1338, 873, 1639, 1540, 1441, 1538, 5440, 1539, 5428",12
"1440",1440,"1340, 520, 1240, 781, 1341, 1438, 1640, 1541, 1442, 1539, 3652, 1441",12
"1441",1441,"1341, 1440, 1340, 1342, 1439, 589, 1641, 1542, 1443, 1540, 1442",11
"1442",1442,"1342, 1441, 1108, 1341, 1440, 4934, 1543, 1444, 1541, 2194, 1542, 1443",12
"1443",1443,"1343, 1442, 1243, 1342, 1344, 1441, 1983, 1445, 1542, 6831, 4449, 1444",12
"1444",1444,"1344, 1443, 1244, 1343, 1345, 1442, 4554, 3417, 1545, 1446, 1543, 1544",12
"1445",1445,"1024, 1345, 1113, 1245, 1344, 1346, 1443, 1645, 1546, 1544, 1545, 1446",12
"1446",1446,"1445, 1246, 1345, 1347, 1444, 984, 2575, 1646, 1448, 1545, 4534, 1546, 1447, 2698",14
"1447",1447,"1446, 1247, 1346, 1348, 466, 1548, 1449, 1546, 6785, 5784",10
"1448",1448,"1348, 1347, 1349, 1446, 1648, 1549, 1450, 1547, 1548, 1449",10
"1449",1449,"1349, 1448, 1249, 1348, 1350, 1447, 7531, 1550, 1451, 1548, 2789, 1450",12
"1450",1450,"966, 1449, 1250, 1349, 1448, 1650, 1551, 1549, 1511, 1550, 1451",11
"1451",1451,"1450, 1251, 1350, 1352, 1449, 3281, 9403, 1651, 1453, 1550, 7263, 1551, 9466",13
"1452",1452,"1352, 1252, 1351, 8983, 7663, 4090, 1652, 1553, 3267, 1551, 2692, 3499, 1453",13
"1453",1453,"284, 1353, 1452, 1253, 1352, 1354, 1451, 8440, 1653, 1554, 1455, 1552, 1553, 1454",14
"1454",1454,"1354, 1453, 1254, 1353, 1355, 1977, 1654, 1555, 1553, 5162, 3108, 1554, 1455",13
"1455",1455,"1355, 1454, 1255, 1354, 1356, 1453, 8110, 1655, 1556, 1457, 1554, 1456",12
"1456",1456,"1356, 1256, 1355, 1357, 999, 1092, 1455, 1557, 1458, 1555, 1556, 1457",12
"1457",1457,"1357, 1456, 1257, 1356, 1455, 3130, 1657, 3448, 1459, 1556, 8066, 1557, 1458",13
"1458",1458,"1358, 1457, 1258, 1357, 1359, 1456, 3381, 1658, 1559, 1460, 1557, 7349, 1558, 1459",14
"1459",1459,"1359, 1458, 1259, 1358, 1360, 1457, 1659, 1560, 1461, 1558, 2679, 1559",12
"1460",1460,"1360, 1260, 1359, 1458, 4058, 2918, 9111, 1561, 1462, 1559, 1560, 1461",12
"1461",1461,"1361, 1460, 1261, 1360, 1362, 1459, 8396, 6425, 1661, 1562, 1463, 1560, 1561, 5352",14
"1462",1462,"1262, 1363, 1460, 1662, 1563, 1464, 1561, 2510, 1562, 1463",10
"1463",1463,"1363, 1462, 1263, 1362, 1364, 1461, 1663, 1564, 1465, 1562, 1563, 1464",12
"1464",1464,"1364, 1463, 1264, 1363, 1365, 1462, 8563, 5403, 1664, 1565, 1466, 7715, 1564, 1465",14
"1465",1465,"1365, 1464, 1265, 1364, 1366, 1463, 1665, 1566, 1467, 1564, 2636, 1466",12
"1466",1466,"1465, 1266, 1365, 1367, 1464, 4366, 5999, 1567, 1468, 1565, 1566, 1467",12
"1467",1467,"1466, 1267, 1366, 1465, 6294, 5350, 3882, 2914, 7314, 1568, 6454, 1566, 1468",13
"1468",1468,"1368, 1367, 1369, 1466, 1467, 8650, 1668, 1569, 1470, 1567, 3091, 4162, 6934, 1469",14
"1469",1469,"1468, 1269, 1368, 1370, 5187, 1669, 1570, 1471, 1568, 1470",10
"1470",1470,"1370, 1270, 897, 1371, 1468, 1469, 1670, 1571, 1472, 1569, 1570",11
"1471",1471,"423, 1371, 1271, 1372, 1469, 1370, 5554, 1671, 1572, 1473, 1570, 1571, 1472, 4212",14
"1472",1472,"1471, 1272, 1371, 1470, 9626, 6545, 7737, 1672, 1573, 1571, 7775, 1473",12
"1473",1473,"1373, 1472, 1273, 1372, 1374, 1471, 1673, 1574, 1475, 1572, 6655, 5967, 1573, 1474",14
"1474",1474,"1374, 1473, 1274, 1375, 1674, 1575, 1476, 5646, 3739, 5053, 6832, 1475",12
"1475",1475,"1474, 1374, 1473, 8671, 2779, 3476, 2809, 1675, 1576, 1477, 1574, 4626, 1575, 1476",14
"1476",1476,"1376, 1475, 428, 1377, 1474, 15, 2211, 1577, 1478, 3390, 1576, 1477",12
"1477",1477,"1377, 1476, 345, 1376, 1378, 1475, 90, 5178, 1677, 1578, 1479, 1576, 4011",13
"1478",1478,"1378, 1476, 8675, 5502, 1678, 1579, 1480, 1577, 6626, 1578, 1479",11
"1479",1479,"1379, 1478, 1378, 1380, 1477, 1679, 1580, 1481, 1578, 1579, 1480",11
"1480",1480,"1380, 1479, 1379, 1381, 1478, 3903, 1680, 1581, 1482, 1579, 7165, 1580, 1481",13
"1481",1481,"1480, 1281, 1380, 1382, 1479, 1681, 1582, 1483, 1580, 1482",10
"1482",1482,"1382, 1282, 1381, 1383, 1480, 1481, 7390, 7920, 1583, 1484, 1581, 1509, 5633, 1483",14
"1483",1483,"1383, 1482, 1283, 1382, 1384, 1481, 6171, 1683, 1584, 1485, 1582, 1583, 1484",13
"1484",1484,"1384, 1483, 1284, 1383, 1482, 7466, 1684, 1585, 2514, 1583, 1584, 1485",12
"1485",1485,"1385, 1484, 1285, 1384, 1386, 1483, 1685, 1586, 1487, 1584, 5750, 1486",12
"1486",1486,"1286, 1385, 1387, 1485, 1945, 2992, 1686, 1587, 1488, 1585, 1586, 1487",12
"1487",1487,"1387, 1486, 1287, 1485, 8713, 7337, 1588, 1489, 1586, 5761, 1587, 7372",12
"1488",1488,"1388, 294, 1387, 1389, 1486, 1688, 1589, 1490, 9558, 1588, 1489",11
"1489",1489,"1077, 1389, 1488, 770, 1388, 1390, 1487, 2167, 1689, 1590, 1491, 1588, 1589, 1490",14
"1490",1490,"1390, 1489, 1290, 1389, 1391, 1488, 1690, 1492, 1589, 1590, 1491",11
"1491",1491,"1391, 1490, 1291, 1392, 1489, 9218, 1691, 1493, 1590, 4248, 1579, 1591, 1492",13
"1492",1492,"1392, 1491, 1292, 1393, 1490, 7149, 1692, 1494, 1591, 5676, 1592",11
"1493",1493,"1012, 1345, 1293, 1394, 1491, 2674, 1693, 1594, 1495, 1592, 9005, 9724, 1593, 1494, 1586",15
"1494",1494,"1493, 888, 1294, 1395, 1492, 6028, 1595, 1496, 1593, 3512, 7330, 1495",12
"1495",1495,"1494, 1394, 1396, 1493, 4091, 5438, 1695, 1596, 1497, 1594, 1595, 1496, 4709",13
"1496",1496,"1495, 564, 1296, 1397, 1494, 1395, 1696, 8078, 1498, 1595, 1596",11
"1497",1497,"1297, 1398, 1495, 1120, 1396, 9886, 1598, 1499, 1596, 2269, 9870, 1498",12
"1498",1498,"1497, 1298, 1397, 1399, 1496, 1698, 1599, 1500, 1597, 3148, 2202, 1598, 1499",13
"1499",1499,"1399, 1498, 1299, 1398, 1400, 1497, 6027, 1699, 1600, 1598, 1599",11
"1500",1500,"1062, 1400, 1399, 1498, 8982, 1700, 1600, 9767",8
"1501",1501,"1301, 5081, 1701, 3856, 1503, 7480, 1601, 1502",8
"1502",1502,"1402, 1501, 1401, 1403, 5189, 3361, 1603, 5207, 1601, 8282, 1602, 1503",12
"1503",1503,"1502, 1303, 1404, 1501, 1402, 5909, 3467, 3183, 1604, 1602, 1603, 1504",12
"1504",1504,"1503, 1304, 1403, 1405, 8775, 1704, 1605, 1506, 1603, 1604, 1505",11
"1505",1505,"1405, 1504, 1305, 1404, 1406, 538, 5657, 1705, 1606, 1507, 1604, 1605, 1506",13
"1506",1506,"1406, 1505, 1306, 1407, 1504, 8163, 1680, 1607, 1508, 1605, 3517, 1606, 1507",13
"1507",1507,"1407, 1506, 1307, 1406, 1408, 1505, 1707, 1509, 1606, 1607, 1508",11
"1508",1508,"1507, 1308, 1409, 1506, 87, 1708, 1609, 1510, 1607, 2019, 1608, 1509, 1912",13
"1509",1509,"1409, 1508, 1309, 1408, 1410, 1507, 1482, 6968, 1709, 1610, 1511, 1608",12
"1510",1510,"1410, 1310, 1409, 1411, 1508, 1710, 1611, 1512, 1609, 1610, 1511",11
"1511",1511,"1411, 1510, 1311, 1450, 1412, 1509, 7346, 1711, 1612, 8782, 4856, 1611",12
"1512",1512,"1412, 1312, 1411, 1510, 6963, 1712, 1613, 1514, 1611, 1612, 1513, 8462",12
"1513",1513,"1413, 1512, 1313, 1412, 1414, 3909, 1713, 1515, 1612, 1514",10
"1514",1514,"1513, 1314, 1413, 1415, 1512, 1714, 1615, 1516, 1614",9
"1515",1515,"1415, 1414, 1416, 1513, 4509, 1616, 1517, 1614, 1615, 1516",10
"1516",1516,"1416, 1515, 1316, 1514, 7017, 8174, 1716, 1518, 1615, 7529, 1616, 1517",12
"1517",1517,"1417, 1516, 1049, 1317, 1416, 1418, 1515, 1717, 1618, 1519, 1616, 7992, 1617, 1518",14
"1518",1518,"1418, 1517, 1318, 1417, 1419, 1516, 9889, 1718, 1619, 1520, 1617, 1618, 1519",13
"1519",1519,"1419, 1518, 1319, 1418, 419, 1517, 1719, 1620, 1521, 1618, 1619, 1520",12
"1520",1520,"1420, 1519, 1320, 1419, 1518, 1720, 1621, 1522, 1619, 1620",10
"1521",1521,"1421, 1321, 1420, 1519, 1721, 1622, 1620, 1621, 1522, 8617",10
"1522",1522,"1521, 1322, 1421, 1423, 1520, 1722, 1623, 1524, 1621, 1752, 5323, 1523",12
"1523",1523,"1423, 1522, 1422, 1424, 1723, 1624, 1525, 6086, 1623, 1524",10
"1524",1524,"1424, 1523, 1324, 1423, 1425, 1522, 2841, 2198, 1724, 1625, 1526, 1623, 1624, 1525",14
"1525",1525,"1524, 1325, 1424, 1426, 1523, 1725, 1625, 1526",8
"1526",1526,"1426, 1525, 646, 1425, 1427, 1524, 1726, 1627, 1528, 1625, 1899, 1626, 7332",13
"1527",1527,"936, 1327, 1426, 1428, 1628, 1529, 1626, 7289, 3138, 1627, 1528",11
"1528",1528,"1428, 1527, 1328, 1427, 1429, 1526, 9153, 1530, 1627, 1628",10
"1529",1529,"1429, 1329, 1428, 1430, 1527, 1729, 1630, 1531, 1628, 1722, 4036, 5688",12
"1530",1530,"1430, 1330, 1429, 1431, 1528, 1730, 1631, 1532, 1629, 1630, 1531",11
"1531",1531,"1530, 1331, 1432, 1529, 1430, 8614, 7966, 4330, 1533, 1630, 1532",11
"1532",1532,"1432, 1332, 1431, 1433, 1530, 1531, 3604, 2880, 5907, 1633, 1534, 1631, 1632, 1533",14
"1533",1533,"1433, 1532, 1333, 1432, 1434, 1531, 9598, 1733, 1634, 4109, 9361, 1633, 1534",13
"1534",1534,"1533, 1433, 1435, 1532, 4759, 4599, 1734, 1635, 1536, 1633, 1634, 1535",12
"1535",1535,"1435, 1534, 1335, 1436, 1434, 7601, 1735, 1636, 1537, 1634, 1635",11
"1536",1536,"1436, 1336, 1435, 1437, 1534, 1736, 1538, 1635, 4631, 1636, 1537, 7673",12
"1537",1537,"1437, 1536, 1337, 1535, 1436, 5219, 4686, 1737, 1638, 1636, 1637, 1985",12
"1538",1538,"1438, 1338, 1437, 1439, 1536, 6902, 1738, 1639, 1540, 1637, 1638, 1539",12
"1539",1539,"1439, 1538, 1339, 1438, 1440, 1739, 1541, 1638, 3933, 1639, 4106",11
"1540",1540,"1340, 1439, 1441, 1538, 5712, 1740, 1641, 1542, 1639, 9085, 1640",11
"1541",1541,"1341, 1440, 1442, 1539, 1741, 1642, 7518, 1640, 8707, 6819, 5329, 1641, 1542, 5637",14
"1542",1542,"1442, 1541, 1342, 1441, 1443, 1540, 1742, 1643, 1544, 1641, 1543",11
"1543",1543,"1365, 1343, 1442, 1444, 1542, 7775, 1743, 1644, 1545, 1642, 1643, 1544",12
"1544",1544,"1444, 1543, 1344, 1445, 1542, 1744, 3436, 1546, 1643, 8486, 6597, 1545",12
"1545",1545,"1445, 1544, 650, 1345, 1444, 1446, 1543, 1745, 1646, 1547, 1644, 1645, 1546",13
"1546",1546,"1446, 1545, 1346, 1445, 1447, 1544, 1647, 1548, 1645, 8275, 1646, 1547",12
"1547",1547,"1546, 1347, 1448, 1545, 5171, 1648, 8485, 4978, 1647",9
"1548",1548,"1448, 1348, 1449, 1546, 1447, 9836, 1748, 1649, 1647, 1648, 1549, 5311",12
"1549",1549,"1548, 1349, 1448, 1450, 9424, 1749, 1650, 1551, 1648, 5165, 1649, 1550",12
"1550",1550,"1450, 1549, 1350, 1451, 1076, 1449, 6240, 1750, 1649, 5861",10
"1551",1551,"1451, 1351, 1450, 1452, 1549, 4957, 1751, 4309, 4420, 1650, 1651, 1552, 5643",13
"1552",1552,"1551, 1352, 1453, 709, 9094, 3834, 1752, 1653, 1554, 1651, 5190, 1652",12
"1553",1553,"1453, 1353, 1452, 1454, 2715, 2454, 1753, 1654, 1555, 1652, 7892, 2655, 1653, 1554",14
"1554",1554,"1454, 1553, 109, 1354, 1453, 1455, 1552, 7763, 1655, 1653, 3135, 1654, 1555",13
"1555",1555,"1554, 1355, 1454, 1456, 1553, 1755, 1656, 1557, 1654, 1655",10
"1556",1556,"1456, 1356, 1455, 1457, 5758, 1756, 6411, 1655, 3658, 1656, 1557",11
"1557",1557,"255, 1457, 1556, 1357, 1456, 1458, 1555, 4661, 1757, 1658, 1559, 1656, 3517, 7607, 1558",15
"1558",1558,"1557, 1358, 1459, 248, 1458, 3292, 1659, 1560, 1657, 5703, 4260, 7930, 1559",13
"1559",1559,"1459, 1558, 1359, 1458, 1460, 1557, 1759, 1660, 1561, 1659, 8586",11
"1560",1560,"1460, 1360, 1459, 1461, 1558, 6182, 5122, 4945, 1760, 1661, 1562, 1659, 2332, 1660, 1561",15
"1561",1561,"1461, 1560, 1460, 1462, 1559, 6303, 1761, 1662, 1563, 1660, 1661, 1562",12
"1562",1562,"1462, 1561, 1362, 1461, 1463, 1560, 4140, 1762, 1663, 1564, 1661, 1662, 1563",13
"1563",1563,"1463, 1562, 1363, 1462, 1561, 2080, 1763, 1664, 1565, 1662, 1663, 1564",12
"1564",1564,"1464, 1563, 1364, 1463, 1465, 1562, 1764, 1665, 1566, 3765, 1565",11
"1565",1565,"1365, 1464, 1466, 1563, 1564, 1765, 1666, 1567, 1664, 1665",10
"1566",1566,"1466, 1366, 1465, 1467, 1564, 1766, 1667, 3803, 3802, 1567, 9571",11
"1567",1567,"128, 1367, 1466, 1468, 1565, 1566, 8882, 4141, 1767, 1668, 1569, 3933, 3945, 5020, 1568",15
"1568",1568,"1567, 1467, 1469, 8278, 3946, 1768, 1570, 1667, 4539, 1668, 1569",11
"1569",1569,"1568, 1369, 1468, 1470, 1567, 3376, 1769, 1670, 1571, 1668, 1599, 1669, 1570, 6080",14
"1570",1570,"1470, 1569, 1469, 1471, 1568, 2244, 2637, 2279, 1770, 1671, 1572, 1669, 1907, 1670",14
"1571",1571,"1471, 576, 1371, 1470, 1472, 1569, 94, 5872, 1771, 4641, 1573, 4637, 1671, 1572, 8959",15
"1572",1572,"1571, 1372, 1471, 1473, 1570, 1772, 1673, 1574, 1672, 1573",10
"1573",1573,"1473, 1572, 1373, 1472, 1571, 4671, 1674, 1575, 1672, 1673, 1574",11
"1574",1574,"1573, 1374, 1473, 1475, 1572, 941, 8347, 8209, 1576, 1673",10
"1575",1575,"1475, 1375, 1474, 1573, 2761, 1775, 1577, 1674, 1675, 1576",10
"1576",1576,"978, 1476, 1575, 1376, 1475, 1477, 1574, 3070, 1776, 1677, 1578, 1675, 1676, 1577",14
"1577",1577,"1576, 1476, 1478, 1575, 1777, 9186, 1579, 1676, 5033, 1677, 1578",11
"1578",1578,"1478, 1577, 1378, 1477, 1479, 1576, 1778, 1679, 1677, 1678",10
"1579",1579,"1479, 1491, 1379, 1478, 1480, 1577, 2028, 1779, 1680, 1687, 1679, 1580",12
"1580",1580,"1480, 1579, 1387, 1479, 1481, 2022, 1679, 1680, 1581",9
"1581",1581,"1580, 1381, 1480, 1482, 2474, 5106, 4726, 2651, 3735, 1583, 1680, 7941, 1955, 1582",14
"1582",1582,"1581, 1382, 1481, 1483, 1782, 1683, 1584, 1682, 1583",9
"1583",1583,"1483, 1582, 1383, 1482, 1484, 172, 1581, 3520, 1684, 1585, 3816",11
"1584",1584,"1484, 527, 1384, 1483, 1485, 1582, 6249, 2262, 1784, 1685, 1586, 1683, 1585",13
"1585",1585,"1385, 1484, 1486, 1583, 1584, 9594, 8557, 1785, 1686, 1587, 1684, 1685, 1586",13
"1586",1586,"1486, 1493, 1585, 1386, 1485, 1487, 1584, 3486, 1786, 1687, 1588, 1685, 1686, 1587",14
"1587",1587,"1487, 1586, 1387, 1486, 1585, 1787, 1688, 1589, 1686, 1687, 1588",11
"1588",1588,"1488, 1587, 1388, 1487, 1489, 1586, 125, 8884, 1788, 1689, 3644, 1688, 1589",13
"1589",1589,"1489, 1588, 1389, 1488, 1490, 1587, 1789, 1690, 1896, 1688, 4401, 1689, 1590",13
"1590",1590,"1490, 1589, 1390, 1489, 1491, 810, 3105, 1790, 1691, 1592, 1689, 5742, 1690",13
"1591",1591,"1491, 1492, 1791, 6007, 1593, 1690, 4454, 1691, 1592",9
"1592",1592,"1492, 1591, 1392, 1493, 1590, 4698, 1792, 1693, 1594, 1691, 2143, 9181, 1692, 1593",14
"1593",1593,"1493, 1592, 1055, 1494, 1591, 2997, 6976, 1793, 1694, 1595, 1692, 1693, 1594",13
"1594",1594,"1593, 1394, 1493, 1495, 1592, 6280, 4759, 2327, 1596, 1693, 1694",11
"1595",1595,"1496, 1593, 1494, 1495, 4401, 1795, 1696, 1694, 1695, 1596, 2990",11
"1596",1596,"1496, 1595, 1495, 1497, 1594, 9791, 5096, 1796, 1697, 1598, 1695, 1696, 1597",13
"1597",1597,"1596, 1397, 1498, 8733, 1797, 1599, 1696, 1753, 1697, 1598",10
"1598",1598,"1498, 1597, 1497, 1499, 1596, 7769, 3945, 2331, 1600, 1698, 1599",11
"1599",1599,"1499, 1598, 730, 811, 1399, 1498, 1569, 1597, 1799, 1700, 1698, 1699, 1600",13
"1600",1600,"1500, 1599, 1499, 1598, 6116, 5773, 1800, 1699, 1700",9
"1601",1601,"1501, 1502, 7938, 3688, 1801, 1702, 1603, 1701, 1602",9
"1602",1602,"1502, 1601, 110, 1503, 4416, 1802, 1703, 1604, 1701, 4962, 1702, 1603",12
"1603",1603,"1503, 1602, 314, 1403, 1502, 1504, 1601, 1803, 1704, 1605, 1702, 1703, 1604",13
"1604",1604,"1504, 1603, 1404, 1505, 1602, 1503, 2552, 1804, 1705, 1703, 2272, 1605",12
"1605",1605,"1505, 1405, 1504, 1506, 1603, 1604, 9177, 1805, 1706, 1607, 1704, 8625, 1705, 1606",14
"1606",1606,"1506, 1605, 1406, 1505, 1507, 1806, 1707, 1608, 1705, 9681, 1607",11
"1607",1607,"1507, 1407, 1506, 1508, 1605, 1606, 1807, 1708, 1609, 2828, 1707, 1608",12
"1608",1608,"1508, 1607, 1408, 1509, 1606, 1218, 1808, 4584, 1707, 7918, 1708",11
"1609",1609,"890, 1409, 1508, 1510, 1607, 4392, 5168, 1809, 1710, 1611, 1708, 7682, 5941, 5133, 1709",15
"1610",1610,"1510, 1410, 1509, 1810, 1612, 8916, 1611, 2403",8
"1611",1611,"1511, 1610, 1411, 1510, 1512, 1609, 4556, 1811, 1613, 1710, 8844, 1612",12
"1612",1612,"1512, 1412, 1511, 1513, 1610, 218, 1611, 1812, 1713, 1614, 1711, 9770, 1712",13
"1613",1613,"1413, 1512, 1611, 502, 9325, 1813, 1714, 1615, 1712, 1713",10
"1614",1614,"1514, 1414, 1515, 1612, 1814, 1715, 1616, 1638, 5187, 1615, 8748",11
"1615",1615,"1515, 1614, 1415, 1514, 1516, 1613, 4992, 2282, 1988, 1815, 1716, 1617, 1714, 2487, 1715, 1616",16
"1616",1616,"1516, 1615, 1517, 1614, 1515, 1816, 1717, 1618, 1715, 1716, 1617",11
"1617",1617,"1517, 1616, 1417, 1518, 1615, 1817, 1718, 1619, 1716, 7741, 1717, 1618",12
"1618",1618,"1518, 1617, 1418, 1517, 1519, 1616, 2546, 1818, 1719, 1717, 1718, 1619",12
"1619",1619,"1519, 1618, 1419, 1518, 1520, 1617, 6555, 1819, 1720, 1621, 1718, 1719, 1620",13
"1620",1620,"1520, 1619, 1420, 1519, 1521, 5257, 1820, 1721, 1622, 5495, 2459, 1720",12
"1621",1621,"1521, 1421, 1520, 1522, 1619, 4924, 8235, 1722, 1623, 6827, 1721, 1622, 2781",13
"1622",1622,"1621, 1422, 1521, 1620, 2565, 5148, 1822, 1723, 1624, 1721, 1722, 1623",12
"1623",1623,"1523, 1622, 1423, 1522, 1524, 1621, 1823, 1724, 1625, 1722, 1723, 1624",12
"1624",1624,"1524, 1623, 1424, 1523, 1622, 8913, 1824, 9403, 3700, 1723, 8390, 1724, 3417",13
"1625",1625,"1525, 1425, 1524, 1526, 1623, 9805, 1825, 1726, 1627, 1724, 8586, 1725, 1626",13
"1626",1626,"1526, 1625, 1426, 256, 1527, 1727, 1628, 1725, 1726, 1627",10
"1627",1627,"1527, 1626, 1427, 1526, 1528, 1625, 5656, 4602, 3439, 3997, 1728, 1629, 1726, 1727, 1628",15
"1628",1628,"1528, 1627, 1428, 1527, 1529, 1626, 5155, 1729, 1630, 1727, 1728, 1629",12
"1629",1629,"1628, 1530, 1627, 1829, 1730, 1631, 1728, 8470, 1729, 1630",10
"1630",1630,"1530, 1629, 1529, 1531, 1628, 9538, 1830, 1731, 1729, 1730, 1631",11
"1631",1631,"1630, 1431, 1530, 1532, 1629, 2046, 2782, 1831, 1732, 1633, 1730, 1731, 1632",13
"1632",1632,"1532, 1631, 7, 1432, 1832, 1733, 1634, 1731, 5817, 9811, 1732, 8269",12
"1633",1633,"1533, 1433, 1532, 1534, 1631, 7592, 1833, 1734, 5851, 1732, 1733, 1634",12
"1634",1634,"1534, 1633, 1533, 1535, 1632, 7306, 7923, 1834, 4914, 1636, 1733, 1734, 1635",13
"1635",1635,"1535, 1634, 1435, 1534, 1536, 7323, 1835, 1736, 1637, 1734, 1735",11
"1636",1636,"1536, 1535, 1537, 1634, 3584, 1836, 1638, 1735, 7529, 5133",10
"1637",1637,"1537, 715, 1437, 1538, 1635, 1837, 1639, 1736, 3561, 1737, 1638",11
"1638",1638,"1538, 1637, 1438, 1614, 1537, 1539, 1636, 7740, 1838, 1739, 1640, 1737, 1738, 1639",14
"1639",1639,"1539, 1638, 1439, 1538, 1540, 1637, 4252, 1839, 1740, 1641, 1738, 1810, 1739, 1640",14
"1640",1640,"1540, 1639, 1440, 1541, 1638, 1191, 1840, 4278, 1642, 2307, 7360",11
"1641",1641,"1541, 1441, 1540, 1542, 1639, 8067, 1742, 3757, 1740, 3663, 1741, 1642, 4526",13
"1642",1642,"1641, 798, 1541, 1543, 1640, 6471, 1842, 1743, 7300, 1741, 1742, 1643",12
"1643",1643,"1543, 1642, 1542, 1544, 7253, 8853, 1843, 1744, 1645, 1742, 1743, 1644",12
"1644",1644,"1643, 1543, 1545, 4225, 1844, 2421, 1743, 5339, 1744, 1645",10
"1645",1645,"1545, 1644, 1445, 1546, 1643, 1206, 3324, 4688, 1845, 1746, 1647, 6783, 1745",13
"1646",1646,"1546, 1446, 1545, 9739, 4997, 1846, 1747, 7477, 1745, 1746, 6398",11
"1647",1647,"1547, 1548, 1645, 1546, 8955, 1847, 1748, 1649, 1746, 8099, 1747, 1648",12
"1648",1648,"1548, 1647, 1448, 1549, 1547, 4543, 1848, 1749, 1650, 1747, 1748, 1649",12
"1649",1649,"1549, 1648, 1548, 1550, 1647, 9803, 1849, 1750, 1651, 1748, 1815, 1749, 1650",13
"1650",1650,"1649, 1450, 1549, 1551, 1648, 2223, 7917, 2262, 1850, 1751, 1652, 1749, 1750, 1651",14
"1651",1651,"1551, 1650, 1451, 1552, 1649, 7034, 1851, 1752, 1653, 1750, 2731",11
"1652",1652,"1552, 1452, 1553, 1650, 9031, 7984, 6574, 1852, 1753, 1654, 1751, 5437, 1752, 1653, 9143",15
"1653",1653,"1553, 1652, 1453, 1552, 1554, 1651, 1853, 1754, 1655, 1752, 1753, 1654",12
"1654",1654,"1653, 1454, 1553, 1555, 1652, 1554, 2998, 1854, 1755, 1656, 1753, 1655",12
"1655",1655,"1555, 1654, 1455, 1554, 1556, 1653, 7325, 1855, 1756, 1657, 1754, 8310, 5292, 2824, 1755, 1656",16
"1656",1656,"1556, 1655, 1555, 1557, 1654, 1856, 1757, 1658, 1755, 2792, 1756, 3991",12
"1657",1657,"1457, 1558, 1655, 1758, 1659, 1756, 1757, 1658",8
"1658",1658,"1657, 1458, 1557, 1656, 3347, 1858, 1759, 1757, 1659",9
"1659",1659,"1559, 1459, 1558, 1560, 1657, 1658, 1859, 1760, 1661, 1758, 1759, 1660",12
"1660",1660,"1560, 1659, 1559, 1561, 2168, 1860, 1761, 1662, 2128, 1760, 1661",11
"1661",1661,"1561, 1660, 1461, 1560, 1562, 1659, 9622, 1861, 1762, 1663, 1760, 9204, 1761, 1662",14
"1662",1662,"1562, 1661, 1462, 1561, 1563, 1660, 1763, 7659, 1761, 1762, 1663",11
"1663",1663,"1563, 1662, 1463, 1562, 1661, 3657, 1863, 7291, 7464, 1762, 1763, 1664",12
"1664",1664,"579, 1663, 1464, 1563, 1565, 6378, 1864, 1765, 1666, 1763, 1764, 1665",12
"1665",1665,"1565, 1664, 1465, 1564, 9117, 6707, 1865, 1766, 1667, 1764, 1765, 2989",12
"1666",1666,"1565, 1664, 6820, 8389, 7040, 1866, 1767, 6736, 1765, 1766, 1667",11
"1667",1667,"1666, 1566, 1568, 1665, 9618, 1768, 1669, 1766, 1767, 1668",10
"1668",1668,"1568, 1667, 1468, 1567, 1569, 1868, 4835, 1670, 3387, 1768, 1669",11
"1669",1669,"1569, 1668, 1469, 1570, 1667, 4057, 1869, 1770, 1671, 1768, 8323, 3332",12
"1670",1670,"1570, 1470, 1569, 1668, 1870, 2649, 1672, 1769, 1770, 1671",10
"1671",1671,"1571, 1670, 561, 1248, 1471, 1570, 1669, 8205, 6582, 3290, 1673, 1770, 5368, 4052, 1672",15
"1672",1672,"1572, 1671, 1472, 1573, 1670, 7816, 1872, 1773, 1674, 1771, 1772, 1673",12
"1673",1673,"1573, 1672, 1473, 1572, 1574, 1671, 1774, 1675, 1772, 1773, 1674",11
"1674",1674,"1673, 1474, 1575, 1672, 1573, 1874, 1775, 1676, 1773, 6078, 1675",11
"1675",1675,"1575, 1475, 1576, 1673, 1674, 7386, 6450, 3743, 1875, 1776, 1774, 6122, 1775, 1676",14
"1676",1676,"129, 1576, 1675, 1577, 1674, 1777, 1678, 1775, 9136, 2622, 1677",11
"1677",1677,"1577, 1676, 1477, 1576, 1578, 3848, 1877, 1778, 1776, 9950, 1777, 1678",12
"1678",1678,"1578, 1677, 1478, 1676, 4705, 1878, 4922, 1680, 1777, 2580, 9839, 1679",12
"1679",1679,"1579, 1678, 1326, 1479, 1578, 1580, 2011, 1879, 1780, 1681, 1778, 2410, 2972, 1680",14
"1680",1680,"1580, 1679, 1480, 1506, 1579, 1581, 1678, 1880, 1682, 1779, 7569, 1780",12
"1681",1681,"1481, 1679, 9843, 6158, 4276, 4268, 1881, 1782, 1780, 6418, 5818, 7280, 8237, 1781, 1682, 9282",16
"1682",1682,"1582, 1681, 1680, 1882, 1783, 1781, 5554, 8644, 1782, 1683",10
"1683",1683,"1682, 1483, 1582, 1584, 8692, 7765, 4915, 1883, 1685, 1782, 2036, 1783, 1684",13
"1684",1684,"1683, 1484, 1585, 1048, 1583, 2725, 2803, 1884, 1686, 1783, 6999, 8880, 1685",13
"1685",1685,"1585, 1485, 1584, 1586, 1683, 1684, 1885, 1786, 1687, 1784, 1785, 1686",12
"1686",1686,"1586, 1685, 215, 1486, 1585, 1587, 1684, 9704, 1886, 9218, 1688, 1785, 1786, 1687",14
"1687",1687,"1587, 1686, 1579, 1586, 1038, 1685, 306, 4417, 8679, 1788, 1786, 4145, 1787, 1688",14
"1688",1688,"1588, 1687, 1488, 1587, 1589, 1686, 1888, 1789, 3019, 7861, 1689",11
"1689",1689,"1589, 1489, 1588, 1590, 1688, 4588, 1889, 1790, 9620, 1788, 1789, 1690",12
"1690",1690,"1590, 1689, 1490, 1589, 1591, 4656, 1890, 1791, 1692, 1789, 1790, 1691",12
"1691",1691,"1591, 1690, 1491, 1590, 1592, 5124, 1891, 1792, 1693, 1790, 1791, 1692",12
"1692",1692,"1592, 1691, 1044, 1492, 1593, 1690, 4155, 1892, 1793, 1694, 1791, 1693",12
"1693",1693,"1593, 1493, 1592, 1594, 1691, 1692, 8074, 2414, 1893, 1794, 1695, 1792, 5352, 1793, 7351",15
"1694",1694,"1594, 1593, 1595, 1692, 8014, 1894, 1795, 1696, 1793, 1794, 1695",11
"1695",1695,"1595, 1694, 1495, 1596, 1693, 4277, 1849, 1895, 1796, 1697, 1794, 9431, 4768, 1795, 1696",15
"1696",1696,"1596, 1695, 1496, 1595, 1597, 1694, 2306, 1896, 1797, 1698, 1795, 4641, 2153, 1796, 1697",15
"1697",1697,"1597, 1696, 1596, 1695, 6214, 1897, 1798, 1699, 1797, 1698",10
"1698",1698,"1598, 1697, 1498, 1599, 1696, 1898, 1799, 1700, 1797, 9657, 1798, 1699",12
"1699",1699,"546, 1599, 1698, 1499, 1600, 1697, 3330, 1800, 1798, 1799, 1700",11
"1700",1700,"1600, 1699, 1500, 1599, 1698, 9083, 1900, 1799, 1800",9
"1701",1701,"1601, 1501, 1602, 1901, 1802, 1703, 1801, 1702",8
"1702",1702,"1602, 1701, 1601, 1603, 6626, 1902, 1803, 1801, 1802, 1703",10
"1703",1703,"1603, 1702, 82, 1602, 1604, 1701, 1903, 1705, 1802, 7401, 3584, 1803, 1704",13
"1704",1704,"1703, 1504, 1603, 1605, 2443, 1904, 1805, 1706, 1803, 2960, 4826, 8084, 1804, 3067",14
"1705",1705,"1605, 1505, 1604, 1606, 1703, 3140, 1806, 1804, 1805, 1706",10
"1706",1706,"1705, 1605, 1704, 8362, 5051, 1807, 1708, 1805, 6705, 1806, 1707",11
"1707",1707,"1607, 1706, 1507, 1606, 1608, 9640, 1907, 1808, 1709, 1806, 4283, 5143, 1708",13
"1708",1708,"1608, 1508, 1607, 1609, 1706, 1707, 6881, 1908, 1809, 1710, 1807, 1808, 1709",13
"1709",1709,"1609, 1708, 1509, 1707, 7476, 1909, 1810, 1711, 5205, 1809, 1710",11
"1710",1710,"1709, 1510, 1609, 1611, 1708, 1910, 1811, 1712, 1809, 1810, 1711",11
"1711",1711,"1710, 1511, 129, 1612, 1709, 3295, 1911, 1812, 1713, 1810, 1811, 1712",12
"1712",1712,"1612, 1711, 1512, 1613, 1710, 1912, 1813, 1714, 1811, 6836, 8544, 1812, 1713",13
"1713",1713,"1613, 1712, 1513, 1612, 1711, 2156, 1913, 1814, 1715, 1812, 1908, 1813, 1714",13
"1714",1714,"1713, 1514, 1613, 1615, 1712, 6391, 1914, 2324, 1716, 7991, 6600, 1814, 1715",13
"1715",1715,"1615, 1714, 1614, 1616, 1713, 5172, 1915, 1816, 1717, 1716",10
"1716",1716,"1616, 1715, 1516, 1615, 1617, 1714, 1916, 1817, 3772, 1815, 1816, 1717",12
"1717",1717,"1617, 1716, 1517, 1616, 1715, 1618, 1917, 1818, 1719, 1816, 1817, 1718",12
"1718",1718,"1618, 1717, 579, 1518, 1617, 1619, 6851, 5461, 2052, 1819, 1720, 1817, 1804, 3324, 1818, 1719",16
"1719",1719,"156, 1619, 1718, 707, 1519, 1618, 1717, 7787, 1919, 1820, 1721, 1818, 1819, 2965",14
"1720",1720,"1620, 1520, 1619, 1718, 1920, 1821, 1819, 2620, 1820, 1721",10
"1721",1721,"1621, 1720, 1521, 1620, 1622, 1719, 1921, 1822, 1820, 5596, 5303, 1821",12
"1722",1722,"1529, 1622, 1172, 1522, 1621, 1623, 1922, 2424, 1724, 1821, 3832, 6990, 1822, 3810",14
"1723",1723,"1623, 1523, 1622, 1624, 1923, 1824, 1725, 1822, 2085, 1823, 1724, 2873",12
"1724",1724,"1624, 1723, 1524, 1623, 1625, 1722, 3107, 1942, 1924, 1825, 1726, 1823, 1824, 1725",14
"1725",1725,"1625, 1724, 1525, 1626, 1723, 1925, 9912, 1727, 1824, 1825, 1726",11
"1726",1726,"1626, 1725, 1526, 1625, 1627, 1724, 638, 8935, 1728, 1825, 1826, 1727",12
"1727",1727,"1627, 1726, 1628, 1725, 1626, 1927, 1828, 9195, 1826, 1827, 1728",11
"1728",1728,"1628, 1727, 1629, 1726, 1627, 1928, 2866, 1730, 1827, 3733, 1828, 1729",12
"1729",1729,"1629, 1728, 66, 1529, 1630, 1628, 1929, 1830, 1731, 6449, 1829, 1730",12
"1730",1730,"1630, 1729, 1530, 1629, 1631, 1728, 1930, 1831, 1732, 1829, 4980, 1830, 1731",13
"1731",1731,"1631, 1730, 1630, 1632, 1729, 1931, 1832, 1733, 1830, 1831, 1732",11
"1732",1732,"1632, 1731, 1000, 1631, 1633, 1730, 1932, 1833, 1734, 1831, 1883, 1832, 1733",13
"1733",1733,"1633, 1732, 1533, 1632, 1634, 1731, 6836, 1834, 1735, 1832, 8619, 1833, 1734",13
"1734",1734,"1634, 1733, 1534, 1633, 1635, 1732, 1833, 3853, 1834, 1735",10
"1735",1735,"1635, 1734, 1535, 1636, 1733, 8108, 1935, 1836, 1737, 1834, 1736",11
"1736",1736,"1536, 1635, 1637, 289, 1735, 9949, 1936, 1738, 1835, 8511, 9353, 1836, 1737",13
"1737",1737,"1637, 1736, 1537, 1638, 1735, 9181, 3280, 1937, 1838, 1739, 1836, 4259, 1837, 1738",14
"1738",1738,"1638, 1737, 1538, 1639, 1736, 9004, 2423, 1938, 1839, 1740, 1837, 1838, 1739",13
"1739",1739,"1639, 1738, 1539, 1638, 1737, 1939, 1840, 1741, 1838, 1839, 1740",11
"1740",1740,"1739, 1540, 1639, 1641, 1738, 1940, 1841, 1742, 1839, 1840, 1741",11
"1741",1741,"1641, 1740, 1319, 1541, 1642, 1739, 1941, 1842, 1743, 7471, 1742",11
"1742",1742,"1642, 1542, 1641, 1643, 1740, 1741, 5795, 1942, 1843, 1744, 1841, 1842",12
"1743",1743,"1643, 753, 1543, 1642, 1644, 1741, 4337, 3876, 1745, 1842, 9626, 1843, 1744, 4127",14
"1744",1744,"1644, 1743, 1544, 1643, 1742, 1944, 1845, 1746, 1843, 1844, 1745",11
"1745",1745,"1645, 1744, 524, 1545, 502, 1646, 1743, 1945, 1846, 1747, 1845, 1746",12
"1746",1746,"1646, 1745, 1645, 1647, 1744, 1946, 1847, 1748, 1845, 7801, 1846, 1747",12
"1747",1747,"1647, 1746, 1646, 1648, 1745, 482, 3747, 9965, 1947, 1848, 1846, 1847, 1748",13
"1748",1748,"1648, 1747, 1548, 1647, 1649, 1746, 698, 6251, 1849, 1847, 1848, 1749",12
"1749",1749,"1649, 1748, 1549, 1648, 1650, 1949, 1850, 1751, 1848, 5276, 3877, 1750",12
"1750",1750,"1650, 1749, 1550, 1649, 1651, 1950, 1851, 1752, 1850, 1751",10
"1751",1751,"1750, 1551, 1650, 1652, 1749, 3059, 1951, 1852, 1753, 1850, 9979, 4353, 1851",13
"1752",1752,"1652, 1522, 1552, 1651, 1653, 1750, 1974, 1952, 1853, 1754, 8981, 1753",12
"1753",1753,"1653, 1752, 1553, 1597, 1652, 1654, 1751, 3114, 1953, 1854, 1755, 2135, 4278, 4191, 4063, 1853, 1754",17
"1754",1754,"1753, 1653, 1655, 1752, 1954, 1855, 1756, 1853, 8971, 1854, 1755",11
"1755",1755,"1655, 1754, 1555, 1654, 1656, 1753, 2984, 1955, 1856, 1757, 1854, 6597, 1855, 1756",14
"1756",1756,"1656, 1755, 1556, 1655, 1657, 1754, 1956, 1857, 1758, 1855, 2964, 1856, 5923",13
"1757",1757,"1657, 1557, 1656, 1658, 1755, 1957, 1858, 9053, 1857, 1758",10
"1758",1758,"976, 1757, 1659, 1756, 1657, 6762, 3128, 1859, 1857, 1858, 7495",11
"1759",1759,"1659, 1559, 1658, 1761, 1858, 6533, 1760",7
"1760",1760,"1660, 1560, 1659, 1661, 1759, 1960, 1861, 1762, 1859, 5016, 1860, 1761",12
"1761",1761,"1661, 1760, 1561, 1660, 1662, 1759, 8387, 1860, 2923, 1861, 1762",11
"1762",1762,"1662, 1761, 1562, 1661, 1663, 1760, 7321, 4764, 1962, 1863, 1764, 1861, 1862",13
"1763",1763,"1663, 1563, 1664, 397, 1662, 2344, 1963, 1864, 1765, 8685, 1863, 1764, 3389",13
"1764",1764,"1664, 1763, 1564, 1665, 1762, 1964, 1865, 1766, 1863, 1864, 1765",11
"1765",1765,"1665, 1764, 1565, 1664, 1666, 1763, 8395, 1866, 1767, 1864, 1865, 1766",12
"1766",1766,"1666, 1765, 1566, 1665, 1667, 1764, 1966, 1867, 1768, 1865, 1866, 1767",12
"1767",1767,"1667, 1766, 1567, 1666, 1765, 1967, 1868, 1866, 1867, 1768",10
"1768",1768,"1668, 1767, 1568, 1669, 1766, 1667, 6097, 1968, 1869, 1770, 1868, 1769",12
"1769",1769,"1768, 1569, 1670, 9087, 9436, 4242, 1969, 1870, 5253, 4802, 6967, 1869, 1770",13
"1770",1770,"1670, 1769, 1570, 1669, 1671, 1768, 139, 1772, 1869, 1870, 1771",11
"1771",1771,"323, 1770, 1571, 1672, 1971, 1872, 1773, 1870, 1871, 1772",10
"1772",1772,"1672, 1771, 1572, 1673, 1770, 1972, 1873, 1774, 1871, 1872, 1773",11
"1773",1773,"1673, 1772, 1672, 1674, 1771, 2237, 2047, 1973, 1874, 3567, 1873, 1774",12
"1774",1774,"1773, 322, 1675, 1772, 1673, 3614, 1974, 2902, 1776, 1873, 1874, 1775",12
"1775",1775,"1675, 1774, 1575, 1674, 1676, 2793, 1975, 8200, 1777, 1874, 2922, 8134, 1875",13
"1776",1776,"37, 1576, 1675, 1677, 1774, 9467, 8580, 1976, 1778, 1875, 1876",11
"1777",1777,"1677, 203, 1577, 1678, 1775, 1676, 1878, 1779, 1876, 1877, 1778, 2523",12
"1778",1778,"1777, 1578, 1677, 1679, 1776, 4583, 1780, 1877, 9053, 8243, 1878, 1779",12
"1779",1779,"1778, 1579, 1680, 1777, 1979, 1880, 1781, 1878, 1879, 1780",10
"1780",1780,"1680, 1779, 1679, 1681, 1778, 3137, 1980, 1881, 1879, 1880, 1781",11
"1781",1781,"1681, 1780, 1682, 1779, 9794, 1981, 1882, 1783, 1880, 1881",10
"1782",1782,"1682, 1582, 1681, 1683, 9710, 1982, 1883, 1784, 1881, 9129, 1882, 1783, 8905",13
"1783",1783,"1683, 1782, 1682, 1684, 1781, 8142, 1983, 1884, 1785, 1882, 4012, 1883, 1784",13
"1784",1784,"1783, 1584, 1685, 1782, 3777, 9554, 3559, 1984, 1885, 1786, 1883, 8056, 1884, 1785",14
"1785",1785,"1685, 1784, 1585, 1686, 1783, 7966, 1985, 7637, 1884, 1885",10
"1786",1786,"1686, 974, 1586, 1685, 1687, 1784, 1986, 1887, 6291, 1885, 8091, 4371, 1886, 3709",14
"1787",1787,"1687, 1587, 5819, 3386, 1987, 1789, 1886, 4058, 1887, 1788",10
"1788",1788,"1787, 671, 1588, 1687, 1689, 435, 6612, 3380, 3997, 1889, 1790, 1887, 1888, 1789",14
"1789",1789,"1689, 1788, 1589, 1688, 1690, 1787, 3776, 3099, 5408, 1890, 1791, 1888, 1889, 1790",14
"1790",1790,"1690, 1789, 1590, 1689, 1691, 1788, 9636, 3245, 9305, 1990, 1891, 1792, 1889, 1890, 1791",15
"1791",1791,"1691, 1790, 1591, 1690, 1692, 1789, 1892, 1793, 1890, 4512, 1891, 1792",12
"1792",1792,"1791, 1592, 1691, 1693, 1790, 1992, 1893, 1794, 4060, 1892, 1793, 3992",12
"1793",1793,"1693, 1792, 1593, 1692, 1694, 1791, 1894, 4401, 1892, 7899, 6620, 1893, 1794",13
"1794",1794,"1694, 1793, 1693, 1695, 1792, 7855, 1994, 1895, 1796, 1893, 1894, 1795",12
"1795",1795,"1695, 1794, 1595, 1694, 1696, 7270, 1995, 1896, 1797, 1894, 1895, 2506",12
"1796",1796,"1696, 1596, 1695, 1794, 5049, 1996, 1897, 1798, 1895, 9233, 1896, 1797",12
"1797",1797,"1697, 1796, 1597, 1696, 1698, 1795, 1997, 1898, 1799, 1896, 1897",11
"1798",1798,"1698, 1697, 1699, 1796, 1998, 1899, 1800, 1897, 8809, 2121, 1898, 1799, 8162",13
"1799",1799,"1699, 1798, 1599, 1698, 1700, 1797, 1347, 8429, 1999, 4680, 3479, 1899, 1800",13
"1800",1800,"1700, 1799, 1600, 1699, 1798, 622, 7839, 7366, 1899, 1900",10
"1801",1801,"1701, 1601, 1702, 8519, 7826, 1902, 1803, 1901, 1802",9
"1802",1802,"1702, 1801, 1602, 1701, 1703, 8580, 1903, 1901, 1917, 1803",10
"1803",1803,"1703, 1603, 1702, 1704, 1801, 1802, 7145, 2003, 1904, 1805, 1902, 1903, 1804",13
"1804",1804,"1704, 1803, 812, 1604, 1718, 1705, 9324, 2004, 1905, 1806, 1903, 4820, 1904, 1805",14
"1805",1805,"1705, 1804, 364, 1605, 1704, 1706, 1803, 8621, 2005, 1906, 1905, 1806",12
"1806",1806,"1130, 1706, 1805, 1606, 1705, 1707, 1804, 5543, 2006, 1907, 1808, 1905, 2360, 1906, 1807",15
"1807",1807,"1806, 737, 1607, 1708, 1228, 1706, 6469, 7721, 2007, 1908, 9147, 1808",12
"1808",1808,"1708, 1807, 1608, 1707, 1806, 4647, 2008, 1909, 1810, 1907, 1908, 1809",12
"1809",1809,"1709, 1808, 1609, 1708, 1710, 7081, 2009, 1910, 1811, 1908, 1909, 1810",12
"1810",1810,"1710, 1809, 1610, 1709, 1711, 1808, 1639, 7963, 2010, 4040, 1812, 1909, 5831, 1811",14
"1811",1811,"1711, 1810, 1611, 1710, 1712, 1809, 8456, 2011, 1912, 1813, 1910, 1812",12
"1812",1812,"1712, 1811, 1612, 1711, 1713, 1810, 9487, 2012, 1913, 1814, 8282, 7507, 1912, 1813",14
"1813",1813,"1713, 1812, 1613, 1712, 1811, 6930, 5979, 2013, 1914, 4722, 1912, 1913, 3507",13
"1814",1814,"1714, 1614, 1713, 1812, 2846, 6122, 1915, 1816, 1913, 1914, 1815",11
"1815",1815,"1649, 1814, 1615, 1716, 6813, 2015, 1916, 1914, 4248, 1816",10
"1816",1816,"1716, 1616, 1715, 1717, 1814, 1815, 2016, 1917, 1818, 1915, 5845",11
"1817",1817,"1717, 1617, 1716, 1718, 2017, 9541, 1819, 6941, 5542, 1818, 8340",11
"1818",1818,"1718, 1618, 1717, 1719, 1816, 1817, 2018, 1919, 1820, 1917, 1918, 1819",12
"1819",1819,"1719, 1818, 1619, 1718, 1720, 1817, 584, 3974, 2019, 1920, 1821, 1919, 1820",13
"1820",1820,"1720, 1819, 1620, 1719, 1721, 1818, 8338, 3918, 8119, 1921, 1822, 1919, 1920, 1821",14
"1821",1821,"1721, 1820, 1720, 1722, 1819, 5666, 2021, 1922, 1823, 1920, 9511, 6206",12
"1822",1822,"1722, 1622, 1721, 1723, 1820, 2022, 5632, 1921, 1922, 1823, 7054",11
"1823",1823,"1723, 1822, 1623, 1724, 1821, 2023, 1924, 1825, 1922, 2152, 1923, 1824",12
"1824",1824,"1724, 1823, 1624, 1723, 1725, 2024, 1925, 1826, 1923, 1924, 1825",11
"1825",1825,"1725, 1824, 1625, 1724, 1726, 1823, 2025, 1827, 1924, 4314, 1826",11
"1826",1826,"1726, 1825, 1727, 1824, 9131, 6605, 1927, 1828, 1925, 2418, 4582, 1827",12
"1827",1827,"1727, 1826, 1728, 1825, 6968, 2027, 1928, 1829, 1926, 1873, 7751",11
"1828",1828,"104, 1728, 1727, 1826, 9368, 8741, 2028, 1929, 1927, 1928, 1829",11
"1829",1829,"1729, 1828, 1629, 1730, 1827, 2029, 1831, 1928, 1929, 1830",10
"1830",1830,"1730, 1829, 1630, 1729, 1731, 8702, 2898, 2030, 1931, 1832, 1929, 9804, 1930, 5283",14
"1831",1831,"1731, 1631, 1730, 1732, 1829, 2743, 2031, 1932, 1930, 1931, 1832",11
"1832",1832,"1732, 1831, 1632, 1731, 1733, 1830, 4174, 2032, 8558, 1834, 1931, 4634, 1932",13
"1833",1833,"1733, 1238, 953, 1633, 1732, 1734, 2033, 1934, 1835, 1932, 5669, 1933, 8617",13
"1834",1834,"1734, 1634, 1733, 1735, 1832, 2034, 1935, 1836, 1933, 8545, 1934",11
"1835",1835,"1635, 1736, 1833, 6402, 8404, 2035, 1936, 1837, 1934, 7859, 1935, 1836, 8533",13
"1836",1836,"1736, 1835, 1636, 1735, 1737, 1834, 6113, 1838, 1935, 7472, 7160, 1936, 1837",13
"1837",1837,"1737, 1836, 1637, 1738, 1835, 5362, 2037, 1938, 1839, 1936, 1937, 1838",12
"1838",1838,"367, 1738, 1837, 1638, 1737, 1739, 1151, 1836, 2038, 1939, 1840, 1937, 1938, 1839",14
"1839",1839,"1739, 1838, 1639, 1738, 1740, 1837, 2039, 1940, 1841, 1938, 7818, 1939, 1840",13
"1840",1840,"1740, 1839, 1640, 1739, 1838, 7302, 2040, 1941, 1842, 1939, 9604, 9560",12
"1841",1841,"1740, 1742, 1839, 6802, 1942, 1843, 1940, 1941, 2997",9
"1842",1842,"1742, 1642, 1741, 1743, 1840, 2042, 1943, 1844, 1941, 7315, 1942, 1843, 3745",13
"1843",1843,"1743, 1842, 1643, 1742, 1744, 1841, 3021, 2043, 1845, 1942, 1943, 1844",12
"1844",1844,"216, 1744, 1843, 1644, 1842, 8801, 5257, 2044, 1945, 1846, 1943, 9796, 1944, 3250",14
"1845",1845,"1745, 1645, 1744, 1746, 1843, 4953, 2045, 1946, 1847, 1944, 1945, 1846",12
"1846",1846,"1746, 1845, 1646, 1745, 1747, 1844, 2046, 1947, 1848, 1847",10
"1847",1847,"1747, 1647, 1746, 1748, 1845, 1846, 4574, 2047, 1948, 1849, 1946, 8212, 1947, 1848",14
"1848",1848,"1748, 1847, 1648, 1747, 1749, 1846, 7479, 2048, 1949, 1850, 1947, 1948, 1849",13
"1849",1849,"92, 1848, 1649, 1748, 1695, 1847, 2049, 1950, 1851, 8198, 1949, 1850",12
"1850",1850,"1750, 1849, 1650, 1749, 1751, 1848, 2050, 1951, 1852, 1949, 1950",11
"1851",1851,"1751, 483, 985, 1651, 1750, 1849, 297, 8095, 7838, 1952, 1853, 1951, 1852",13
"1852",1852,"1851, 1652, 1751, 1850, 8640, 8209, 1953, 1854, 1951, 1952, 2497",11
"1853",1853,"1753, 1653, 1752, 1754, 1851, 5335, 2053, 1954, 1855, 1952, 2452, 1854",12
"1854",1854,"1754, 1853, 1654, 1753, 1755, 1852, 587, 6213, 2054, 1955, 3312, 1954",12
"1855",1855,"1755, 1655, 1754, 1756, 1853, 8280, 2055, 1956, 1857, 1954, 1955",11
"1856",1856,"1756, 1656, 1755, 2056, 1957, 1858, 1955, 5254, 6409, 1956, 1857, 8910",12
"1857",1857,"1757, 1856, 1756, 1758, 1855, 297, 641, 8956, 2057, 1958, 2644, 4636, 1858",13
"1858",1858,"1758, 1857, 1658, 1757, 1759, 1856, 2058, 1959, 1860, 1957, 2328, 1958, 1859",13
"1859",1859,"1858, 1758, 1760, 1659, 8172, 6011, 2813, 2059, 1960, 1861, 1958, 1959, 1860",13
"1860",1860,"1760, 1859, 1660, 1761, 1858, 6445, 2060, 1862, 6173, 5096, 1861",11
"1861",1861,"1761, 1860, 1661, 1760, 1762, 1859, 2061, 1863, 1960, 1961, 1862",11
"1862",1862,"1762, 1861, 1860, 1963, 1864, 1961, 9336, 1962, 1863",9
"1863",1863,"1763, 1862, 1663, 1762, 1764, 1861, 3955, 2063, 1964, 1865, 1962, 3807, 1963",13
"1864",1864,"1764, 1664, 1763, 1765, 1862, 2064, 1965, 1866, 8651, 1964, 1865",11
"1865",1865,"1765, 1864, 1665, 1764, 1766, 1863, 503, 2065, 1966, 1867, 1965, 1866",12
"1866",1866,"542, 1766, 1865, 1666, 1767, 1864, 1765, 2022, 2066, 1967, 1868, 2580, 1966, 1867",14
"1867",1867,"1767, 1866, 1766, 1865, 5168, 5192, 2067, 1968, 1869, 1966, 2512, 1967, 1868",13
"1868",1868,"1768, 1867, 1668, 1767, 1866, 2577, 2068, 8121, 1967, 5370, 1968, 1869",12
"1869",1869,"1769, 1868, 1669, 1768, 1770, 1867, 6759, 2514, 1970, 1871, 1968, 1969, 1870",13
"1870",1870,"1770, 1869, 1670, 1769, 1771, 2070, 1971, 1872, 1969, 6519, 1970, 1871",12
"1871",1871,"1771, 1870, 1772, 1869, 2546, 7286, 2071, 1972, 1873, 1970, 2717, 1872",12
"1872",1872,"1772, 1871, 1672, 1771, 1870, 2072, 1973, 1874, 1971, 1972, 1873",11
"1873",1873,"1773, 1827, 1872, 1772, 1774, 1871, 9300, 2073, 1974, 1875, 1972, 1973, 1874",13
"1874",1874,"1774, 1873, 1674, 1773, 1775, 1872, 8278, 7439, 2074, 1975, 1876, 1973, 5543, 1974, 1875",15
"1875",1875,"1775, 1874, 727, 1675, 1776, 1873, 6385, 2075, 1976, 9911, 1876",11
"1876",1876,"1776, 1875, 1777, 1874, 9880, 8379, 6056, 4051, 2076, 1977, 1878, 1975, 9679, 3068, 1877",15
"1877",1877,"1777, 1876, 1677, 1778, 685, 9482, 9057, 2612, 2077, 1978, 1879, 1976, 3631, 5901, 1977, 9660",16
"1878",1878,"1778, 1678, 1777, 1779, 1876, 2078, 1979, 1880, 1977, 1978, 1879",11
"1879",1879,"1779, 1878, 1679, 1780, 1877, 7078, 2079, 1980, 1978, 3992, 1979, 1880",12
"1880",1880,"1780, 1879, 1680, 1779, 1781, 1878, 2080, 1979, 6259, 1980, 1881",11
"1881",1881,"1781, 1880, 1681, 1780, 1782, 4600, 1982, 1883, 1980, 4651, 4491, 1981",12
"1882",1882,"46, 1782, 1682, 1781, 1783, 4145, 1983, 1884, 4502, 1982, 2859",11
"1883",1883,"1783, 750, 1683, 1782, 1784, 1881, 1732, 7981, 2083, 1885, 1983",11
"1884",1884,"1784, 1684, 1783, 1785, 1882, 2084, 1985, 1886, 1984",9
"1885",1885,"1785, 1685, 1784, 1786, 1883, 1986, 1887, 1984, 1985, 1886",10
"1886",1886,"1786, 1885, 1686, 708, 1787, 1884, 7825, 1987, 1985, 7005, 9388, 1887",12
"1887",1887,"1787, 1886, 1786, 1788, 1885, 2087, 1988, 1889, 1987, 1888",10
"1888",1888,"1788, 1887, 1688, 1789, 9184, 2088, 1989, 1890, 1987, 6157, 4965, 1988",12
"1889",1889,"1789, 1689, 1788, 1790, 1887, 4589, 2089, 1990, 4852, 1989, 1890, 2063",12
"1890",1890,"1790, 1889, 1690, 1789, 1791, 1888, 5076, 2090, 1991, 1892, 1989, 1990, 1891",13
"1891",1891,"1791, 1890, 1691, 1790, 1992, 9703, 1990, 1991, 1892",9
"1892",1892,"1792, 1891, 1692, 1793, 1890, 1791, 6750, 2092, 1993, 1894, 1991, 1992, 9039",13
"1893",1893,"1793, 1693, 1792, 1794, 2093, 2008, 1895, 1992, 1993, 5327",10
"1894",1894,"1794, 1013, 1694, 1795, 1892, 1793, 6163, 5938, 5196, 6510, 7949, 1993, 1994, 1895",14
"1895",1895,"1795, 1894, 1695, 1794, 1796, 1893, 7020, 2095, 1996, 1897, 1994, 1995, 1896",13
"1896",1896,"1796, 1895, 1589, 1696, 1795, 1797, 1997, 1898, 5692, 1996, 1897",11
"1897",1897,"1797, 1896, 661, 1697, 1796, 1798, 1895, 5292, 2097, 1998, 1899, 1996, 2639, 1898",14
"1898",1898,"1798, 297, 1150, 1698, 1797, 1896, 1897, 2098, 1900, 1997, 1998",11
"1899",1899,"1799, 162, 1798, 1800, 1897, 1526, 6853, 3110, 2366, 2165, 3566, 2000, 1998, 1999, 7112",15
"1900",1900,"1800, 1700, 1898, 6443, 1999, 7353",6
"1901",1901,"1801, 1701, 1802, 9245, 2002, 1903, 2001, 1902",8
"1902",1902,"1901, 1702, 1803, 1801, 167, 5032, 4163, 2102, 2003, 1904, 2001",11
"1903",1903,"1803, 1703, 1804, 1901, 1802, 5450, 1905, 2002, 1904",9
"1904",1904,"1804, 1704, 1803, 1902, 1903, 5875, 2104, 2005, 1906, 2003, 7380, 8151, 2004, 1905",14
"1905",1905,"1805, 1904, 1804, 1806, 1903, 2006, 1907, 2004, 3148, 2005",10
"1906",1906,"1806, 1805, 1904, 5167, 2106, 2007, 6944, 2005, 7207, 3269, 2678, 2006, 1907, 9147",14
"1907",1907,"1570, 1906, 439, 1707, 1806, 1808, 1905, 2008, 1909, 2006, 2007",11
"1908",1908,"1808, 1713, 1708, 1807, 1809, 2108, 2009, 1910, 8337, 4027",10
"1909",1909,"1809, 1709, 1808, 1810, 1907, 5508, 2109, 4791, 1911, 2009, 1910, 3493",12
"1910",1910,"1909, 1710, 1809, 1811, 1908, 3532, 2110, 2011, 2009, 2010",10
"1911",1911,"362, 1711, 1909, 8683, 2111, 1913, 2010, 2011, 5308",9
"1912",1912,"1508, 1812, 1712, 1811, 1813, 2682, 2112, 1914, 2011, 7857, 8259, 2012, 1913, 2245",14
"1913",1913,"1813, 1912, 1713, 1812, 1814, 1911, 2113, 2014, 2012, 2013, 1914",11
"1914",1914,"1814, 1913, 1714, 1813, 1815, 1912, 6789, 2114, 2013, 2014, 4396",11
"1915",1915,"1715, 1814, 1816, 2115, 2016, 1917, 2014, 4302, 2015, 1916, 8554",11
"1916",1916,"1915, 1716, 1815, 1256, 8471, 4810, 2116, 5677, 2015, 8025, 9248, 2016, 1917",13
"1917",1917,"1916, 1717, 1816, 1818, 1915, 1802, 8279, 2117, 2018, 1919, 2016, 1969, 2017",13
"1918",1918,"1818, 7273, 2019, 2017, 3787, 2018, 5585",7
"1919",1919,"1819, 1719, 1818, 1820, 1917, 2119, 2020, 1921, 2018, 2019",10
"1920",1920,"1820, 1720, 1819, 1821, 9613, 2120, 2021, 3564, 2019, 5641, 2020, 5637",12
"1921",1921,"1721, 1820, 1822, 1919, 2121, 2022, 1923, 3966, 2021, 1922, 2416",11
"1922",1922,"1822, 1921, 1722, 1821, 1823, 2122, 2023, 1924, 2021, 8280, 3828, 2022, 3748",13
"1923",1923,"1823, 1723, 1824, 1921, 6244, 2123, 2024, 1925, 6444, 9561, 2023, 1924",12
"1924",1924,"1824, 1923, 1724, 1823, 1825, 1922, 312, 2025, 1926, 2023, 2024, 1925",12
"1925",1925,"1924, 1725, 1824, 1826, 1923, 2125, 2026, 2024, 2025, 1926",10
"1926",1926,"1925, 1827, 1924, 874, 2027, 1928, 2025, 9264, 3658, 1927",10
"1927",1927,"1727, 1826, 1828, 990, 1926, 9899, 2127, 2028, 1929, 2026, 2027, 1928",12
"1928",1928,"1828, 1927, 1728, 1827, 1829, 1926, 2029, 1930, 2027, 2028, 1929",11
"1929",1929,"1829, 1928, 922, 1729, 1828, 1830, 1927, 4141, 2129, 1931, 2028, 5997, 2029, 1930",14
"1930",1930,"1830, 1929, 1730, 1831, 1928, 2130, 2031, 1932, 2029, 8944, 2030, 1931",12
"1931",1931,"1831, 1930, 1731, 1830, 1832, 1929, 2131, 2032, 1933, 2030, 2031, 1932",12
"1932",1932,"346, 1832, 1931, 1732, 1831, 1833, 1930, 2132, 2033, 1934, 2031, 5876, 2032, 1933",14
"1933",1933,"1833, 1932, 1834, 1931, 7653, 2133, 2034, 1935, 2032, 1934",10
"1934",1934,"1834, 1933, 1833, 1835, 1932, 6710, 2134, 2035, 1936, 2033, 2034, 1935",12
"1935",1935,"1835, 1934, 1735, 1834, 1836, 1933, 9083, 2135, 1937, 5121, 2035",11
"1936",1936,"1836, 1736, 1835, 1837, 1934, 2136, 2037, 1938, 2035, 2036, 1937, 3290",12
"1937",1937,"1837, 1936, 1737, 1838, 1935, 2137, 2038, 1939, 2036, 7691, 2037, 1938",12
"1938",1938,"1838, 1937, 1738, 1837, 1839, 1936, 2138, 2039, 1940, 2038, 1939",11
"1939",1939,"1839, 1938, 1739, 1838, 1840, 1937, 4203, 2040, 1941, 2038, 5240, 2039, 5269",13
"1940",1940,"1740, 1839, 1841, 1938, 5590, 2041, 1942, 2039, 2512, 9259",10
"1941",1941,"1841, 1364, 1741, 1840, 1842, 1939, 9800, 5905, 2042, 1943, 2040, 2041, 1942",13
"1942",1942,"1842, 1941, 1742, 1843, 1940, 1724, 1841, 7531, 3594, 2391, 2142, 1944, 2041, 4181, 1943",15
"1943",1943,"1843, 1942, 1842, 1844, 1941, 5374, 2044, 1945, 2043, 8188",10
"1944",1944,"1844, 121, 1744, 1845, 1942, 7026, 2144, 2045, 1946, 2043, 9369, 2044, 1945",13
"1945",1945,"1486, 1845, 1944, 799, 1745, 1844, 1943, 1364, 2145, 2046, 2044, 7227, 2045, 1946",14
"1946",1946,"1945, 748, 1746, 1845, 1847, 1944, 8210, 2146, 2047, 1948, 2045, 7494, 7371, 3740, 2046, 1947",16
"1947",1947,"1847, 1946, 1747, 1846, 1848, 7454, 2147, 2048, 1949, 2046, 1948",11
"1948",1948,"1848, 1847, 1946, 996, 1947, 3978, 2148, 1950, 2047, 2048",10
"1949",1949,"1849, 1749, 1848, 1850, 1947, 2149, 2050, 1951, 2048, 2049, 1950, 4372",12
"1950",1950,"1850, 1949, 1750, 1849, 1948, 2891, 2150, 2890, 1952, 2049, 2050, 1951",12
"1951",1951,"1851, 1950, 1751, 1850, 1852, 1949, 323, 8716, 2740, 2151, 2052, 1953, 2051, 1952",14
"1952",1952,"1852, 1951, 1752, 1853, 1950, 1851, 8131, 2152, 2053, 1954, 2051, 2052, 1953",13
"1953",1953,"1952, 1753, 1852, 1951, 2153, 2054, 1955, 2052, 2053, 1954",10
"1954",1954,"1854, 1953, 1754, 1853, 1855, 1952, 3916, 2055, 1956, 2053, 2478, 2054, 1955",13
"1955",1955,"1581, 1855, 1954, 1755, 1854, 1856, 1953, 2155, 2056, 1957, 2054, 2055, 1956",13
"1956",1956,"1856, 1955, 1756, 1855, 1954, 2790, 9306, 9004, 2057, 1958, 6458, 8240, 2056, 1957",14
"1957",1957,"1956, 1757, 1856, 1858, 1955, 476, 2157, 2058, 1959, 2056, 8021",11
"1958",1958,"1118, 1858, 1857, 1859, 1956, 805, 701, 7710, 2158, 2059, 1960, 2057, 1959",13
"1959",1959,"1859, 1958, 1858, 1957, 5179, 2159, 7760, 1961, 2058, 7945, 6499, 1960",12
"1960",1960,"1959, 377, 1290, 1760, 1859, 1861, 1958, 6071, 2160, 1962, 2059, 2060, 1961",13
"1961",1961,"1861, 1960, 1862, 1959, 2161, 2062, 1963, 2060, 7529, 2061, 3443",11
"1962",1962,"1762, 1863, 1960, 1862, 2162, 2063, 1964, 2061, 3147, 2069, 3675, 1963",12
"1963",1963,"1863, 1962, 1763, 1961, 618, 1862, 8537, 5688, 4510, 1965, 2062, 2063, 1964",13
"1964",1964,"1864, 1963, 1764, 1863, 1962, 3949, 2164, 2065, 1966, 2063, 2064, 1965",12
"1965",1965,"1865, 1964, 1864, 516, 1963, 124, 6028, 2066, 1967, 2064, 2065, 1966",12
"1966",1966,"1866, 1965, 1766, 1865, 1867, 1964, 896, 9905, 2060, 4168, 2166, 2067, 1968, 2065, 4291, 1967",16
"1967",1967,"268, 1867, 1966, 1767, 1866, 1868, 1965, 9176, 2167, 1969, 2066, 2067, 1968",13
"1968",1968,"1868, 1967, 1768, 1867, 1869, 1966, 2168, 2069, 1970, 2746, 2068, 1969",12
"1969",1969,"1869, 1968, 1769, 1870, 1967, 1917, 5305, 2169, 2070, 1971, 5379, 1970",12
"1970",1970,"1870, 1969, 1871, 1968, 1869, 4442, 2170, 2071, 2069, 2070, 1971",11
"1971",1971,"1970, 1771, 1870, 1872, 1969, 2171, 2072, 1973, 2070, 9200, 2071, 7303",12
"1972",1972,"1872, 1772, 1871, 1873, 2172, 2073, 1974, 2071, 5911, 2072, 1973",11
"1973",1973,"1873, 1972, 1773, 1872, 1874, 1971, 2173, 2074, 1975, 2073, 1974",11
"1974",1974,"1874, 1973, 1774, 1873, 1752, 1972, 8405, 6440, 2174, 2075, 1976, 2073, 2074, 1975",14
"1975",1975,"1974, 1775, 1874, 1876, 1973, 8079, 2175, 2076, 2074, 2075, 1976",11
"1976",1976,"1419, 1975, 1776, 1875, 1877, 1974, 2176, 2077, 1978, 2075, 2076, 1977",12
"1977",1977,"1877, 1976, 308, 1876, 1878, 1454, 2177, 2078, 1979, 2076, 8149, 2077, 1978",13
"1978",1978,"1878, 1977, 1877, 1879, 1976, 4681, 2178, 2079, 1980, 2077, 4251, 4833, 1979",13
"1979",1979,"1879, 1978, 1779, 1878, 1880, 1977, 2179, 2080, 1981, 2078, 1980",11
"1980",1980,"1880, 1780, 1879, 1881, 1978, 307, 1014, 1979, 3095, 2235, 2180, 2081, 1982, 1981",14
"1981",1981,"1980, 1326, 1781, 1979, 1881, 6176, 5914, 2181, 2082, 1983, 2080, 9902, 2081, 1982",14
"1982",1982,"1882, 1981, 1782, 1980, 1881, 9924, 9580, 2083, 1984, 2081, 5010, 2082, 1983",13
"1983",1983,"1982, 1783, 1981, 583, 1443, 1882, 1883, 2183, 1985, 2083, 1984",11
"1984",1984,"1884, 1983, 1784, 1885, 1982, 2184, 2085, 2083, 6920, 2672, 6343, 1985",12
"1985",1985,"1537, 1885, 1984, 1785, 1884, 1886, 1983, 5446, 2185, 2086, 1987, 2084, 1986",13
"1986",1986,"1786, 1885, 1985, 8196, 2186, 2087, 4458, 2085, 8974, 7238, 2086, 1987",12
"1987",1987,"1887, 1986, 1787, 1886, 1888, 1985, 4828, 2187, 2088, 1989, 2086, 2712, 6221, 1988",14
"1988",1988,"1888, 1987, 1887, 1615, 2188, 2089, 1990, 2087, 3404, 2088, 1989",11
"1989",1989,"1889, 1988, 1888, 1890, 1987, 4, 2160, 2189, 2090, 1991, 3879, 2089, 1990",13
"1990",1990,"1890, 1989, 1790, 1889, 1891, 1988, 2190, 2091, 8876, 2089, 5323, 1991",12
"1991",1991,"1891, 1990, 1890, 1892, 1989, 9225, 6643, 2191, 2092, 1993, 2090, 7853, 4257, 2091, 1992",15
"1992",1992,"242, 1892, 1991, 1792, 1891, 1893, 1195, 7141, 2192, 2093, 1994",11
"1993",1993,"1893, 820, 1892, 1894, 1991, 2269, 8268, 9002, 3220, 2193, 1995, 2092, 2093, 1994",14
"1994",1994,"1894, 1993, 508, 1794, 1895, 1992, 6133, 5917, 2095, 1996, 2093, 9153, 2094, 1995",14
"1995",1995,"1895, 1994, 1795, 1993, 4913, 8561, 2195, 1997, 2094, 2095, 1996",11
"1996",1996,"107, 1896, 1995, 1796, 1895, 1897, 1994, 2196, 2097, 1998, 2095, 3806, 2096, 1997",14
"1997",1997,"1996, 1797, 1896, 1898, 1995, 8884, 3913, 3037, 2197, 2098, 1999, 2096, 5356, 1998",14
"1998",1998,"1898, 1798, 1897, 1899, 1996, 1997, 8935, 8016, 2198, 2099, 2000, 2097, 2098, 1999",14
"1999",1999,"1899, 1998, 1799, 1097, 1997, 1900, 3537, 4883, 2199, 2100, 2098, 2000",12
"2000",2000,"482, 1899, 1998, 1999, 5946, 9301, 8841, 2200, 2099, 2100",10
"2001",2001,"1901, 1902, 7503, 7194, 4514, 4907, 2102, 2003, 2101, 2002",10
"2002",2002,"2001, 637, 1903, 934, 1901, 7332, 9243, 2202, 2103, 2004, 2102",11
"2003",2003,"1803, 1902, 1904, 2001, 5534, 2203, 2104, 2005, 2102, 6064, 2471, 2103, 2004, 9607",14
"2004",2004,"1904, 2003, 1804, 1905, 2002, 7927, 2204, 2105, 2006, 2103, 8068, 2104, 2005",13
"2005",2005,"1905, 2004, 1805, 1904, 1906, 2003, 9021, 2205, 2106, 2104, 2105, 3932",12
"2006",2006,"1906, 1806, 1907, 2004, 1905, 3196, 2107, 2008, 9384, 2106, 2007",11
"2007",2007,"1907, 2006, 1807, 1906, 1148, 3012, 5284, 2207, 7760, 2009, 4424, 5379, 2107, 2008",14
"2008",2008,"2007, 1808, 1893, 2006, 1907, 2208, 6978, 2107, 9766, 2108, 2009",11
"2009",2009,"1909, 2008, 1809, 1908, 1910, 2007, 4964, 2209, 2110, 2011, 3248, 2109, 3285",13
"2010",2010,"1910, 1810, 1911, 9612, 2210, 2111, 2012, 2109, 2110, 2011",10
"2011",2011,"1911, 2010, 1811, 1910, 1912, 2009, 1679, 2211, 2013, 2110, 2111, 2012",12
"2012",2012,"1912, 2011, 1812, 1913, 2010, 2757, 7479, 4401, 2014, 2111, 4606, 2112, 2013",13
"2013",2013,"1913, 2012, 1813, 1914, 2011, 4651, 3282, 2114, 2015, 2112, 3914, 2113, 2014",13
"2014",2014,"1914, 2013, 1913, 1915, 2012, 2214, 2115, 2016, 2113, 7653, 2114, 2015",12
"2015",2015,"1915, 2014, 1815, 1916, 2013, 878, 2215, 2116, 2017, 2114, 2737",11
"2016",2016,"1916, 1816, 1915, 1917, 2014, 2105, 2216, 2117, 2018, 2115, 2116, 2017",12
"2017",2017,"1917, 2016, 1817, 1918, 2015, 2217, 2118, 2019, 2116, 2351, 2117, 2018",12
"2018",2018,"1918, 2017, 1390, 1818, 1917, 1919, 2016, 2689, 2218, 2119, 2020, 2117, 4425, 2118, 2019",15
"2019",2019,"1919, 2018, 1508, 1819, 1918, 1920, 2017, 6233, 5027, 2120, 2021, 2118, 2119, 2020",14
"2020",2020,"1920, 2019, 1919, 2018, 8150, 3416, 2220, 2022, 2119, 2120, 2021",11
"2021",2021,"1921, 2020, 1821, 1920, 1922, 2019, 2221, 3084, 2023, 2120, 2022",11
"2022",2022,"537, 1922, 1580, 1822, 1921, 1866, 1179, 2020, 2021, 9673, 9761, 5748, 2024, 2121, 2122, 2023",16
"2023",2023,"1923, 2022, 1823, 1922, 1924, 2021, 318, 2223, 2124, 2123, 2024",11
"2024",2024,"1924, 2023, 1824, 1923, 1925, 2022, 2097, 2125, 2026, 2123, 2124, 2025",12
"2025",2025,"1925, 2024, 1825, 1924, 1926, 8461, 2126, 2027, 2124, 3203, 9411, 2125",12
"2026",2026,"666, 1925, 1927, 2024, 7080, 7313, 2226, 2028, 2125, 2126, 2027, 8965",12
"2027",2027,"1927, 2026, 1827, 1926, 1928, 2025, 9300, 2029, 2126, 2127, 2028",11
"2028",2028,"1928, 2027, 1828, 1927, 1929, 1579, 2026, 4009, 3257, 2129, 2030, 2128, 2029",13
"2029",2029,"1929, 2028, 1829, 1930, 2027, 1928, 4430, 3248, 2229, 2130, 2031, 2128, 2129, 2030",14
"2030",2030,"1930, 2029, 1830, 1931, 2028, 354, 3415, 2230, 2131, 2032, 9900, 7197, 2031",13
"2031",2031,"1931, 1831, 1930, 1932, 2029, 2030, 2231, 2132, 2033, 2130, 2131, 2032",12
"2032",2032,"681, 1932, 2031, 1832, 1931, 1933, 2030, 2232, 2133, 2034, 2131, 2132",12
"2033",2033,"228, 1833, 1932, 1934, 2031, 4253, 2233, 2134, 2035, 2133, 2034, 9092",12
"2034",2034,"1934, 2033, 1834, 1933, 2032, 2234, 2135, 7231, 4268, 2134, 2035",11
"2035",2035,"1935, 2034, 1835, 1934, 1936, 2033, 2235, 3217, 3854, 2134, 2135, 2036",12
"2036",2036,"1936, 2035, 1683, 1937, 2236, 2137, 2038, 2135, 8393, 5541, 3879, 2136, 2037",13
"2037",2037,"1937, 2036, 1837, 1936, 7750, 2237, 2138, 2039, 2136, 2137, 2038",11
"2038",2038,"1938, 2037, 1838, 1937, 1939, 2036, 2238, 2139, 2137, 2138, 2039",11
"2039",2039,"177, 1939, 2038, 1839, 1938, 1940, 2037, 9450, 3842, 2239, 2140, 2138, 2139, 2040",14
"2040",2040,"2039, 1840, 1941, 1939, 2240, 2139, 9461, 7048, 2041",9
"2041",2041,"1941, 1940, 1942, 2040, 4580, 8214, 2241, 2142, 2043, 2140, 4477, 3700, 2042",13
"2042",2042,"2041, 1842, 1941, 933, 9259, 2143, 2044, 3418, 2142",9
"2043",2043,"1943, 1377, 1843, 1944, 2041, 2243, 2144, 2045, 2143, 2044, 7891",11
"2044",2044,"1944, 2043, 1844, 1945, 2042, 1943, 2145, 2046, 2143, 8951, 2144, 2045",12
"2045",2045,"1945, 2044, 522, 1944, 1946, 2043, 1845, 9882, 5929, 2245, 2146, 6316, 2144, 2145, 2046",15
"2046",2046,"1631, 1946, 2045, 1846, 1945, 1947, 2044, 2246, 2147, 2048, 2145, 5238, 2146, 2047",14
"2047",2047,"2046, 1847, 1946, 1948, 1773, 2247, 2049, 2146, 2048, 8213",10
"2048",2048,"1948, 1848, 1947, 1949, 2046, 2047, 2444, 2248, 2149, 2050, 2147, 2148, 2049",13
"2049",2049,"1949, 2048, 1849, 1950, 2047, 2249, 2150, 2051, 2149, 2050",10
"2050",2050,"1950, 2049, 1850, 1949, 2048, 7314, 2250, 2151, 8338, 2149, 7808, 7669, 2150, 2051",14
"2051",2051,"1951, 2050, 1952, 2049, 2225, 2251, 2152, 2150, 2151, 2183",10
"2052",2052,"1952, 1718, 1951, 1953, 2252, 2153, 9346, 2151, 2152",9
"2053",2053,"1953, 66, 1853, 1952, 1954, 7750, 2253, 2154, 2055, 2152, 5052, 2153, 2054",13
"2054",2054,"1954, 2053, 1854, 1953, 1955, 9022, 2781, 2254, 2155, 2056, 2153, 2154, 9870",13
"2055",2055,"1955, 1855, 1954, 2053, 2255, 2156, 2057, 2155, 2056",9
"2056",2056,"1956, 2055, 1856, 1955, 1957, 2054, 955, 2256, 2058, 2155, 2156, 2057",12
"2057",2057,"2056, 1857, 1958, 2055, 1956, 2123, 4270, 2257, 2158, 2059, 2156, 6292, 2157, 2058",14
"2058",2058,"2057, 1858, 1957, 1959, 2056, 2159, 2060, 2157, 2158, 2059",10
"2059",2059,"2058, 1859, 1958, 1960, 2057, 2259, 2160, 2158, 2159, 2060",10
"2060",2060,"1960, 2059, 1860, 1961, 2058, 1966, 2260, 2161, 2062, 2159, 2061",11
"2061",2061,"1961, 2060, 1861, 1962, 6414, 5856, 2730, 2261, 2162, 2063, 9382, 6789, 2161, 2062",14
"2062",2062,"2061, 1961, 1963, 2060, 6116, 2262, 2163, 2064, 2161, 8193, 3538",11
"2063",2063,"1889, 1963, 1863, 1962, 1964, 2061, 5310, 2263, 2164, 4771, 2162, 3707, 2064, 4722",14
"2064",2064,"1964, 2063, 1864, 1965, 2062, 648, 4732, 2264, 2066, 7517, 2164",11
"2065",2065,"1965, 1865, 1964, 1966, 5904, 2166, 7276, 2164, 2165, 2066, 4102",11
"2066",2066,"2065, 1866, 1965, 1967, 2064, 9281, 2068, 8079, 4639, 2990, 2067",11
"2067",2067,"1967, 2066, 1867, 1966, 6609, 2267, 2168, 2069, 2166, 2167, 2068",11
"2068",2068,"1968, 2067, 671, 1868, 2066, 3284, 4409, 3688, 2169, 2070, 2167, 3655, 8801, 2168",14
"2069",2069,"1962, 1968, 1970, 2067, 2583, 2269, 2170, 2071, 2168, 2169, 2070",11
"2070",2070,"1970, 2069, 1870, 1969, 1971, 2068, 2270, 2171, 2072, 2169, 2071",11
"2071",2071,"1971, 1871, 1970, 1972, 2069, 2070, 7743, 2271, 2073, 2170, 9840, 2171, 2358",13
"2072",2072,"1972, 1872, 1971, 2070, 9077, 4052, 3420, 2272, 2582, 2074, 6215, 2172, 2073",13
"2073",2073,"1973, 2072, 1873, 1972, 1974, 2071, 3827, 2174, 2075, 2172, 2173, 2074",12
"2074",2074,"1974, 2073, 1874, 1973, 1975, 2072, 62, 2175, 2173, 5177, 2174, 2075",12
"2075",2075,"1975, 2074, 1875, 1974, 1976, 2073, 2275, 2176, 2077, 2174, 2175, 2076",12
"2076",2076,"1976, 2075, 1876, 1975, 1977, 1089, 2735, 2177, 2078, 2175, 2176, 2077",12
"2077",2077,"1977, 2076, 1877, 1976, 1978, 2075, 772, 8699, 3294, 2976, 2178, 2079, 2176, 2177, 2078",15
"2078",2078,"2077, 1878, 1977, 1979, 2076, 9478, 2278, 2179, 2080, 2177, 2178, 2079",12
"2079",2079,"2078, 1879, 1978, 2077, 1239, 6097, 6611, 2279, 2180, 2081, 2179, 2080",12
"2080",2080,"2079, 1880, 1979, 1981, 2078, 1563, 2280, 2082, 7203, 2180, 2081",11
"2081",2081,"1981, 2080, 1980, 1982, 2079, 174, 4463, 2281, 2180, 3466, 2181, 2082",12
"2082",2082,"1982, 2081, 1077, 1981, 2080, 2282, 7273, 2084, 2181, 4545, 2182, 2083",12
"2083",2083,"1983, 2082, 1883, 1982, 1984, 3709, 2283, 2184, 2182, 3576, 2084",11
"2084",2084,"2083, 1884, 1985, 2082, 2284, 2185, 2086, 2183, 4855, 2184, 2085",11
"2085",2085,"2084, 1723, 1984, 1986, 3290, 2285, 2186, 2087, 2184, 6816, 2185, 2086",12
"2086",2086,"1986, 2085, 1985, 1987, 2084, 2286, 2187, 2088, 2185, 9303, 2968, 2186, 2087",13
"2087",2087,"2086, 1887, 1986, 1988, 2085, 4525, 2287, 2188, 2089, 4857, 2187, 2088",12
"2088",2088,"1988, 2087, 1888, 1987, 2086, 2288, 2090, 2187, 7838, 2255, 2089",11
"2089",2089,"1989, 2088, 1889, 1988, 1990, 2087, 8605, 2289, 2091, 2188, 2189, 2090",12
"2090",2090,"2089, 1890, 1989, 1991, 2088, 2290, 2191, 2092, 2091",9
"2091",2091,"1991, 1185, 1990, 2089, 2090, 2736, 6720, 4359, 4027, 2291, 2192, 2093, 2190, 7849",14
"2092",2092,"1892, 1991, 1993, 2090, 2292, 2193, 3164, 5746, 3502, 2192, 2093, 5870",12
"2093",2093,"1993, 2092, 1194, 1893, 1992, 1994, 2091, 2293, 2194, 2095, 2192, 2193, 2094",13
"2094",2094,"1994, 2093, 1995, 2294, 2195, 2096, 5342, 8216, 7443, 2095",10
"2095",2095,"1995, 2094, 1895, 1994, 1996, 2093, 6889, 2295, 2196, 2097, 2194, 2195, 2096",13
"2096",2096,"1996, 2095, 82, 1997, 2094, 2197, 2098, 2195, 8322, 2196, 2097",11
"2097",2097,"2096, 1897, 1996, 1998, 2024, 2095, 6923, 2297, 2198, 2099, 2196, 7673, 2098",13
"2098",2098,"1998, 1898, 1997, 1999, 2096, 2097, 2298, 2199, 2100, 2197, 2724, 2099",12
"2099",2099,"2098, 1998, 2000, 2097, 2299, 2200, 2198, 2199, 6061, 7663",10
"2100",2100,"2000, 1999, 2098, 8438, 2300, 2199, 2200",7
"2101",2101,"2001, 6333, 2301, 2103, 2201, 2102",6
"2102",2102,"2002, 2101, 1902, 2001, 2003, 2203, 2104, 2201, 2103",9
"2103",2103,"2003, 2102, 1214, 2002, 2004, 2101, 3368, 2303, 6015, 2105, 5892, 2203, 2104",13
"2104",2104,"2004, 2103, 1904, 2003, 2005, 2102, 9194, 3274, 2304, 2205, 2106, 2203, 2204, 2105",14
"2105",2105,"2005, 2104, 2004, 2016, 2103, 4130, 2305, 2206, 2107, 2204, 5590, 2205, 2106",13
"2106",2106,"2006, 2105, 359, 1906, 2005, 2104, 2306, 2207, 2108, 2205, 2206, 2107",12
"2107",2107,"2007, 2106, 978, 2006, 2008, 2105, 2307, 2208, 9861, 2206, 3234, 2207, 6734",13
"2108",2108,"2008, 2106, 1908, 8655, 2308, 2209, 2110, 2208, 2109",9
"2109",2109,"2009, 2108, 1909, 2010, 2686, 2309, 2210, 2111, 4319, 4672, 3166",11
"2110",2110,"2010, 1910, 2009, 2011, 2108, 1177, 6752, 2310, 2211, 2209, 4573, 2210, 7736",13
"2111",2111,"2011, 1911, 2010, 2012, 2109, 5996, 2396, 2311, 2212, 2113, 2210, 2211, 2112",13
"2112",2112,"2012, 2111, 1912, 2013, 2312, 2213, 2114, 2211, 2212",9
"2113",2113,"2013, 1913, 2014, 2111, 9124, 3177, 2313, 2214, 8944, 2212, 2213, 7968, 7926",13
"2114",2114,"2014, 1914, 2013, 2015, 2112, 2314, 2215, 2116, 2213, 2214, 2115",11
"2115",2115,"2114, 1149, 1915, 2014, 2016, 5414, 2315, 2216, 7811, 2214, 2215, 2116",12
"2116",2116,"2016, 2115, 1916, 2015, 2017, 2114, 1025, 2316, 2217, 2118, 2215, 7530, 3111, 2216, 2117",15
"2117",2117,"2017, 2116, 1917, 2016, 2018, 7610, 3837, 2218, 7514, 2216, 2217",11
"2118",2118,"2018, 2017, 2019, 2116, 2318, 2219, 2120, 2217, 2218, 2119",10
"2119",2119,"2019, 2118, 1919, 2018, 2020, 8889, 2319, 2220, 9692, 2218, 2457, 2120",12
"2120",2120,"2020, 2119, 1920, 2019, 2021, 2118, 2320, 2221, 2122, 2219, 2220",11
"2121",2121,"1798, 1921, 2022, 822, 5665, 8795, 8714, 2708, 2123, 7702, 2122",11
"2122",2122,"2022, 2121, 1922, 2120, 1156, 2322, 2223, 2124, 2222, 2123",10
"2123",2123,"2023, 2122, 1923, 2024, 2121, 2057, 4369, 2323, 2224, 2125, 2222, 2922, 2223, 2124",14
"2124",2124,"2024, 2123, 2023, 2025, 2122, 1032, 2699, 2225, 2126, 2223, 8739, 2224, 2125",13
"2125",2125,"2025, 2124, 1925, 2024, 2026, 2123, 4642, 2325, 2226, 2127, 2224, 5344, 2225, 2126",14
"2126",2126,"2026, 2125, 2027, 2124, 2025, 3338, 2227, 5731, 2226, 2127",10
"2127",2127,"633, 2027, 2126, 1927, 2125, 2327, 2228, 2129, 2226, 8266, 5521, 2128",12
"2128",2128,"2028, 2127, 1660, 2029, 1071, 5401, 3172, 2229, 2130, 2227, 3205, 2228",12
"2129",2129,"2029, 1929, 2028, 2127, 5402, 2329, 2230, 2228, 2229, 2130, 4976",11
"2130",2130,"2129, 1930, 2029, 2031, 2128, 7054, 5668, 2330, 2231, 2132, 2229, 2230, 2131",13
"2131",2131,"2031, 2130, 1931, 2030, 2032, 5097, 2232, 2133, 2230, 8465, 2231, 2132",12
"2132",2132,"2032, 2131, 1932, 2031, 2130, 8195, 8064, 5960, 2332, 2233, 2134, 2231, 2232",13
"2133",2133,"2033, 263, 1933, 2032, 2131, 2333, 2234, 2135, 2232, 6514, 2134",11
"2134",2134,"2034, 1934, 2033, 2035, 2132, 2133, 6411, 2334, 2235, 2136, 2234, 2135",12
"2135",2135,"65, 2035, 2134, 1753, 1935, 2034, 2036, 2133, 2335, 2236, 2137, 2234, 2235, 2136",14
"2136",2136,"2036, 2135, 1936, 2037, 2134, 1177, 9975, 2237, 2138, 2235, 2236, 2137",12
"2137",2137,"2037, 2136, 1937, 2036, 2038, 2135, 6290, 2337, 2238, 2236, 2138",11
"2138",2138,"2038, 1938, 2037, 2039, 2136, 2137, 7040, 5743, 2659, 2239, 2237, 2238, 2139",13
"2139",2139,"2039, 2138, 2038, 2040, 2339, 2240, 2141, 2238, 2826, 2239, 2140",11
"2140",2140,"2139, 2039, 2041, 5785, 2340, 3004, 2142, 2239, 7874, 2240, 2141",11
"2141",2141,"2140, 2139, 4726, 2959, 2341, 2242, 2143, 2240, 3660, 2241, 2142",11
"2142",2142,"2042, 2141, 1942, 2041, 2140, 6909, 2241, 2242, 2143",9
"2143",2143,"2043, 2142, 1592, 2044, 2141, 2042, 1351, 6273, 4506, 4262, 2343, 2244, 2242, 2243",14
"2144",2144,"2044, 468, 1944, 2043, 2045, 2753, 2326, 2344, 2245, 2146, 2243, 2244, 2145",13
"2145",2145,"2045, 2144, 1945, 2046, 2044, 2345, 2147, 2244, 8412, 8469, 2171, 2245, 3215",13
"2146",2146,"2046, 1946, 2045, 2047, 2144, 3357, 2346, 2148, 2245, 2246, 2147",11
"2147",2147,"2146, 1947, 2046, 2048, 2145, 2347, 2248, 2149, 2246, 2247, 2148",11
"2148",2148,"2048, 2147, 1948, 2146, 7786, 2348, 2249, 2150, 2247, 2248, 2149",11
"2149",2149,"2049, 2148, 175, 1949, 2048, 2050, 2147, 2349, 2250, 2151, 2248, 2249, 2150",13
"2150",2150,"2050, 2149, 1950, 2049, 2051, 2148, 336, 8152, 2495, 2350, 2152, 2249, 5237, 2250, 2151",15
"2151",2151,"820, 2051, 2150, 1951, 2050, 2052, 2149, 2252, 2153, 5653, 2251, 2152",12
"2152",2152,"2052, 2151, 253, 1952, 2051, 2053, 2150, 212, 1823, 2352, 2253, 2154",12
"2153",2153,"2053, 1696, 1953, 2052, 2054, 2151, 2353, 2254, 2155, 2252, 2253, 2154",12
"2154",2154,"2054, 2153, 2053, 2152, 4923, 2354, 2255, 2156, 2253, 2254, 2155",11
"2155",2155,"2055, 2154, 1955, 2054, 2056, 2153, 8618, 2355, 2256, 2157, 2254, 2255, 2156",13
"2156",2156,"2056, 2155, 1713, 2055, 2057, 2154, 7087, 8197, 5684, 2356, 2257, 2158, 3035, 2256, 2157",15
"2157",2157,"2057, 2156, 1957, 2058, 2155, 286, 6003, 2258, 2159, 2257, 2158",11
"2158",2158,"2058, 2157, 1418, 1958, 2057, 2059, 2156, 4816, 2259, 2160, 9512, 7329, 2159",13
"2159",2159,"2059, 2158, 1959, 2060, 2157, 2058, 2359, 2260, 2161, 2258, 2259, 2160",12
"2160",2160,"2159, 1960, 2059, 1989, 2158, 3377, 2360, 2261, 8573, 7636, 5681, 2260, 2161",13
"2161",2161,"2061, 2160, 1961, 2060, 2062, 2159, 2361, 2163, 2260, 8611, 2261, 2162",12
"2162",2162,"2161, 1962, 2061, 2063, 2362, 2263, 2164, 5668, 5846, 2262, 2163",11
"2163",2163,"2162, 746, 2062, 2161, 8849, 2363, 2264, 2165, 2263, 2164",10
"2164",2164,"2064, 2163, 1964, 2063, 2065, 2162, 2364, 2265, 2166, 2263, 8480, 2165",12
"2165",2165,"2065, 2164, 1899, 2163, 8004, 2365, 2266, 2167, 2264, 8665, 2265, 2166",12
"2166",2166,"2165, 1307, 1966, 2065, 2067, 2164, 4916, 2267, 2168, 2265, 2266",11
"2167",2167,"2067, 1489, 1967, 2068, 2165, 8740, 8217, 2367, 2268, 2169, 2266, 2267, 8425",13
"2168",2168,"2068, 1968, 2067, 2069, 2166, 1660, 2368, 2269, 2170, 2267, 2268, 2169, 3411",13
"2169",2169,"2069, 2168, 1969, 2070, 2167, 2068, 2369, 2270, 2171, 8159, 2269, 2170",12
"2170",2170,"2169, 1970, 2069, 2071, 2168, 2370, 2271, 2172, 3262, 9526, 2171, 4777",12
"2171",2171,"2071, 1971, 2070, 2169, 2145, 2170, 2298, 2272, 2173, 2270, 2271, 4264",12
"2172",2172,"2072, 1972, 2073, 2170, 2372, 2273, 2174, 2271, 2869, 2272, 2173",11
"2173",2173,"2073, 2172, 1973, 2074, 2171, 2373, 2274, 2175, 2272, 2273, 2174",11
"2174",2174,"2074, 2173, 1974, 2075, 2172, 2073, 2374, 2275, 2176, 2273, 2274, 2175",12
"2175",2175,"2075, 2174, 308, 1975, 2074, 2076, 2173, 2375, 2276, 2177, 2274, 2275, 2176",13
"2176",2176,"2076, 2175, 1976, 2075, 2077, 2174, 2376, 2277, 2178, 2275, 2276, 2177",12
"2177",2177,"2077, 2176, 1977, 2076, 2078, 2175, 8551, 3621, 2377, 2278, 2179, 7459, 2277, 2178",14
"2178",2178,"2078, 2177, 1978, 2077, 2176, 4244, 2378, 2279, 9231, 2277, 6404, 2278, 2179",13
"2179",2179,"2079, 2178, 1979, 2078, 2177, 9260, 7790, 2379, 2280, 2181, 9134, 2279, 2180",13
"2180",2180,"2080, 2179, 1980, 2079, 2081, 2380, 2281, 2182, 2279, 2280, 2181",11
"2181",2181,"2081, 2180, 1981, 2082, 2179, 2381, 2282, 2183, 2280, 2281, 2182",11
"2182",2182,"2082, 2181, 1104, 2083, 2180, 1129, 7209, 2382, 2283, 2184, 2281, 2420, 2282",13
"2183",2183,"2051, 1983, 2084, 2181, 7836, 2284, 2185, 2282, 2283",9
"2184",2184,"2084, 152, 1984, 2083, 2085, 2182, 9811, 2285, 2186, 4625, 2284, 2185",12
"2185",2185,"548, 2085, 2184, 372, 1985, 2084, 2086, 2183, 2481, 2385, 2286, 2187, 2284, 5041, 2285, 2186",16
"2186",2186,"2086, 2185, 1986, 2085, 2184, 8440, 2386, 2287, 2188, 2285, 2286, 2187",12
"2187",2187,"2087, 2186, 1987, 2086, 2088, 2185, 8121, 6653, 2219, 2942, 2189, 2287, 2188",13
"2188",2188,"2187, 1988, 2087, 2089, 2186, 9532, 2388, 2289, 2190, 4352, 2189",11
"2189",2189,"2089, 2188, 1989, 2187, 4911, 2389, 2290, 2191, 3739, 7765, 9844, 2289, 2190",13
"2190",2190,"2189, 1990, 2091, 2188, 9522, 2837, 2390, 2291, 9482, 2289, 4574, 2290, 2191, 9009",14
"2191",2191,"2190, 1991, 2090, 2189, 2292, 2193, 2290, 2291, 2192",9
"2192",2192,"2092, 2191, 1992, 2091, 2093, 3455, 2392, 2293, 2194, 2291, 2193",11
"2193",2193,"2093, 1993, 2092, 2191, 549, 2192, 2393, 2294, 2195, 2292, 7014",11
"2194",2194,"2093, 2095, 2192, 1442, 8982, 2394, 2295, 2196, 2293",9
"2195",2195,"2095, 1995, 2094, 2096, 2193, 5572, 2481, 2395, 2296, 2197, 2294, 7988, 2295, 2196",14
"2196",2196,"2096, 2195, 459, 1996, 2095, 2097, 2194, 2297, 2198, 2295, 2296, 2197",12
"2197",2197,"2196, 1997, 2098, 2195, 2096, 8821, 2397, 2298, 3903, 2296, 7555, 2297, 2198",13
"2198",2198,"2197, 1998, 2097, 2099, 2196, 1524, 9730, 5144, 2717, 2200, 2297, 2298, 2199",13
"2199",2199,"2099, 2198, 1999, 2098, 2100, 2300, 2298, 2299, 2200",9
"2200",2200,"2100, 2199, 2000, 2099, 2198, 9669, 2400, 2299, 2300",9
"2201",2201,"2101, 2102, 4558, 2401, 9979, 2203, 7473, 2301, 2202",9
"2202",2202,"1498, 2201, 2002, 1237, 2402, 7248, 2204, 2301, 5855, 2302, 2203",11
"2203",2203,"2103, 2202, 2003, 2102, 2104, 2201, 2403, 2304, 2205, 2302, 8079, 2303, 7747",13
"2204",2204,"2104, 2004, 2105, 2202, 5495, 2305, 2206, 2303, 8121, 2304, 4808",11
"2205",2205,"2105, 2005, 2104, 2106, 2203, 2405, 2306, 2207, 2304, 3418, 2305, 2206",12
"2206",2206,"2106, 2205, 2105, 2107, 2204, 2406, 5424, 2305, 3075, 2990, 2306, 2207",12
"2207",2207,"2107, 2206, 594, 2007, 2106, 2205, 5759, 2407, 2308, 2209, 2306, 9062, 5021, 2307, 2208",15
"2208",2208,"2108, 2207, 2008, 2107, 3619, 4576, 2408, 2309, 2210, 2307, 2308, 2209",12
"2209",2209,"2208, 2009, 2108, 2110, 2207, 2310, 2211, 5221, 2309",9
"2210",2210,"2110, 2010, 2109, 2111, 2208, 9094, 8176, 2410, 2311, 2212, 2309, 9598, 2211, 4048",14
"2211",2211,"2111, 2210, 2011, 2110, 2112, 2209, 1476, 2411, 2312, 2213, 9564, 2286, 2311, 2212",14
"2212",2212,"2112, 2211, 2111, 2113, 2210, 2412, 2313, 2214, 2311, 2213",10
"2213",2213,"2113, 2212, 2112, 2114, 2211, 4524, 4165, 2413, 2314, 2215, 2312, 2313, 2214",13
"2214",2214,"2114, 2213, 2014, 2113, 2115, 2212, 2414, 2216, 2313, 2314, 2215",11
"2215",2215,"2115, 2214, 2015, 2114, 2116, 2213, 9053, 2316, 2314, 2315, 2216",11
"2216",2216,"2116, 2215, 2016, 2115, 2117, 2214, 2416, 2317, 2218, 2315, 6976, 2316, 2217",13
"2217",2217,"2117, 2216, 2017, 2116, 2118, 232, 2417, 2219, 2316, 4394, 2218",11
"2218",2218,"2118, 773, 2018, 2119, 2216, 2117, 2217, 2418, 2319, 2220, 7488, 3025, 2219",13
"2219",2219,"2218, 2118, 2120, 2187, 2217, 849, 2320, 2221, 2318, 3068, 2319",11
"2220",2220,"2120, 2020, 2119, 2218, 4242, 2420, 2321, 2222, 2319, 2320",10
"2221",2221,"2021, 2120, 2219, 2421, 2322, 2320, 2321, 2222, 4111",9
"2222",2222,"2122, 2221, 2123, 2220, 3826, 2323, 4969, 2321, 8693, 2223",10
"2223",2223,"2123, 2222, 2023, 2122, 2124, 1650, 2324, 2225, 2322, 5226, 2729, 2323, 2224",13
"2224",2224,"2124, 2223, 1361, 2123, 2125, 2424, 6479, 2226, 2323, 7880, 2324, 2225",12
"2225",2225,"2125, 2224, 2051, 2124, 2223, 5222, 4665, 2326, 2227, 2324, 2325, 2226",12
"2226",2226,"2126, 2225, 2026, 2125, 2127, 2224, 2426, 2327, 2228, 2325, 2326, 2227",12
"2227",2227,"2226, 2126, 2128, 2225, 2443, 2427, 2328, 2229, 2326, 2327, 2228",11
"2228",2228,"2128, 2227, 2127, 2129, 2226, 175, 2230, 2327, 2328, 2229",10
"2229",2229,"2129, 2228, 2029, 2130, 2227, 2128, 4934, 2330, 2231, 2328, 9479, 2329",12
"2230",2230,"2130, 2030, 2129, 2131, 2228, 277, 2430, 2331, 2329, 3336, 2231, 4096",12
"2231",2231,"2131, 2230, 2031, 2130, 2132, 2229, 6539, 4221, 2431, 2332, 2233, 2330, 2232",13
"2232",2232,"2132, 2032, 2133, 2131, 2231, 6477, 2432, 2333, 2234, 2331, 7838, 2332, 2233",13
"2233",2233,"2232, 717, 2033, 2132, 2231, 3655, 6066, 2433, 2334, 2332, 4116, 2333, 2234",13
"2234",2234,"2134, 2233, 2034, 2133, 2135, 2232, 2335, 2236, 2333, 2334, 2235",11
"2235",2235,"2135, 2234, 2035, 2134, 2136, 1980, 2435, 2336, 2334, 4995, 2335, 2236",12
"2236",2236,"2136, 2235, 2036, 2135, 2137, 2234, 2436, 2337, 2238, 2335, 2336, 2237",12
"2237",2237,"2236, 1773, 2037, 2136, 2138, 8956, 6080, 5963, 2437, 2338, 2239, 2336, 5221, 2337, 2238",15
"2238",2238,"2138, 2237, 2038, 2137, 2139, 2236, 2438, 2339, 2240, 2337, 2239",11
"2239",2239,"2139, 2039, 2138, 2140, 2237, 2238, 6439, 2439, 2340, 2241, 2338, 6380, 2339",13
"2240",2240,"2140, 2040, 2139, 2141, 2238, 2440, 2242, 2339, 2340, 2241, 4571",11
"2241",2241,"2141, 2240, 2041, 2142, 2239, 2342, 2243, 2340, 9790, 2341, 2242",11
"2242",2242,"2142, 2241, 2141, 2143, 2240, 2442, 2343, 2341, 9751, 2342",10
"2243",2243,"2143, 408, 2043, 2144, 2241, 1277, 7634, 2443, 2245, 2342, 9027, 2343, 6373",13
"2244",2244,"2144, 1570, 2143, 2145, 786, 5734, 2707, 2444, 2345, 2343, 8286, 2344, 2245",13
"2245",2245,"1912, 2145, 2244, 303, 2045, 2144, 2146, 2243, 2445, 2346, 2247, 2344, 2345, 2246",14
"2246",2246,"87, 2146, 2245, 2046, 2147, 2446, 2347, 2248, 2345, 2346",10
"2247",2247,"2147, 1320, 2047, 1204, 2148, 2245, 2447, 2348, 2249, 2346, 2347, 2248",12
"2248",2248,"2148, 2247, 2048, 2147, 2149, 2246, 8062, 2349, 2250, 2347, 2348, 2249",12
"2249",2249,"2149, 2248, 2049, 2148, 2150, 2247, 4726, 2449, 2350, 2251, 2348, 7742, 2250",13
"2250",2250,"2150, 2050, 2149, 2248, 2249, 2450, 2351, 2252, 2349, 2350, 6753",11
"2251",2251,"2151, 2051, 2249, 2813, 2451, 2352, 2253, 2350, 6855, 2252",10
"2252",2252,"2052, 2153, 2250, 1082, 2151, 2251, 2452, 2353, 2351, 8019, 2352, 2253",12
"2253",2253,"2153, 2252, 2053, 2152, 2154, 2251, 2453, 2354, 2255, 2352, 9295, 6041, 2353, 2254",14
"2254",2254,"2154, 2253, 2054, 2153, 2155, 6275, 2454, 2355, 2256, 2353, 2354, 2255",12
"2255",2255,"2088, 2155, 2254, 2055, 2154, 2253, 5399, 2455, 2356, 9235, 2354, 2355, 2256",13
"2256",2256,"2156, 2255, 2056, 2155, 2254, 9116, 3564, 2456, 2357, 2355, 2356, 2257",12
"2257",2257,"2157, 2256, 2057, 2156, 2457, 2358, 2259, 2356, 2357, 2258",10
"2258",2258,"2257, 2157, 2159, 1268, 7609, 2458, 2359, 2357, 7103, 3710, 2259",11
"2259",2259,"2159, 2059, 2158, 638, 2257, 2258, 4587, 2459, 2360, 2261, 2358, 2359, 2260",13
"2260",2260,"2160, 2259, 2060, 2159, 2161, 2460, 5444, 2262, 2359, 2360, 2261",11
"2261",2261,"2161, 2260, 2061, 2160, 2259, 4578, 2461, 2362, 2263, 2360, 5117, 2792, 2361",13
"2262",2262,"2162, 2062, 1584, 2260, 1650, 8034, 2462, 2363, 2264, 7890, 9354",11
"2263",2263,"2163, 2063, 2162, 2164, 2261, 2463, 2364, 2362, 6750, 2363, 2264",11
"2264",2264,"2263, 2064, 2163, 2165, 2262, 5697, 9477, 2464, 8256, 2266, 2363, 6749, 2868, 2364, 2265",15
"2265",2265,"2165, 2264, 2164, 2166, 762, 2366, 2267, 2364, 4262, 2365, 2266",11
"2266",2266,"1009, 2166, 2265, 2165, 2167, 2264, 3258, 2466, 2367, 2268, 2366, 2267",12
"2267",2267,"2167, 2266, 2067, 2166, 2168, 2265, 2963, 2467, 2368, 2269, 2366, 2367, 2268",13
"2268",2268,"2168, 2267, 2167, 2266, 4843, 2358, 2468, 2369, 2270, 2367, 2368",11
"2269",2269,"838, 1993, 2169, 1497, 2069, 2168, 2267, 2469, 2370, 2271, 2368, 2369, 2270",13
"2270",2270,"2269, 2070, 2169, 2171, 2268, 9610, 7065, 2470, 2371, 2272, 2369, 2370, 2271",13
"2271",2271,"2171, 2270, 2071, 2170, 2172, 2269, 865, 2471, 2372, 2273, 2370, 5033, 2371",13
"2272",2272,"2172, 156, 2072, 2171, 2173, 2270, 1604, 2472, 2373, 2274, 2720, 6626, 2273",13
"2273",2273,"2173, 2272, 2172, 2174, 2271, 4451, 2473, 2374, 2275, 4807, 2373, 2274",12
"2274",2274,"2174, 2273, 2173, 2175, 2272, 2474, 2375, 8206, 2373, 2374, 5467",11
"2275",2275,"2175, 799, 2075, 2174, 2176, 2273, 2475, 2277, 2374, 8843, 2375, 2276",12
"2276",2276,"2176, 2275, 2175, 2476, 2377, 2278, 2375, 2376, 2277",9
"2277",2277,"2177, 2276, 2176, 2178, 2275, 9435, 5505, 9780, 2376, 9934, 2377, 2278",12
"2278",2278,"2178, 2277, 2078, 2177, 2276, 2478, 2379, 2280, 2377, 2378, 2279",11
"2279",2279,"2179, 2278, 2079, 2178, 2180, 1570, 1295, 198, 2380, 2281, 5403, 2280",12
"2280",2280,"2180, 2080, 2179, 2181, 2278, 2279, 2480, 2381, 2282, 2379, 2380, 2281",12
"2281",2281,"2181, 2280, 2081, 2180, 2182, 2279, 2481, 2382, 2283, 2380, 2381, 2282",12
"2282",2282,"2182, 2281, 2082, 2181, 2183, 2280, 1615, 2284, 2381, 8470, 2283",11
"2283",2283,"2183, 2282, 2083, 2182, 2281, 2483, 2384, 2285, 2382, 2383, 2284",11
"2284",2284,"2184, 2283, 2084, 2185, 631, 2282, 2183, 4468, 2385, 2286, 2384, 2285",12
"2285",2285,"2185, 2284, 2085, 2184, 2186, 2283, 2485, 2386, 2287, 2384, 2385, 2286",12
"2286",2286,"2186, 2285, 2086, 2185, 2284, 2211, 8753, 7594, 2387, 2288, 2385, 2287",12
"2287",2287,"2187, 2286, 2087, 2186, 2285, 4930, 6144, 5494, 2487, 2289, 2386, 2387, 2288",13
"2288",2288,"2287, 2088, 2286, 2488, 2389, 2290, 2387, 9429, 2388, 2289",10
"2289",2289,"2189, 2288, 2089, 2188, 2190, 2287, 2489, 2390, 2291, 2388, 2389, 2290",12
"2290",2290,"2190, 2289, 2090, 2189, 2191, 2288, 2490, 7052, 2292, 2389, 2390, 2291",12
"2291",2291,"2191, 2290, 2091, 2190, 2192, 2289, 9547, 8882, 2491, 2392, 2293, 2390, 2391, 7790",14
"2292",2292,"2092, 2191, 2193, 2290, 9862, 2293, 4076, 2393, 8302, 2391, 9819",11
"2293",2293,"2292, 2093, 2192, 2194, 2291, 3888, 2295, 2392, 2340, 2393, 2294",11
"2294",2294,"2293, 2094, 2193, 2195, 9322, 7775, 7244, 6110, 2494, 2395, 2296, 9485, 2394, 2295",14
"2295",2295,"2195, 2294, 2095, 2194, 2196, 2293, 9556, 9572, 2495, 2396, 7673, 2394, 8746, 2296",14
"2296",2296,"2196, 2195, 2197, 2294, 2295, 7455, 2397, 9591, 2395, 2396, 2297",11
"2297",2297,"538, 2197, 2296, 2097, 2196, 2198, 2497, 2398, 2299, 2396, 2397, 2298",12
"2298",2298,"2198, 2297, 486, 2098, 2197, 2199, 2171, 1124, 4673, 2498, 2399, 2397, 7380, 2398, 5108",15
"2299",2299,"2199, 2099, 2200, 2297, 2499, 2400, 2398, 2399, 2300",9
"2300",2300,"2200, 2299, 2100, 2199, 2500, 2399, 2400",7
"2301",2301,"2201, 2101, 2202, 8178, 2501, 2303, 2401, 2302",8
"2302",2302,"2202, 2301, 1154, 2203, 5586, 5572, 2502, 2403, 2304, 2402, 2303",11
"2303",2303,"850, 2203, 2302, 2103, 2204, 2301, 2503, 2305, 2402, 2403, 2304",11
"2304",2304,"2204, 2303, 2104, 2203, 2205, 2302, 620, 2504, 2405, 2306, 7367, 7555, 2404, 2305",14
"2305",2305,"2205, 2304, 2105, 2206, 2303, 2204, 9577, 7984, 2406, 2307, 2404, 2405, 2306",13
"2306",2306,"2206, 2305, 2106, 2205, 2207, 2304, 1696, 4385, 3889, 2308, 2405, 2307",12
"2307",2307,"2207, 1640, 2107, 2208, 2305, 2306, 8912, 2507, 2408, 2309, 6017, 2319, 2407",13
"2308",2308,"2208, 146, 2108, 2207, 2306, 2508, 2310, 2408",8
"2309",2309,"2209, 2109, 2208, 2210, 2307, 2509, 2410, 2311, 6542, 2409, 2310, 5628",12
"2310",2310,"2309, 2110, 2308, 2209, 4923, 2510, 2411, 2312, 2409, 2410, 2311",11
"2311",2311,"2211, 2310, 2111, 2210, 2212, 2309, 6422, 2511, 2412, 2313, 2410, 2411, 2312",13
"2312",2312,"221, 2311, 2112, 2211, 2213, 2310, 8372, 2512, 2413, 2411, 2412, 2313",12
"2313",2313,"2213, 2312, 2113, 2212, 2214, 2311, 9827, 4682, 2513, 2414, 2412, 2413, 2314",13
"2314",2314,"229, 2214, 2313, 2114, 2213, 2215, 2406, 2514, 2415, 2316, 2413, 8012, 2315",13
"2315",2315,"2215, 2115, 2216, 2314, 8735, 8518, 2515, 8029, 8307, 7345, 3652, 9323, 2415, 2316",14
"2316",2316,"2216, 2315, 2116, 2215, 2217, 2314, 3062, 2417, 2318, 8344, 7989, 2317",12
"2317",2317,"2316, 735, 2216, 9150, 9085, 7637, 2517, 2418, 2319, 2416, 2417, 2318",12
"2318",2318,"2317, 2118, 2219, 2316, 5527, 2518, 2419, 2320, 2417, 7309, 2418, 2319",12
"2319",2319,"2219, 2318, 2119, 2307, 2218, 2220, 2317, 2519, 2420, 2321, 3844, 2786, 2419, 2320",14
"2320",2320,"2220, 2319, 2120, 2219, 2221, 2318, 2520, 2421, 2322, 2419, 2420, 2321",12
"2321",2321,"2221, 2320, 2220, 2222, 2319, 7457, 2521, 2422, 2323, 2420, 2421, 2322",12
"2322",2322,"2321, 2122, 2221, 2223, 2320, 5694, 2522, 2423, 2324, 2421, 2422, 2323",12
"2323",2323,"2223, 2322, 2123, 2222, 2224, 2321, 9456, 7755, 2523, 2424, 2325, 2422, 2324",13
"2324",2324,"2224, 1714, 2223, 2225, 2322, 2323, 2524, 2425, 2326, 2423, 2424, 2325",12
"2325",2325,"2225, 2324, 2125, 2226, 2323, 2525, 2426, 2327, 2424, 2425, 2326",11
"2326",2326,"2226, 2325, 2227, 2324, 2144, 2225, 2427, 2425, 2426, 2327",10
"2327",2327,"2227, 2326, 1594, 2127, 2226, 2228, 2325, 2527, 2428, 2329, 2426, 2427, 2328",13
"2328",2328,"2228, 2327, 2227, 2229, 254, 1858, 7422, 2429, 2330, 7254, 2428",11
"2329",2329,"2229, 2129, 2230, 2327, 9090, 2529, 2331, 2428, 2429, 2330",10
"2330",2330,"2329, 2130, 2229, 2231, 2328, 594, 2530, 2431, 2332, 2430, 2331",11
"2331",2331,"2330, 1598, 2230, 2232, 2329, 3240, 8002, 5659, 2531, 2432, 2333, 3032, 2431",13
"2332",2332,"2232, 1560, 2132, 2231, 2330, 1303, 2233, 5538, 9957, 5853, 2334, 2431, 2432, 2333",14
"2333",2333,"2233, 2332, 2133, 2232, 2234, 2331, 627, 2533, 2434, 2335, 2432, 9552, 5737, 2334",14
"2334",2334,"2234, 2333, 2134, 2233, 2235, 2332, 2534, 2435, 2336, 2433, 2434, 2335",12
"2335",2335,"2235, 2334, 2135, 2236, 2333, 2234, 6257, 2535, 9086, 2337, 8525, 2435, 2336",13
"2336",2336,"2236, 2335, 2235, 2237, 2334, 2536, 2437, 2338, 2436, 2337",10
"2337",2337,"2237, 2336, 2137, 2236, 2238, 2335, 2537, 2438, 2339, 2436, 2437, 2338",12
"2338",2338,"2337, 2237, 2239, 2336, 2538, 2439, 2340, 2437, 2438, 2339, 8224",11
"2339",2339,"2239, 2338, 2139, 2238, 2240, 2337, 2539, 2440, 2341, 2438, 2439",11
"2340",2340,"2240, 2293, 2140, 2239, 2241, 2338, 2540, 2441, 2342, 2439, 2440, 6661",12
"2341",2341,"2241, 2141, 654, 2242, 2339, 9823, 8535, 2541, 2442, 2343, 2440, 2441, 2342",13
"2342",2342,"2242, 2341, 2243, 2340, 2241, 1399, 4572, 2542, 2443, 4528, 2343",11
"2343",2343,"2243, 2342, 2143, 2242, 2244, 2341, 2543, 2444, 2345, 2442, 2443, 2344",12
"2344",2344,"2244, 2343, 74, 2144, 2245, 1763, 1238, 2544, 2346, 2443, 4366",11
"2345",2345,"2245, 2145, 2244, 2246, 2343, 2545, 2446, 2347, 2445, 5701",10
"2346",2346,"2246, 1282, 2146, 2245, 2247, 2344, 4347, 2546, 2447, 2348, 2445, 2446, 2347",13
"2347",2347,"2247, 2346, 2147, 2246, 2248, 2345, 5606, 2547, 2448, 2349, 2446, 2447, 2348",13
"2348",2348,"2248, 2347, 2148, 2247, 2249, 2346, 2548, 2449, 2350, 2447, 2448, 2349",12
"2349",2349,"2348, 2149, 2248, 2250, 2347, 2549, 2450, 2351, 2448, 2449, 2350, 7031",12
"2350",2350,"2250, 2349, 2150, 2249, 2251, 2348, 9085, 9029, 2550, 2451, 2352, 2449, 2450, 2351",14
"2351",2351,"2350, 2017, 2250, 2252, 2349, 6470, 7392, 6365, 2551, 2452, 2353, 2450, 2451, 2352",14
"2352",2352,"2252, 2351, 2152, 2251, 2253, 2350, 2552, 2453, 2354, 2451, 2452",11
"2353",2353,"2253, 2153, 2252, 2254, 2351, 4928, 3814, 2410, 2553, 2454, 2355, 2452, 2443",13
"2354",2354,"2254, 1116, 2154, 2253, 2255, 2352, 2554, 2455, 2356, 2454, 5464",11
"2355",2355,"2255, 862, 2155, 2254, 2256, 2353, 7929, 2555, 2456, 2357, 2454, 2356",12
"2356",2356,"2256, 2355, 2156, 2255, 2257, 2354, 2579, 2358, 2455, 4094, 6905",11
"2357",2357,"2257, 2256, 2258, 2355, 2557, 2458, 2359, 2457, 2358",9
"2358",2358,"2071, 2357, 2257, 2259, 2356, 2268, 5628, 2457, 2359",9
"2359",2359,"2259, 2159, 2258, 2260, 2357, 2358, 2559, 2460, 2361, 2458, 3555, 2360",12
"2360",2360,"2260, 2359, 2160, 2259, 2261, 1806, 2560, 2461, 2362, 2459, 7154, 2361",12
"2361",2361,"2261, 2360, 2161, 2359, 6712, 2561, 2462, 2363, 2460, 3950, 2461, 2362",12
"2362",2362,"2361, 2162, 2261, 2263, 2360, 6107, 2562, 2463, 2364, 2461, 2462, 2363",12
"2363",2363,"2263, 2362, 2163, 2262, 2264, 2361, 641, 2464, 2365, 2462, 2463",11
"2364",2364,"2264, 2164, 2263, 2265, 2362, 2564, 2465, 2366, 2463, 2464, 2365",11
"2365",2365,"2265, 2364, 2165, 2363, 6422, 2565, 2466, 2367, 2464, 2465",10
"2366",2366,"2266, 1899, 2267, 2364, 2265, 2566, 2467, 2368, 2465, 2369, 2466, 2367, 6404",13
"2367",2367,"2267, 2366, 2167, 2266, 2268, 2365, 8540, 2567, 2468, 2369, 2467, 2368",12
"2368",2368,"2268, 2367, 2168, 2267, 2269, 2366, 2568, 2469, 2468, 2369",10
"2369",2369,"2269, 2368, 2169, 2268, 2270, 2367, 2366, 2569, 2470, 2371, 2468, 3601, 2370",13
"2370",2370,"2270, 2369, 2170, 2269, 2271, 5842, 2570, 2471, 2372, 2469, 2470, 2371",12
"2371",2371,"367, 2271, 2370, 705, 2270, 2369, 2571, 2472, 9938, 2471, 2372",11
"2372",2372,"2371, 2172, 2271, 2370, 5130, 4721, 2572, 2473, 2374, 2471, 2472, 2373",12
"2373",2373,"2273, 2372, 2173, 2272, 2274, 7778, 2573, 2474, 2375, 2472, 8630, 4397, 2473, 2374",14
"2374",2374,"2274, 2373, 2174, 2273, 2275, 2372, 3312, 2574, 2475, 2376, 2473, 2474, 2375",13
"2375",2375,"2275, 2374, 2175, 2274, 2276, 2373, 8832, 2575, 2476, 2377, 2474",11
"2376",2376,"2276, 2176, 2277, 2374, 931, 2477, 2378, 2475, 8415, 2476, 2377, 9862",12
"2377",2377,"2277, 2376, 2177, 2276, 2278, 2375, 2577, 2379, 2477, 2378",10
"2378",2378,"2278, 2377, 2178, 2376, 2578, 2479, 2380, 2477, 2379",9
"2379",2379,"2378, 2179, 2278, 2280, 2377, 8743, 6834, 2579, 2480, 2381, 2478, 2479, 2380",13
"2380",2380,"2280, 2379, 2180, 2279, 2281, 2378, 6787, 2580, 2481, 2382, 2479, 2480, 2381",13
"2381",2381,"2281, 2380, 2181, 2280, 2282, 2379, 7586, 2581, 2482, 2383, 2480, 2481, 2382",13
"2382",2382,"2381, 2182, 2281, 2283, 2380, 2582, 2483, 2384, 2525, 6751, 2383",11
"2383",2383,"2283, 2382, 2381, 5112, 9279, 9145, 6348, 2583, 2484, 2385, 5298, 2483, 2384",13
"2384",2384,"2284, 2383, 2283, 2285, 2382, 2584, 2485, 2386, 7715, 5598, 2385",11
"2385",2385,"2285, 2185, 2284, 2286, 2383, 2384, 3550, 2585, 2486, 2387, 2484, 6803, 2485, 2386",14
"2386",2386,"2385, 2186, 2285, 2287, 2384, 3715, 2487, 2388, 2485, 2387",10
"2387",2387,"2287, 2288, 2385, 2286, 2386, 2587, 2488, 2389, 2486, 2487, 2388",11
"2388",2388,"2288, 2387, 2188, 2289, 2386, 2588, 2390, 5418, 6435, 2488, 2389",11
"2389",2389,"2289, 2388, 776, 2189, 2288, 2290, 2387, 2589, 2490, 2391, 2488, 2489",12
"2390",2390,"2290, 2190, 2289, 2291, 2388, 2590, 2491, 2392, 2489, 7903, 2490, 2391, 6389",13
"2391",2391,"2291, 2390, 1942, 2292, 2389, 2591, 2492, 2393, 2490, 5992, 2491, 2392",12
"2392",2392,"2391, 2192, 2291, 2293, 2390, 2592, 2493, 2394, 2491, 2492, 2393",11
"2393",2393,"2293, 2392, 1375, 2193, 2391, 2292, 2593, 2494, 3333, 2492, 2493, 9239",12
"2394",2394,"2294, 2194, 2295, 2392, 9495, 2594, 2396, 3577, 8168, 2494",10
"2395",2395,"2195, 2294, 2296, 2595, 2496, 2397, 2494, 3278, 2396, 6762",10
"2396",2396,"2296, 2111, 2295, 2297, 2394, 2395, 8922, 2596, 2497, 2398, 2397",11
"2397",2397,"983, 2297, 2197, 2298, 2395, 2296, 2396, 2597, 4530, 2399, 2496, 7143, 2497, 2398",14
"2398",2398,"1111, 2298, 2397, 2297, 2299, 2396, 2598, 2499, 2400, 2497, 2498, 2399",12
"2399",2399,"2299, 2398, 2298, 2300, 2397, 9443, 9380, 2500, 2498, 6266, 2499, 2400",12
"2400",2400,"2300, 2399, 527, 2200, 2299, 2398, 8481, 2499, 3290, 4956",10
"2401",2401,"2301, 2201, 9251, 2601, 2413, 2403, 2501, 2402",8
"2402",2402,"2302, 2401, 2202, 870, 2303, 2602, 2503, 2404, 7334, 6443, 2403",11
"2403",2403,"1610, 2303, 2402, 2203, 2302, 2401, 1152, 2504, 2405, 2502, 8618, 2503, 2404",13
"2404",2404,"2304, 2403, 2305, 2402, 5402, 2604, 2505, 4436, 2503, 3319, 2504, 2405",12
"2405",2405,"2305, 2404, 2205, 2304, 2306, 2403, 7110, 2605, 2506, 2407, 2504, 2406",12
"2406",2406,"2314, 2206, 2305, 2405, 2606, 2408, 2505, 2506, 2407",9
"2407",2407,"2307, 2406, 2207, 2405, 2607, 2508, 4115, 2506, 2507, 2408",10
"2408",2408,"2308, 2407, 2208, 2307, 11, 2406, 950, 2608, 2509, 2507, 2508",11
"2409",2409,"2309, 508, 2310, 5133, 2609, 2510, 2411, 2508, 5572, 2509",10
"2410",2410,"2310, 1679, 2210, 2309, 2311, 2353, 5916, 3090, 2610, 2511, 9762, 2509, 4493, 3618",14
"2411",2411,"2311, 2211, 2310, 2312, 2409, 2611, 2512, 2413, 2510, 3382, 2412",11
"2412",2412,"2312, 2411, 2212, 2311, 2313, 1347, 2612, 8637, 2511, 2512, 2413",11
"2413",2413,"2313, 2412, 2213, 2312, 2314, 2401, 2411, 2415, 2512, 3871, 2414",11
"2414",2414,"2413, 2214, 2313, 1693, 4956, 2614, 2515, 2416, 2908, 2514, 2415",11
"2415",2415,"2315, 2414, 2314, 2413, 7900, 2615, 2516, 2417, 2514, 2515, 2416",11
"2416",2416,"1921, 2415, 2216, 2317, 2414, 2616, 2517, 2418, 2515, 2417",10
"2417",2417,"2317, 2217, 2318, 2415, 2316, 2416, 6090, 2518, 2516, 2517",10
"2418",2418,"2318, 1826, 2218, 2317, 2416, 2618, 2519, 2420, 2517, 2518, 2419",11
"2419",2419,"2319, 2418, 2318, 2320, 8025, 2619, 2520, 2421, 2518, 3813, 7956, 4441, 2420",13
"2420",2420,"2320, 2419, 2182, 2220, 2319, 2321, 2418, 2620, 2521, 2422, 2519, 2520, 2421",13
"2421",2421,"2321, 2420, 1644, 2221, 2320, 2322, 2419, 2621, 2522, 2423, 2520, 8189, 2521, 2422",14
"2422",2422,"2322, 2421, 2321, 2323, 2420, 9701, 2622, 2523, 2424, 2521, 2522, 2423",12
"2423",2423,"2422, 1738, 2322, 2324, 2421, 4899, 3931, 2623, 3914, 2522, 9067, 2523, 2424",13
"2424",2424,"2324, 2423, 1722, 2224, 2323, 2325, 2422, 6734, 2525, 2426, 2523, 3127, 2524, 2425",14
"2425",2425,"2325, 2424, 2324, 2326, 3094, 5341, 2625, 2526, 2427, 8328, 9326, 5547, 2426",13
"2426",2426,"2326, 2425, 2226, 2325, 2327, 2424, 9644, 2527, 2428, 2525, 2526, 2427",12
"2427",2427,"2327, 2426, 2227, 240, 2425, 2326, 2627, 2528, 2429, 2526, 5528, 2614, 2527, 2428",14
"2428",2428,"2328, 2427, 255, 287, 2327, 2329, 2426, 2628, 2529, 2430, 2527, 2429",12
"2429",2429,"2329, 2427, 2328, 2428, 6080, 2629, 2530, 2431, 2528, 5005, 2430",11
"2430",2430,"2330, 2429, 497, 2230, 2428, 6480, 2630, 2531, 2432, 2529, 6467, 2530, 2431",13
"2431",2431,"2331, 2430, 2231, 2330, 2332, 2429, 1340, 3693, 2631, 2532, 2433, 2531, 2432",13
"2432",2432,"2332, 2431, 2232, 2331, 2333, 2430, 8934, 2632, 2533, 2434, 2531, 9429, 2532, 2433",14
"2433",2433,"2432, 2233, 2334, 2431, 952, 2751, 2633, 2534, 2435, 2532, 2533",11
"2434",2434,"2334, 2333, 2432, 3611, 2634, 2535, 2436, 2533, 7172, 2534, 2435",11
"2435",2435,"2335, 2434, 2235, 2334, 2433, 7133, 2635, 2536, 2437, 2534, 8818, 7109, 3509, 2436",14
"2436",2436,"2336, 2435, 2236, 2337, 2434, 2636, 2537, 2438, 2535, 2536, 2437",11
"2437",2437,"2337, 2436, 2237, 2336, 2338, 2435, 3421, 2637, 2538, 2439, 2536, 2537, 2438",13
"2438",2438,"2338, 2437, 2238, 2337, 2339, 2436, 2638, 2537, 2538, 2439",10
"2439",2439,"2339, 2438, 2239, 2338, 2340, 2437, 2639, 2540, 2441, 2538, 6161, 2440",12
"2440",2440,"2340, 2439, 2240, 2339, 2341, 8888, 2640, 2442, 2539, 6856, 8828, 2441",12
"2441",2441,"2341, 2440, 1206, 2340, 2439, 9717, 2542, 7298, 7459, 2541, 2442",11
"2442",2442,"2441, 2242, 2341, 2343, 2440, 2642, 2543, 2444, 2541, 2542, 2443",11
"2443",2443,"1704, 2343, 2353, 2442, 2227, 2243, 2342, 2344, 7315, 2643, 2544, 2445, 2542, 2543, 2444",15
"2444",2444,"2443, 2244, 2343, 2048, 2442, 4804, 2644, 2545, 2446, 2543, 2544, 2445",12
"2445",2445,"2345, 2444, 2245, 2346, 2443, 2645, 2546, 3654, 2544, 2545, 2446",11
"2446",2446,"2346, 2445, 2246, 2345, 2347, 2444, 1203, 4209, 2646, 2547, 2448, 7430, 2546, 2447",14
"2447",2447,"2347, 2446, 2247, 2346, 2348, 8383, 2548, 2449, 5285, 2547, 2448",11
"2448",2448,"2348, 2447, 2347, 2349, 2446, 2648, 2549, 2450, 2547, 2548, 2449",11
"2449",2449,"2349, 2448, 2249, 2348, 2350, 2447, 297, 5943, 4272, 2550, 2451, 2548, 5735, 2549, 2450",15
"2450",2450,"2350, 2449, 2250, 2349, 2351, 2448, 2650, 2551, 2452, 2549, 2550, 2451",12
"2451",2451,"2351, 2450, 2251, 2350, 2352, 2449, 2651, 2453, 2550, 3682, 2452",11
"2452",2452,"1853, 2352, 198, 2252, 2351, 2353, 2450, 2451, 8309, 2652, 2553, 2551, 9817, 2552, 2453",15
"2453",2453,"2452, 2253, 2352, 2451, 4067, 5492, 2653, 7916, 2455, 2552, 2553, 2454",12
"2454",2454,"2354, 2453, 2254, 2353, 2355, 1553, 7921, 2609, 2654, 2555, 2456, 2553, 2554, 2455",14
"2455",2455,"1331, 2454, 2255, 2354, 2356, 2453, 5119, 4427, 2655, 2556, 2457, 2554, 2555, 2456",14
"2456",2456,"2455, 2256, 2355, 2454, 3953, 6225, 2656, 2557, 2458, 2555, 7070, 2556, 2457",13
"2457",2457,"2119, 2357, 2456, 2257, 2358, 2455, 2657, 2558, 2459, 2556, 2557, 2458",12
"2458",2458,"2457, 2258, 2357, 2359, 2456, 3946, 2658, 2460, 2557, 2558, 2459",11
"2459",2459,"1620, 2458, 986, 2259, 2360, 2457, 6612, 2659, 2560, 2461, 9348, 4781, 8040, 2630, 2559",15
"2460",2460,"371, 2260, 2359, 2361, 618, 2458, 467, 2660, 2462, 2559, 2461",11
"2461",2461,"2361, 2460, 2261, 2360, 2362, 2459, 2661, 2562, 2463, 2560, 2561, 2462",12
"2462",2462,"546, 2362, 2461, 2262, 2361, 2363, 2460, 2662, 8692, 2464, 2561, 2562, 2463",13
"2463",2463,"2363, 2462, 2263, 2362, 2364, 2461, 2564, 2465, 7081, 2878, 2464",11
"2464",2464,"2364, 2463, 2264, 2365, 2462, 1006, 2363, 6317, 2664, 2565, 2466, 2563, 2564, 2465",14
"2465",2465,"141, 2365, 2464, 2364, 2366, 2463, 2665, 2566, 2467, 2564, 4620, 2565, 2466",13
"2466",2466,"2366, 2465, 2266, 2365, 688, 2464, 5339, 2567, 2468, 2565, 2566",11
"2467",2467,"2367, 2267, 2366, 2465, 2667, 2568, 2469, 2566, 9932, 2567, 2468, 4756",12
"2468",2468,"2368, 2467, 2268, 2367, 2369, 2466, 2821, 2668, 2569, 2470, 2568, 2469",12
"2469",2469,"2468, 2269, 2368, 2370, 2467, 2669, 2570, 2471, 3158, 2569, 2470",11
"2470",2470,"2370, 2469, 2270, 2369, 2468, 2670, 2472, 2569, 2570, 2471",10
"2471",2471,"2371, 2470, 2271, 2370, 2372, 2469, 838, 2003, 7373, 2473, 2570, 2571",12
"2472",2472,"2372, 701, 2272, 2371, 2373, 270, 2470, 2672, 2474, 6725, 9411, 2572, 2473",13
"2473",2473,"2373, 2472, 2273, 2372, 2374, 2471, 2673, 2574, 4991, 2573",10
"2474",2474,"1242, 1581, 2374, 2274, 2373, 2375, 2472, 8809, 6486, 2674, 2575, 2573, 2574, 2475, 6125",15
"2475",2475,"2474, 2275, 2374, 2376, 5442, 9720, 2675, 2576, 2477, 2574, 3142, 2575, 2476",13
"2476",2476,"2376, 2475, 2276, 2375, 2676, 2577, 2478, 6346, 2477",9
"2477",2477,"2377, 2376, 2378, 2475, 2476, 2677, 2578, 2479, 2576, 2577, 2478",11
"2478",2478,"1954, 2477, 2278, 2379, 2476, 2680, 2678, 2579, 2480, 3734, 2578, 2479",12
"2479",2479,"2379, 2478, 275, 2378, 2380, 2477, 2679, 2580, 2481, 2578, 2579, 2480",12
"2480",2480,"2380, 2479, 662, 2280, 2379, 2381, 2478, 2680, 2581, 2482, 2579, 3426, 2580, 2481",14
"2481",2481,"2381, 2480, 2281, 2380, 2479, 2195, 2185, 2582, 2581, 2482",10
"2482",2482,"2481, 2381, 2480, 7804, 2682, 2583, 2484, 2581, 2582, 2483",10
"2483",2483,"2383, 2482, 2283, 2382, 1227, 8709, 2584, 2485, 2582, 5054, 7302, 5581, 5209",13
"2484",2484,"756, 2383, 2385, 2482, 6288, 8578, 2684, 2585, 2486, 2583, 2584, 2485, 9953",13
"2485",2485,"2385, 2484, 2285, 2384, 2386, 2483, 2685, 2586, 2487, 2584, 2585, 2486",12
"2486",2486,"2485, 2385, 2387, 2484, 7139, 6538, 2606, 2686, 2587, 2488, 5404, 2586, 2487",13
"2487",2487,"2387, 2486, 2287, 2386, 2485, 1615, 5874, 2588, 2489, 2586, 2587",11
"2488",2488,"2388, 2288, 2387, 2389, 2486, 2688, 2589, 2490, 2587, 2588, 2489",11
"2489",2489,"2389, 2488, 2289, 2390, 2487, 2617, 2590, 6122, 2588, 5086, 2589, 2490",12
"2490",2490,"2390, 2489, 2290, 2389, 2391, 2488, 2690, 2591, 2492, 2589, 2590",11
"2491",2491,"2391, 2291, 2390, 2392, 3620, 2691, 2592, 2493, 2590, 2591, 4580",11
"2492",2492,"2392, 2391, 2393, 2490, 556, 9778, 2692, 2494, 8133, 2493, 8814",11
"2493",2493,"2393, 2392, 2491, 2492, 2693, 2594, 2495, 2592, 2757, 2593, 2494",11
"2494",2494,"2394, 2493, 2294, 2393, 2395, 2492, 9894, 2694, 2595, 2496, 2593, 2594, 2495",13
"2495",2495,"2494, 2295, 2150, 2493, 9909, 2695, 2596, 2497, 2594, 8393, 7882, 6547, 2595, 2496",14
"2496",2496,"2495, 2395, 2397, 2494, 7876, 7601, 5883, 2696, 2597, 2498, 2595, 2542, 2596, 2497",14
"2497",2497,"1852, 2397, 2496, 2297, 2396, 2398, 2495, 2697, 2598, 2499, 2596, 8406, 2498",13
"2498",2498,"2398, 2298, 2399, 2496, 2497, 7402, 6269, 2698, 2597, 6914, 6380, 2499",12
"2499",2499,"2399, 2498, 2299, 2398, 2400, 2497, 2922, 2699, 2600, 2599, 2500",11
"2500",2500,"2499, 2300, 2399, 644, 2700, 2782, 2600",7
"2501",2501,"2401, 2301, 2701, 2602, 2503, 6487, 5899, 2601, 2502",9
"2502",2502,"2501, 2302, 2403, 2702, 8712, 2504, 2601, 2602, 2503",9
"2503",2503,"2403, 2502, 2303, 2402, 2404, 2501, 2703, 2604, 2505, 2602, 2603, 2504",12
"2504",2504,"2404, 2503, 2304, 2403, 2405, 2502, 4406, 9335, 2506, 2603, 2604, 2505",12
"2505",2505,"2504, 2404, 2406, 2503, 376, 3028, 7525, 4334, 2606, 4207, 2506",11
"2506",2506,"1795, 2406, 2405, 2407, 2504, 2505, 8473, 2706, 2607, 2508, 9026, 2606",12
"2507",2507,"2407, 2408, 2307, 6031, 2707, 2608, 2509, 3757, 7158, 8119, 2607, 2508, 5956",13
"2508",2508,"2408, 2507, 2308, 2407, 2409, 2506, 2708, 2609, 2607, 2608, 2509",11
"2509",2509,"1431, 2409, 2508, 2309, 2408, 2410, 2507, 6526, 2610, 2511, 2608, 2609, 2510",13
"2510",2510,"1462, 2509, 2310, 2409, 2411, 2710, 2512, 2609, 9674, 2610, 2511",11
"2511",2511,"2510, 2311, 2410, 2412, 2509, 4481, 2843, 2711, 2612, 2513, 2610, 9470, 2611",13
"2512",2512,"2412, 1940, 1867, 2312, 2411, 2413, 2510, 9683, 4084, 2712, 7680, 2514, 2611, 2837, 2612, 2513",16
"2513",2513,"2512, 2313, 2511, 2713, 2614, 2515, 2612, 2613, 2514",9
"2514",2514,"2414, 2513, 1484, 2314, 2415, 2512, 1869, 7021, 2615, 2516, 4773, 2614, 2515",13
"2515",2515,"2415, 2514, 2315, 2414, 2416, 2513, 8288, 2616, 2517, 2614, 2867, 6241, 2516",13
"2516",2516,"2515, 2415, 2417, 2514, 238, 2978, 3642, 7899, 2617, 2518, 2615, 2616, 2517",13
"2517",2517,"2417, 2516, 2317, 2416, 2418, 2515, 7837, 2717, 2519, 2616, 6034, 2617",12
"2518",2518,"2418, 2318, 2417, 2419, 2516, 2619, 2520, 2617, 2519, 7082",10
"2519",2519,"29, 2319, 2418, 2420, 2517, 2518, 9509, 3550, 2719, 2620, 2521, 2618, 2619, 2520",14
"2520",2520,"2420, 2519, 2320, 2419, 2421, 2518, 7423, 2720, 2621, 2522, 2619, 2620, 2521",13
"2521",2521,"2421, 2520, 2321, 2420, 2422, 2519, 1215, 2622, 8684, 2620, 2621, 2522",12
"2522",2522,"2422, 2521, 2322, 2421, 2423, 2520, 2722, 2623, 2524, 2621, 9058, 4570, 2622, 2523",14
"2523",2523,"1777, 2423, 2522, 2323, 2422, 2424, 2723, 2525, 2622, 4804, 2623, 2524",12
"2524",2524,"2424, 2523, 2324, 2522, 3296, 4122, 2526, 2623, 2624",9
"2525",2525,"2325, 2382, 2426, 2523, 2424, 2725, 2626, 2527, 2624, 2625, 2526, 6309",12
"2526",2526,"2426, 2525, 2425, 2427, 2524, 735, 8264, 2627, 2528, 2625, 4759, 2527",12
"2527",2527,"2427, 2526, 2327, 2428, 2525, 1003, 2426, 6063, 2727, 2529, 2626, 3999, 2627, 2528",14
"2528",2528,"2527, 2427, 2429, 2526, 8656, 9616, 2728, 2629, 2530, 2627, 3931, 2628, 7142",13
"2529",2529,"2329, 2428, 2430, 2527, 7627, 2729, 2630, 2531, 2628, 2629, 2530",11
"2530",2530,"2430, 2529, 2330, 2429, 2528, 2730, 2631, 2532, 2629, 2630, 2531",11
"2531",2531,"2431, 2530, 2331, 2430, 2432, 2529, 2731, 2632, 2533, 2630, 2820, 2631, 2532",13
"2532",2532,"2432, 2531, 2431, 2433, 2530, 9191, 2732, 2633, 2534, 2631, 2632",11
"2533",2533,"17, 2433, 2333, 2432, 2434, 2531, 6439, 2733, 2634, 2535, 6483, 3074",12
"2534",2534,"2434, 2334, 2433, 2435, 2532, 2734, 2635, 2633, 3383, 2634, 2535, 4619",12
"2535",2535,"2534, 395, 1315, 2335, 2434, 2436, 2533, 2735, 2636, 2634, 2635",11
"2536",2536,"2436, 2336, 2435, 2437, 2736, 2538, 2635, 9463, 2636",9
"2537",2537,"2437, 2337, 2436, 2438, 1389, 2737, 2638, 2539, 8943, 2637, 6569",11
"2538",2538,"2438, 1218, 2338, 2437, 2439, 2536, 6132, 2738, 2639, 2540, 2638, 2539, 2696",13
"2539",2539,"2538, 2339, 2440, 2537, 2739, 2640, 2541, 2638, 9758, 2639",10
"2540",2540,"2340, 2439, 2538, 9009, 6543, 2740, 7078, 2542, 2639, 9240, 2640, 2541, 4180",13
"2541",2541,"2441, 2540, 2341, 2442, 2539, 2741, 2642, 2543, 2640, 9294, 2641",11
"2542",2542,"2442, 2342, 2443, 2540, 2441, 2496, 3039, 2643, 2544, 2641, 9319, 7506",12
"2543",2543,"2443, 2343, 2442, 2444, 2541, 6070, 5625, 4219, 5528, 2545, 2642, 2643, 2544",13
"2544",2544,"2444, 2543, 2344, 2443, 2445, 2542, 4025, 2744, 2645, 2546, 2643, 2644, 2545",13
"2545",2545,"2445, 2544, 2345, 2444, 2543, 2745, 2646, 2547, 2644, 2645, 2546",11
"2546",2546,"2446, 2545, 1871, 2346, 2445, 1618, 2544, 6314, 2746, 2647, 2548, 2645, 2646, 2547",14
"2547",2547,"2447, 2546, 2347, 2446, 2448, 2545, 2747, 2549, 2646, 6710, 6528, 2647, 2548",13
"2548",2548,"2448, 2547, 2348, 2447, 2449, 2546, 2748, 2649, 2550, 2647, 2648, 2549",12
"2549",2549,"2449, 2548, 2349, 2448, 2450, 2547, 2749, 2650, 2551, 2648, 2649, 2550",12
"2550",2550,"2450, 2549, 2350, 2449, 2451, 2548, 773, 2750, 2552, 2649, 2650",11
"2551",2551,"2351, 2450, 2452, 2549, 4519, 2751, 2652, 2553, 2650, 2651, 2552",11
"2552",2552,"2452, 2551, 2352, 1604, 2453, 2550, 1131, 2653, 2554, 2651, 2652",11
"2553",2553,"2453, 2353, 2452, 2454, 2551, 2753, 2654, 2555, 2652, 2653, 4331, 4044",12
"2554",2554,"2454, 2354, 2455, 2552, 2754, 2655, 2556, 2653, 2555",9
"2555",2555,"2455, 310, 2355, 2454, 2456, 2553, 2554, 4802, 2656, 2557, 2654, 2556",12
"2556",2556,"2456, 2455, 2457, 2554, 2555, 3930, 2756, 2657, 2558, 2655, 2656, 2557",12
"2557",2557,"2457, 2556, 2357, 2456, 2458, 2555, 7879, 2757, 2658, 2559, 3762, 2657, 9370",13
"2558",2558,"2458, 2457, 2556, 5429, 2758, 2659, 2560, 2657, 2658, 2559",10
"2559",2559,"2459, 2558, 1385, 2359, 2460, 2557, 2759, 2660, 2561, 2658, 9057, 2659, 2560",13
"2560",2560,"2559, 2360, 2459, 2461, 2558, 2760, 2661, 2562, 7358, 2660, 2561",11
"2561",2561,"2461, 2560, 2361, 2462, 2559, 5086, 2761, 2662, 2563, 2660, 7394, 2661, 2562",13
"2562",2562,"2462, 2561, 2362, 2461, 2560, 3947, 2663, 9854, 2661, 2662, 2563",11
"2563",2563,"2562, 1053, 2464, 2561, 8035, 8440, 8458, 3520, 2763, 2664, 2565, 2662, 2663",13
"2564",2564,"2464, 2364, 2463, 2465, 8679, 2665, 2566, 2663, 3636, 2664, 2565",11
"2565",2565,"2465, 2564, 1622, 2365, 2464, 2466, 2563, 2765, 2666, 2567, 2664, 2665, 2566",13
"2566",2566,"2466, 2565, 2366, 2465, 2467, 2564, 2766, 2667, 2568, 2665, 4824, 2567",12
"2567",2567,"2467, 2367, 2466, 2565, 2566, 9416, 2767, 2668, 2569, 2666, 7211, 2667",12
"2568",2568,"2468, 2368, 2467, 2566, 9480, 2768, 2669, 2935, 2667, 9075, 2668, 2569, 4030",13
"2569",2569,"2469, 2568, 2369, 2468, 2470, 2567, 2769, 2670, 9299, 2668, 9839, 2669, 2570",13
"2570",2570,"2470, 2569, 2370, 2469, 2471, 4442, 2770, 2671, 2572, 2669, 2894, 2670, 7807",13
"2571",2571,"2471, 2371, 1116, 2771, 2573, 2670, 9493, 2572",8
"2572",2572,"2472, 2372, 2570, 2571, 7752, 2772, 2673, 2671, 3242, 2672, 2573",11
"2573",2573,"2473, 2572, 2373, 2474, 2571, 2773, 2674, 2575, 2672, 6249, 2673, 2574",12
"2574",2574,"2474, 2573, 2374, 2473, 2475, 3669, 2774, 2675, 2576, 3446, 2674, 9397",12
"2575",2575,"2475, 2375, 2474, 1446, 2573, 2775, 2676, 2674, 2675, 2576",10
"2576",2576,"2575, 2475, 2477, 2574, 9318, 2776, 2677, 2578, 2675, 2676, 2577",11
"2577",2577,"2477, 2576, 2377, 2476, 1868, 4554, 2845, 2777, 2678, 2579, 9714, 2578",12
"2578",2578,"2478, 2577, 2378, 2477, 2479, 2576, 8844, 2679, 8340, 2677, 2579",11
"2579",2579,"2479, 2578, 2356, 2379, 2478, 2480, 2577, 2680, 2581, 2678, 2679",11
"2580",2580,"1287, 2480, 1866, 1678, 2380, 2479, 2780, 2582, 2679, 2680, 4644",11
"2581",2581,"2481, 2381, 2480, 2482, 2579, 2781, 2583, 2680, 2681, 2582",10
"2582",2582,"2482, 2581, 2072, 2382, 2481, 2483, 2580, 7227, 7835, 2683, 4565, 2681, 6083, 2682, 2583",15
"2583",2583,"2582, 2069, 2383, 2482, 2484, 2581, 5999, 2783, 2684, 2585, 2682, 2683, 2584",13
"2584",2584,"2484, 2583, 2384, 2483, 2485, 7152, 2685, 2586, 4010, 6481, 2684, 2585",12
"2585",2585,"2485, 2584, 2385, 2484, 2583, 2785, 2686, 2587, 2684, 6076, 2586",11
"2586",2586,"2486, 2585, 2485, 2487, 2584, 6472, 2786, 2687, 2588, 2685, 2587",11
"2587",2587,"2487, 2387, 2486, 2488, 2585, 2586, 2787, 2688, 2589, 2686, 2687, 4547",12
"2588",2588,"2488, 2388, 2489, 2586, 2487, 2689, 2590, 2687, 2688",9
"2589",2589,"2489, 2389, 2488, 2490, 2587, 2789, 2690, 2591, 2688, 2689, 8263",11
"2590",2590,"2490, 2390, 2489, 2491, 2588, 9527, 6214, 4455, 3622, 2790, 2691, 2592, 2690, 2591, 6184",15
"2591",2591,"2491, 2590, 2391, 2490, 595, 2589, 2791, 2692, 2593, 2690, 5461, 2592",12
"2592",2592,"2392, 2491, 2493, 2590, 2591, 6166, 6438, 2693, 2594, 2691, 2692, 2593",12
"2593",2593,"2493, 2592, 513, 2393, 2494, 2591, 2694, 2595, 2692, 2693, 2594",11
"2594",2594,"2494, 2593, 2394, 2493, 2495, 2592, 9383, 6921, 2794, 2695, 2596, 2694, 2595",13
"2595",2595,"2495, 2594, 2395, 2494, 2496, 2593, 2795, 2597, 2694, 2695, 2596",11
"2596",2596,"2496, 2595, 2396, 2495, 2497, 2594, 6115, 2796, 5817, 2598, 2695, 2696, 2597",13
"2597",2597,"2596, 2397, 2496, 2498, 2595, 1157, 5645, 2797, 2698, 2696, 2697, 2598",12
"2598",2598,"2597, 2398, 2497, 2596, 3365, 2798, 2600, 2697, 9149, 4320, 2599",11
"2599",2599,"2499, 2598, 1342, 2799, 2700, 2698, 6836, 7680, 2699, 2600",10
"2600",2600,"2500, 2599, 2499, 2598, 9886, 6100, 3007, 2800, 2699, 2810",10
"2601",2601,"2501, 2401, 2502, 9884, 9320, 2801, 2702, 2603, 2701, 2602",10
"2602",2602,"356, 2502, 2601, 2402, 2501, 2503, 2802, 2703, 2604, 2701, 6316, 4578, 2702, 2603",14
"2603",2603,"2503, 2602, 2504, 2601, 93, 170, 9839, 8116, 2803, 2704, 2605, 2702, 9690, 5399, 9484",15
"2604",2604,"2504, 2404, 2503, 2602, 2762, 2804, 2705, 2703, 2704, 2605",10
"2605",2605,"2604, 2405, 2603, 2805, 2706, 2607, 2704, 2705, 2606, 3170",10
"2606",2606,"2506, 2605, 2406, 2505, 2486, 4282, 2806, 2608, 2705, 4426, 2706",11
"2607",2607,"2507, 353, 2407, 2506, 2508, 2605, 2807, 2708, 2706, 2707, 8364",11
"2608",2608,"2508, 2408, 2507, 2509, 2606, 5527, 2808, 2709, 2610, 7518, 2708, 2609, 8701",13
"2609",2609,"2509, 2608, 2409, 2508, 2510, 97, 2454, 6427, 2809, 2611, 2708, 2709, 2610",13
"2610",2610,"437, 2510, 2609, 2410, 2509, 2511, 2608, 2711, 2612, 4542, 2710, 2611",12
"2611",2611,"2511, 2610, 2411, 2512, 2609, 6537, 2712, 2613, 2710, 8319, 2711, 2612",12
"2612",2612,"2512, 2611, 2412, 2511, 2513, 2610, 1877, 2812, 2713, 2711, 2712, 2613",12
"2613",2613,"2513, 2612, 2611, 2714, 2615, 2712, 5576, 2713",8
"2614",2614,"2514, 2414, 2513, 2515, 2427, 2715, 2616, 2713, 8323, 7383, 2714, 6373",12
"2615",2615,"2415, 2516, 2613, 2514, 9669, 5894, 2716, 2714, 6078, 2616",10
"2616",2616,"2516, 2615, 2416, 2515, 2517, 2614, 6313, 2816, 2717, 2716, 2617",11
"2617",2617,"2517, 2616, 2489, 2516, 2518, 2817, 2718, 4480, 2716, 3750, 2717",11
"2618",2618,"2418, 2519, 6116, 3926, 2719, 2620, 5451, 2718, 2619",9
"2619",2619,"2519, 2618, 2419, 2518, 2520, 6816, 2720, 2621, 2718, 2719",10
"2620",2620,"2520, 1720, 2420, 2519, 2521, 2618, 2817, 2721, 2719, 4742, 2720, 6239",12
"2621",2621,"2521, 2421, 2520, 2522, 2619, 6932, 3798, 2821, 2722, 2623, 2720, 5415, 2721",13
"2622",2622,"1676, 2522, 115, 2422, 2521, 2523, 706, 9847, 2822, 2723, 2624, 6727, 2722, 2623",14
"2623",2623,"2523, 2622, 2423, 2522, 2524, 2621, 8987, 2823, 2625, 2722, 2723, 2624",12
"2624",2624,"2524, 2623, 2525, 2622, 4564, 2824, 2725, 2626, 2723, 5963, 7754, 9548, 2724, 2625",14
"2625",2625,"2525, 2624, 2425, 2526, 2623, 2825, 2726, 2627, 2724, 5177, 2725",11
"2626",2626,"2525, 2527, 2624, 8619, 7520, 2826, 2727, 2628, 2725, 2726, 2627, 4640",12
"2627",2627,"2527, 2626, 2427, 2526, 2528, 2625, 2827, 2728, 2629, 2726, 2727, 2628",12
"2628",2628,"2528, 2627, 272, 2428, 2529, 2626, 2828, 2729, 2630, 2727, 2728",11
"2629",2629,"2529, 2429, 2528, 2530, 2627, 4519, 6694, 2730, 2728, 7256",10
"2630",2630,"119, 2530, 2459, 2430, 2529, 2531, 2628, 6075, 2830, 2731, 2632, 2729, 2730, 2631",14
"2631",2631,"324, 2531, 2630, 2431, 2530, 2532, 1333, 1091, 6838, 2732, 2633, 2730, 6303, 2731",14
"2632",2632,"2532, 2432, 2531, 2630, 8914, 2832, 2733, 2634, 2731, 9909, 2732, 2633, 4274",13
"2633",2633,"2632, 2433, 2532, 2534, 2631, 6485, 2833, 2734, 2635, 2732, 2733, 2634",12
"2634",2634,"2633, 2434, 2533, 2535, 2632, 2534, 2834, 2735, 2636, 2733, 7428, 8772",12
"2635",2635,"2535, 2435, 2534, 2536, 2633, 2835, 2736, 2637, 2734, 2735, 2636",11
"2636",2636,"1465, 2536, 2635, 2436, 2535, 2634, 2836, 2737, 2638, 2735, 7670, 4516, 2736, 2637",14
"2637",2637,"2537, 2636, 2437, 1570, 2635, 2837, 2738, 2639, 3914, 2737, 2638",11
"2638",2638,"2538, 2637, 2438, 2537, 2539, 2636, 4503, 4269, 2838, 2739, 2640, 2737, 2738, 2639",14
"2639",2639,"2539, 2638, 2439, 2538, 2540, 2637, 1897, 2839, 2740, 4665, 2738, 7551",12
"2640",2640,"2540, 2440, 2539, 2541, 2638, 2741, 2642, 2739, 2740, 2641",10
"2641",2641,"2541, 2640, 2542, 9678, 2742, 2643, 7284, 2741, 2642",9
"2642",2642,"2641, 2442, 2541, 2543, 2640, 5021, 2842, 5946, 2644, 4045",10
"2643",2643,"2543, 2443, 2542, 2544, 2641, 5860, 2744, 2645, 2742, 2743, 2644, 9859",12
"2644",2644,"2544, 2643, 1857, 2444, 2545, 2642, 9280, 2844, 4000, 2646, 2743, 2744, 2645",13
"2645",2645,"2545, 2644, 2445, 2544, 2546, 2643, 8267, 2944, 2845, 2746, 2647, 2744, 7375, 4061, 2745",15
"2646",2646,"2546, 2446, 2545, 2547, 2644, 2747, 2648, 2745, 2746, 6437",10
"2647",2647,"2547, 286, 2546, 2548, 2645, 2748, 2649, 2746, 2747",9
"2648",2648,"2548, 2448, 2549, 2646, 2848, 2650, 9665, 9592, 5786, 3895, 2748, 8403",12
"2649",2649,"2549, 1670, 2548, 2550, 2647, 2849, 2750, 4421, 2748, 2749, 2650, 6772",12
"2650",2650,"2550, 2649, 2450, 2549, 2551, 2648, 2850, 2751, 2652, 2749, 2750, 2651",12
"2651",2651,"2551, 2650, 2451, 1581, 2552, 50, 2851, 2752, 2653, 2750, 2751",11
"2652",2652,"2552, 2452, 2551, 2553, 2650, 2852, 2654, 2752, 2653, 3433",10
"2653",2653,"2553, 2652, 2453, 2552, 2554, 2651, 1342, 2853, 2655, 2752",10
"2654",2654,"2454, 2553, 2555, 2652, 2817, 3490, 2854, 2755, 2656, 2753, 2754, 2655",12
"2655",2655,"2654, 2455, 2554, 2556, 2653, 1553, 6151, 2855, 2657, 2754, 2656",11
"2656",2656,"2556, 2655, 2456, 2555, 2654, 2856, 2797, 2658, 2755, 2756",10
"2657",2657,"2557, 2457, 2556, 2558, 2655, 4012, 2857, 2758, 2659, 2756, 2757, 2658, 4227",13
"2658",2658,"2558, 2657, 2458, 2557, 2559, 2656, 2858, 2660, 2757, 2758",10
"2659",2659,"2559, 2138, 2459, 2558, 2657, 9329, 2859, 2760, 2661, 2758, 2759, 2660, 4868",13
"2660",2660,"2560, 2659, 1084, 2460, 2559, 2561, 2658, 6503, 5648, 2761, 2662, 2759, 8277, 2661",14
"2661",2661,"2561, 2660, 2461, 2560, 2562, 2659, 5257, 2861, 2762, 2760, 2761, 2662",12
"2662",2662,"2661, 2462, 2561, 2563, 2660, 2562, 2862, 2664, 2761, 2762, 2663",11
"2663",2663,"2563, 2662, 1419, 2562, 2564, 258, 2863, 2764, 2665, 2762, 4827, 2763, 2664",13
"2664",2664,"2564, 2663, 2464, 2563, 2565, 2662, 7254, 2864, 2765, 2666, 2763, 6476, 3615, 2764, 2665",15
"2665",2665,"2565, 2664, 2465, 2564, 2566, 2663, 2865, 2766, 2667, 2764, 2765, 2666",12
"2666",2666,"2665, 2565, 2567, 2664, 9009, 2866, 2767, 2668, 2765, 2766, 2667, 8004",12
"2667",2667,"2567, 2666, 2467, 2566, 2568, 2665, 9539, 2768, 6418, 2766, 2767, 2668",12
"2668",2668,"2568, 2667, 2468, 2567, 2569, 2666, 2868, 2769, 2670, 2767, 7622, 2768",12
"2669",2669,"2569, 2469, 2568, 2570, 2869, 2770, 2671, 2768, 2769, 2670, 3080",11
"2670",2670,"2570, 2669, 2470, 2569, 2571, 2668, 2870, 4980, 2672, 5251, 9267, 2671",12
"2671",2671,"2670, 2570, 2572, 2669, 5449, 6481, 2871, 2772, 2673, 2770, 6908, 2771, 2672",13
"2672",2672,"2572, 2671, 2472, 2573, 2670, 1984, 7246, 2872, 2674, 2771, 3968, 2772, 2673",13
"2673",2673,"2573, 2672, 1225, 2473, 2572, 2671, 6881, 2873, 2774, 2675, 2772, 8185, 2773, 2674",14
"2674",2674,"2574, 2673, 2474, 2573, 2575, 2672, 1493, 7880, 2874, 2775, 2773, 4603, 2774",13
"2675",2675,"2575, 2475, 2574, 2576, 2673, 9915, 8742, 7037, 2875, 2776, 2677, 7736, 2775, 2676, 6187",15
"2676",2676,"2576, 2675, 2476, 2575, 9641, 2876, 2777, 2678, 2775, 2677",10
"2677",2677,"2477, 2576, 2578, 2675, 2676, 3257, 8656, 2778, 2679, 2777, 2678",11
"2678",2678,"1906, 2677, 2478, 2577, 2579, 2676, 8569, 2878, 2779, 2680, 2777, 7361, 2778, 2679",14
"2679",2679,"2579, 2678, 2479, 2580, 2677, 2578, 1459, 4300, 2879, 2681, 2778",11
"2680",2680,"2580, 2480, 2581, 2678, 2478, 2579, 2779, 2780, 2681",9
"2681",2681,"2581, 2680, 1221, 2582, 2679, 2881, 2782, 2683, 2780, 3443, 2781, 8079",12
"2682",2682,"2582, 2482, 1912, 2583, 2882, 2783, 2684, 8917, 2683",9
"2683",2683,"2583, 2682, 2582, 2681, 9938, 6326, 2883, 2784, 2685, 2783, 2684",11
"2684",2684,"2584, 2683, 2484, 2583, 2585, 2682, 5438, 2884, 2785, 2783, 2784, 2685",12
"2685",2685,"2684, 2485, 2584, 2586, 2683, 2885, 2786, 2687, 6544, 2785, 2686",11
"2686",2686,"2685, 2486, 2585, 2587, 2109, 108, 2886, 2688, 2785, 2786, 5471, 6743",12
"2687",2687,"2587, 2586, 2588, 2685, 4319, 2887, 2788, 2689, 2786, 2787, 7928",11
"2688",2688,"2588, 2488, 2587, 2589, 2686, 4344, 2888, 2789, 2690, 2788, 2689",11
"2689",2689,"2589, 2688, 2588, 2687, 2018, 6589, 2889, 2790, 2691, 3015, 2690",11
"2690",2690,"2590, 2689, 2490, 2589, 2591, 2688, 2890, 2791, 2692, 2789, 2790, 2691",12
"2691",2691,"2690, 2491, 2590, 2592, 2689, 4759, 2891, 2792, 2790, 2791, 2692",11
"2692",2692,"2592, 2691, 1452, 2492, 2591, 2593, 2690, 2892, 2793, 3241, 2791, 2693",12
"2693",2693,"2593, 2692, 2493, 2592, 4580, 2893, 2794, 2695, 9565, 2793, 2694",11
"2694",2694,"2594, 2693, 2494, 2593, 2595, 2894, 2795, 2696, 2793, 6629, 2794, 2695",12
"2695",2695,"594, 2595, 2694, 2495, 2594, 2596, 2693, 6285, 6333, 2796, 2697",11
"2696",2696,"2538, 2596, 2496, 1307, 2597, 2694, 2896, 2797, 2698, 2795, 2796, 2697, 6191",13
"2697",2697,"2597, 2696, 2497, 2598, 2695, 2897, 2798, 2699, 2796, 2797, 8120",11
"2698",2698,"1446, 2498, 2597, 2599, 2696, 566, 2898, 2799, 2700, 2798",10
"2699",2699,"2499, 2124, 2600, 2697, 2599, 2800, 2798, 2700",8
"2700",2700,"2500, 2599, 2698, 2699, 7165, 3132, 2900, 2799, 2800",9
"2701",2701,"2601, 2501, 2602, 2901, 8327, 2703, 9496",7
"2702",2702,"2602, 2502, 2601, 2603, 7230, 2902, 2803, 4421, 2801, 6713, 2802, 2703, 8632",13
"2703",2703,"2702, 2503, 2602, 2604, 2701, 2903, 2804, 2705, 2802, 6241, 2803, 2704",12
"2704",2704,"2604, 2703, 2603, 2605, 2904, 2805, 2706, 2803, 8740, 4926",10
"2705",2705,"2605, 2604, 2606, 2703, 2905, 2806, 2707, 5367, 2805, 2706",10
"2706",2706,"2606, 2705, 2506, 2605, 2607, 2704, 2906, 2807, 2708, 2805, 2806, 2707",12
"2707",2707,"2607, 2706, 2507, 2244, 2705, 6839, 2907, 2808, 2709, 2806, 2807, 2708",12
"2708",2708,"2608, 2707, 2121, 2508, 2607, 2609, 2706, 2908, 2809, 2710, 2807, 8946, 2808, 2709",14
"2709",2709,"2609, 2708, 2608, 2707, 2909, 2810, 2711, 2808, 2809",9
"2710",2710,"2610, 2510, 2611, 2708, 6242, 2910, 2811, 2712, 7708, 2810, 2711, 7183",12
"2711",2711,"2611, 2710, 2511, 2612, 2709, 1157, 2610, 2911, 2812, 2810, 7463, 2811, 2712",13
"2712",2712,"2612, 2711, 2512, 2611, 2613, 2710, 1987, 9018, 4770, 3888, 2813, 2714, 2811, 5355, 2713",15
"2713",2713,"2613, 2712, 2513, 2612, 2614, 5350, 2913, 2814, 2715, 2812, 2813, 2714",12
"2714",2714,"2614, 2713, 2615, 2712, 2613, 547, 5330, 2914, 2815, 2716, 2715",11
"2715",2715,"2714, 2614, 2713, 1553, 2936, 2816, 2717, 5144, 2815, 2716",10
"2716",2716,"2616, 2715, 2617, 2714, 2615, 5290, 2916, 2718, 2815, 9051, 2816, 2717",12
"2717",2717,"1871, 2617, 2716, 2517, 2616, 2198, 2715, 8067, 2917, 2818, 2719, 3246, 2817",13
"2718",2718,"2618, 456, 2617, 2619, 2716, 821, 9723, 8389, 8297, 5156, 2819, 2720, 2817, 2818, 5795, 9858",16
"2719",2719,"922, 2619, 309, 2519, 2618, 2620, 2717, 2820, 2721, 2818, 2819, 2720",12
"2720",2720,"2620, 2719, 2272, 2520, 2619, 2621, 2718, 2920, 2821, 2722, 2819, 2721",12
"2721",2721,"2621, 2720, 2719, 2620, 9538, 2921, 2822, 2723, 2820, 2821, 2722",11
"2722",2722,"2622, 2721, 2522, 2621, 2623, 2720, 2922, 2823, 2724, 2821, 2822, 2723",12
"2723",2723,"2623, 2722, 2523, 2622, 2624, 2721, 3176, 2725, 2822, 2823, 2724",11
"2724",2724,"2098, 2624, 2723, 678, 2625, 2722, 6880, 5928, 2924, 2825, 2726, 2823, 8772, 7275, 2725",15
"2725",2725,"1684, 2625, 2724, 2525, 2624, 2626, 2723, 2925, 2826, 7816, 2824, 8253, 2825, 2726",14
"2726",2726,"2626, 2725, 2625, 2627, 2724, 8087, 4192, 2926, 2827, 9720, 2825, 2826, 2727",13
"2727",2727,"2627, 2726, 2527, 2626, 2628, 8747, 2828, 2729, 2826, 2827",10
"2728",2728,"2628, 2528, 2627, 2629, 9195, 3658, 2829, 2730, 2827, 2828, 2729, 9526",12
"2729",2729,"880, 2728, 2529, 2628, 2630, 2727, 160, 2223, 2830, 2731, 2828, 2829",12
"2730",2730,"2630, 2530, 2629, 2631, 2728, 2061, 4111, 2930, 2831, 2829, 2830, 2731",12
"2731",2731,"2631, 2730, 1651, 2531, 2630, 2632, 2729, 9261, 8623, 7991, 2931, 2832, 2733, 2831, 2732",15
"2732",2732,"2632, 2731, 2532, 2631, 2633, 2932, 2833, 2734, 2831, 6003, 8993, 2733",12
"2733",2733,"2633, 2732, 2533, 2632, 2634, 2731, 124, 6958, 2933, 2834, 2735, 2832, 2734",13
"2734",2734,"2733, 2534, 2633, 2635, 2732, 7709, 2835, 2736, 2833, 8947, 2834, 2735",12
"2735",2735,"2635, 2734, 2076, 2535, 2634, 2636, 2733, 2935, 2836, 8753, 2834, 2835, 2736",13
"2736",2736,"2636, 2735, 2091, 2536, 2635, 2734, 2936, 2837, 2738, 2835, 2737",11
"2737",2737,"2637, 2015, 2537, 2636, 2638, 1197, 2736, 2937, 2838, 2739, 2836, 2738",12
"2738",2738,"2638, 2737, 2538, 2637, 2639, 2736, 8268, 6906, 3426, 2938, 2839, 2740, 2837, 2838, 2739",15
"2739",2739,"2738, 1405, 2539, 2638, 2640, 2737, 9931, 2939, 2840, 2741, 5170, 7482, 2839, 2740",14
"2740",2740,"2640, 2739, 2540, 2639, 2738, 1951, 2841, 2742, 2839, 2840, 2741",11
"2741",2741,"2641, 2740, 2541, 2739, 2640, 9026, 2941, 2842, 2743, 2840, 7225, 2841",12
"2742",2742,"1102, 2641, 2643, 2740, 4673, 8697, 7601, 2942, 2843, 2744, 2841, 2842, 2743, 4504",14
"2743",2743,"2643, 2742, 1831, 2644, 2741, 3686, 2844, 2745, 2842, 2843, 2744",11
"2744",2744,"2644, 2743, 2544, 2645, 2742, 2643, 9408, 2845, 2746, 2843, 2844, 2745",12
"2745",2745,"2645, 2744, 2545, 2646, 2743, 3453, 4078, 2945, 2846, 2747, 2844, 6446, 2746",13
"2746",2746,"2646, 2745, 1968, 2546, 2645, 2647, 2744, 2946, 2847, 2748, 2845, 2846, 2747",13
"2747",2747,"942, 2647, 2746, 1422, 2547, 2745, 1349, 2646, 2947, 2848, 2749, 2846, 7365, 2847, 2748",15
"2748",2748,"2648, 2747, 2548, 2647, 2649, 2746, 2948, 2849, 2750, 2847, 2848, 2749",12
"2749",2749,"2649, 2748, 2549, 2650, 2747, 2949, 2850, 2751, 7506, 2849, 2750",11
"2750",2750,"2650, 2749, 2550, 2649, 2651, 2748, 2950, 2851, 2752, 4583, 2850, 2751",12
"2751",2751,"2651, 2750, 2551, 2650, 2433, 2749, 2951, 2852, 2753, 7229, 2851, 2752",12
"2752",2752,"2652, 2751, 2651, 2653, 2750, 2952, 2754, 2851, 2852, 2753",10
"2753",2753,"2752, 2553, 2654, 2751, 2144, 3288, 7757, 5348, 2953, 2854, 2852, 4621, 2853, 2754",14
"2754",2754,"2654, 2753, 2554, 2655, 2752, 7192, 2954, 8608, 2756, 2853, 3717, 2854, 2755",13
"2755",2755,"2754, 2654, 2656, 2955, 2856, 2757, 2854, 2855, 2756",9
"2756",2756,"2656, 2755, 2556, 2657, 2754, 696, 1111, 2855, 3963, 7683, 2856, 2757",12
"2757",2757,"2657, 2756, 2557, 2658, 2755, 2012, 2493, 2858, 7043, 2758",10
"2758",2758,"2658, 2757, 2558, 2657, 2659, 2958, 2859, 2760, 2857, 6325",10
"2759",2759,"2659, 2559, 847, 2660, 837, 2959, 2860, 2761, 2858, 2859, 2760",11
"2760",2760,"135, 2759, 1022, 2560, 2659, 2661, 2758, 5698, 4290, 2960, 7867, 2762, 2859, 3380",14
"2761",2761,"1575, 2661, 2561, 2660, 2662, 2759, 6656, 2961, 2862, 2763, 2860, 9325, 2762",13
"2762",2762,"2662, 2761, 841, 2661, 2663, 2760, 2604, 2962, 2863, 2764, 2862, 2763",12
"2763",2763,"2663, 2762, 2563, 2664, 2761, 7972, 2963, 2864, 2765, 9766, 2863, 2764",12
"2764",2764,"2664, 2763, 2663, 2665, 2762, 174, 2964, 2865, 2863, 7720, 4555, 2765",12
"2765",2765,"2665, 2764, 2565, 2664, 2666, 2763, 2965, 5204, 2767, 2864, 4254, 2766, 9330",13
"2766",2766,"2666, 2765, 2566, 2665, 2667, 8177, 2867, 2768, 2865, 3228, 2866, 2767",12
"2767",2767,"2667, 2766, 2567, 2666, 2668, 2765, 5992, 2967, 2868, 2769, 2866, 2867, 2768",13
"2768",2768,"2668, 2767, 489, 2568, 2667, 2669, 2766, 2968, 2869, 2770, 2867, 2868, 2769",13
"2769",2769,"2669, 2768, 2569, 2668, 2767, 9853, 2870, 2771, 2869, 2770",10
"2770",2770,"2769, 2570, 2669, 2671, 2768, 2970, 2871, 2772, 8669, 2870, 2771",11
"2771",2771,"2671, 2770, 2571, 2672, 2769, 2971, 2872, 2773, 2870, 2772",10
"2772",2772,"2672, 1401, 2572, 2671, 2673, 2770, 2771, 6516, 2972, 2873, 2774, 2871, 2872, 2773",14
"2773",2773,"2673, 2772, 2573, 304, 2674, 2771, 2973, 2874, 2775, 2872, 2873, 2774",12
"2774",2774,"2674, 2773, 2574, 2673, 2772, 6137, 2974, 2875, 2776, 2873, 6761, 2874",12
"2775",2775,"2675, 2575, 2674, 2676, 2773, 2975, 2876, 2777, 2874, 2875, 2918",11
"2776",2776,"2576, 2675, 2774, 9426, 5303, 3782, 2976, 9086, 2875, 2777, 5586",11
"2777",2777,"2677, 2776, 2577, 2676, 2678, 2775, 4564, 2977, 2878, 2779, 9288, 2877, 2778",13
"2778",2778,"2678, 2777, 2677, 2679, 6694, 2978, 2879, 2780, 2877, 2878, 2779",11
"2779",2779,"2778, 1475, 2678, 2777, 2680, 8814, 5904, 2979, 2781, 7166, 2879, 8940",12
"2780",2780,"2680, 2580, 697, 2681, 2778, 2980, 3454, 2782, 2879, 2880, 2781",11
"2781",2781,"1621, 2681, 2780, 2581, 2054, 2779, 2882, 2880, 9888, 5216, 2881",11
"2782",2782,"2500, 2681, 1631, 2780, 2982, 2883, 2945, 2881, 2882, 2783, 8370",11
"2783",2783,"192, 2683, 2782, 2583, 2682, 2684, 2983, 2884, 2785, 2882, 2971, 3960, 2883, 2784",14
"2784",2784,"2684, 2783, 260, 949, 2683, 2885, 2786, 2884, 9471",9
"2785",2785,"2685, 2585, 2684, 2686, 2783, 9787, 2985, 2886, 2787, 2884, 7462, 2885",12
"2786",2786,"1088, 2686, 2319, 2586, 2685, 2687, 2784, 2986, 7670, 2788, 2885, 2886, 2787",13
"2787",2787,"2687, 2786, 2587, 1249, 2785, 2987, 2888, 2789, 2886, 2887",10
"2788",2788,"2688, 498, 2687, 2786, 2988, 2889, 2790, 2888, 2789, 8749",10
"2789",2789,"1449, 2788, 2589, 2688, 2690, 2787, 2989, 2791, 2888, 6383, 2889, 2790",12
"2790",2790,"2690, 2789, 1956, 2590, 2689, 2691, 2788, 5171, 2990, 2891, 2792, 2889, 2890, 2791",14
"2791",2791,"2691, 2790, 1112, 2591, 2690, 2692, 2789, 2991, 2892, 2793, 8281, 2792",12
"2792",2792,"1656, 2791, 2691, 2790, 2261, 7213, 9011, 9410, 3796, 2893, 7416, 2891, 4793, 2892",14
"2793",2793,"577, 2693, 2692, 2694, 2791, 1775, 2993, 2894, 2795, 2892, 2893, 2794",12
"2794",2794,"2694, 2793, 2594, 2693, 6050, 2994, 2895, 2796, 2893, 2795",10
"2795",2795,"282, 2595, 2694, 2696, 2793, 2794, 6936, 7927, 2995, 9993, 2797, 2894, 2895, 2796",14
"2796",2796,"2696, 2795, 2596, 2695, 2697, 2794, 2996, 2897, 6691, 4076, 8020, 5321, 2896, 2797",14
"2797",2797,"2697, 2796, 2597, 2656, 2696, 2795, 7980, 6085, 2997, 3474, 2799, 2896, 5804, 2897, 2798",15
"2798",2798,"2698, 2797, 2598, 2697, 2699, 483, 3595, 2998, 2899, 2800, 2898, 2799",12
"2799",2799,"2798, 2599, 2698, 2700, 2797, 2999, 4111, 2898, 5283, 3099, 2899, 2800, 6829",13
"2800",2800,"2700, 2799, 2600, 2798, 2699, 3000, 2899, 6103, 2900",9
"2801",2801,"2601, 2702, 3001, 2902, 2803, 2901, 2802",7
"2802",2802,"2702, 2801, 2602, 2703, 3002, 2903, 2804, 2901, 2902, 3634",10
"2803",2803,"2703, 2603, 2702, 2704, 2801, 1684, 2904, 2902, 3409, 2903, 2804",11
"2804",2804,"2803, 2604, 2703, 2802, 5311, 3004, 2905, 2806, 2903",9
"2805",2805,"2705, 2605, 2704, 2706, 1149, 6169, 3005, 2906, 2807, 5240, 2806",11
"2806",2806,"2706, 2805, 2606, 2705, 2707, 2804, 3006, 2907, 2808, 2906, 2807",11
"2807",2807,"72, 2707, 2806, 2607, 2706, 2708, 2805, 1289, 3007, 2908, 2906, 2907, 2808",13
"2808",2808,"2708, 2807, 683, 2608, 2707, 2709, 2806, 940, 7896, 3008, 2909, 2810, 2908, 2809",14
"2809",2809,"2709, 2808, 2609, 2708, 1475, 3329, 3009, 2910, 2810",9
"2810",2810,"2710, 2709, 2711, 2808, 2600, 2809, 9414, 3010, 2911, 2812, 2909, 8364, 2910, 2811",14
"2811",2811,"2711, 2810, 2710, 2712, 3011, 2912, 2813, 2910, 8482, 9940, 2911, 2812",12
"2812",2812,"2811, 2612, 2711, 2713, 2810, 3012, 2913, 2911, 6042, 2813",10
"2813",2813,"2713, 2812, 2712, 2811, 2251, 1859, 6638, 8676, 9128, 7586, 2912, 7110, 2913, 2814",14
"2814",2814,"2813, 359, 2713, 1254, 3014, 2915, 2816, 3117, 8139, 2815",10
"2815",2815,"2715, 2814, 2714, 2716, 3015, 2916, 2817, 7098, 3134, 2915, 2816",11
"2816",2816,"2716, 2815, 2616, 2814, 2715, 2917, 2818, 3057, 2916, 2817",10
"2817",2817,"2654, 2717, 2816, 2617, 2620, 2718, 2815, 7366, 3017, 2918, 2819, 2916, 5963, 2917, 2818",15
"2818",2818,"2718, 2817, 1092, 2717, 2719, 2816, 5238, 2919, 2820, 2917, 3772, 2918, 2819",13
"2819",2819,"2719, 2818, 2718, 2720, 2817, 3019, 2918, 2919, 2820",9
"2820",2820,"2531, 2819, 588, 2719, 2721, 2818, 6862, 9733, 2921, 2822, 2919, 8782, 2920, 2821",14
"2821",2821,"2721, 2820, 2621, 2720, 2722, 2468, 3021, 2922, 2823, 2920, 2921, 2822",12
"2822",2822,"2722, 2821, 2622, 2721, 2723, 2820, 3022, 2923, 8162, 2921, 3911, 2823",12
"2823",2823,"2723, 2822, 1218, 2623, 2722, 2724, 2821, 9032, 3890, 3023, 2924, 2825, 2922, 2824",14
"2824",2824,"1655, 2823, 2624, 2725, 9230, 3024, 2925, 2826, 2923, 9496, 2924, 2825",12
"2825",2825,"2725, 2824, 2625, 2724, 2726, 2823, 3025, 2827, 2924, 2925, 2826",11
"2826",2826,"2726, 2825, 1122, 2139, 2626, 2725, 2727, 2824, 3026, 2927, 2828, 2925, 2926, 2827",14
"2827",2827,"2727, 2826, 2627, 2726, 2728, 2825, 3690, 3027, 2928, 2829, 2926, 6104, 2927",13
"2828",2828,"2728, 1607, 2628, 2729, 2826, 2727, 9758, 8769, 5538, 4883, 3028, 2929, 2830, 2927, 2928",15
"2829",2829,"2729, 1128, 2728, 2730, 2827, 7847, 6114, 3029, 2930, 2831, 2928, 2929, 2830, 6039",14
"2830",2830,"2730, 2829, 98, 2630, 2828, 2729, 3030, 2931, 2832, 2929, 6635, 2930, 2831",13
"2831",2831,"2731, 2830, 2730, 2732, 2829, 3031, 2932, 4996, 2930, 2931, 2832",11
"2832",2832,"2831, 2632, 2731, 2733, 2830, 3032, 2933, 2834, 2931, 2932, 2833",11
"2833",2833,"2832, 2633, 2732, 2734, 3033, 2934, 2835, 2932, 2933",9
"2834",2834,"2734, 2634, 2733, 2735, 2832, 3034, 2935, 2836, 2933, 2934, 2835, 7320",12
"2835",2835,"2735, 2834, 2635, 2736, 2833, 2734, 3035, 2936, 2837, 3697, 2935",11
"2836",2836,"2636, 2735, 2737, 2834, 3300, 6392, 3036, 2937, 2838, 2935, 2936, 2837",12
"2837",2837,"2512, 2836, 2637, 2736, 2738, 2835, 2190, 9227, 2839, 2936, 2937, 2838",12
"2838",2838,"2738, 2837, 2638, 2737, 2836, 2939, 2840, 2937, 2938, 2839",10
"2839",2839,"2739, 2838, 2639, 2738, 2740, 2837, 3039, 2940, 2841, 2938, 2939, 2840",12
"2840",2840,"2740, 2839, 222, 2739, 2741, 2838, 3040, 2941, 2842, 2939, 9387",11
"2841",2841,"2741, 1524, 2740, 2742, 2839, 8522, 3041, 2942, 2843, 2940, 8329, 2941, 2842, 5097",14
"2842",2842,"2742, 2841, 2642, 2741, 2743, 2840, 3042, 2943, 2844, 4047, 2843",11
"2843",2843,"1341, 2743, 2842, 2742, 2744, 2841, 2511, 6562, 9980, 3043, 2845, 2942, 2943, 2844",14
"2844",2844,"2744, 2843, 2644, 2743, 2745, 2842, 2945, 2846, 2943, 2944, 2845",11
"2845",2845,"2844, 2645, 2744, 2746, 2843, 2577, 67, 3236, 2847, 2945, 3191",11
"2846",2846,"2746, 1814, 2745, 2747, 2844, 6388, 3046, 2947, 2945, 2847",10
"2847",2847,"2747, 702, 2746, 2748, 2845, 2846, 3047, 2948, 2849, 8552, 2848",11
"2848",2848,"2748, 2648, 2747, 2847, 4998, 3048, 2850, 2947, 9077, 2948, 2849",11
"2849",2849,"2749, 2848, 2649, 2748, 2847, 3585, 3049, 2950, 2851, 2948, 2949",11
"2850",2850,"2750, 2650, 2749, 2848, 8029, 5859, 3050, 2852, 2949, 2913, 2851, 5702",12
"2851",2851,"2751, 2850, 2651, 2750, 2752, 2849, 3051, 2952, 4531, 2950, 2951, 2852",12
"2852",2852,"2752, 2851, 2652, 2751, 2753, 2850, 8176, 3773, 3052, 2953, 2854, 2951, 2952, 2853",14
"2853",2853,"2753, 2852, 2653, 719, 2754, 3053, 2954, 2855, 2952, 8950, 7423",11
"2854",2854,"2754, 2654, 2753, 2755, 2852, 3054, 2955, 2856, 2953, 5678, 2954, 2855",12
"2855",2855,"2755, 2854, 2655, 2756, 2853, 3055, 2956, 2857, 2954, 2955, 2856",11
"2856",2856,"2756, 2855, 2656, 2755, 2854, 3056, 2957, 2858, 2955, 2956, 2857",11
"2857",2857,"2856, 2657, 2758, 2855, 4467, 3057, 2958, 2859, 2956, 8332, 2957, 2858",12
"2858",2858,"2857, 2658, 2757, 2759, 2856, 9181, 3058, 2860, 2957, 8377, 6642, 6902, 2859",13
"2859",2859,"1882, 2759, 2858, 10, 2659, 2758, 2760, 2857, 4028, 2960, 2861, 2958, 2959, 2860",14
"2860",2860,"2859, 2759, 2761, 2858, 3060, 2961, 2862, 2959, 2960, 2861",10
"2861",2861,"2860, 2661, 2859, 3215, 3061, 2863, 2960, 2961, 2862",9
"2862",2862,"1277, 2762, 2861, 2662, 2761, 190, 2860, 2963, 2864, 2961, 2863",11
"2863",2863,"2763, 2663, 2762, 2764, 2861, 2862, 9750, 5193, 3063, 2964, 2865, 2963, 2864",13
"2864",2864,"2863, 2664, 2763, 2765, 2862, 8317, 5017, 3064, 2965, 2866, 8671, 7933, 7413, 2964, 2865",15
"2865",2865,"2864, 2665, 2764, 2766, 2863, 199, 4705, 2867, 2964, 2965, 6180",11
"2866",2866,"2766, 1728, 2666, 2767, 2864, 3066, 2967, 2868, 2965, 2966, 2867",11
"2867",2867,"2767, 2866, 2768, 2865, 2766, 2515, 8984, 5143, 4365, 3067, 2968, 8646, 7634, 2967",14
"2868",2868,"2768, 2668, 2767, 2866, 2264, 5883, 3225, 5257, 2969, 2870, 2967, 2869",12
"2869",2869,"2769, 2868, 2172, 2669, 2768, 8934, 7226, 3463, 3069, 2970, 2871, 2968, 6090, 2969, 2870",15
"2870",2870,"2770, 2869, 2670, 2769, 2771, 2868, 2971, 2872, 2969, 4327, 2970, 2871",12
"2871",2871,"2870, 2671, 2770, 2772, 2869, 3512, 4021, 3317, 2972, 2970, 2971, 2872",12
"2872",2872,"2772, 2871, 2672, 2771, 2773, 2870, 250, 3072, 2973, 2874, 2971, 8945",12
"2873",2873,"1723, 2773, 2673, 2772, 2774, 6744, 3073, 2974, 2875, 2972, 6487, 2973, 2874",13
"2874",2874,"2774, 2873, 2674, 2773, 2775, 2872, 3653, 3074, 2975, 2876, 2973, 2974, 2875",13
"2875",2875,"2775, 2874, 140, 2675, 2774, 2776, 2873, 3075, 2877, 2974, 2975, 2876",12
"2876",2876,"2875, 2676, 2775, 2874, 7980, 3076, 2977, 2878, 2975, 2976, 2877",11
"2877",2877,"2777, 2876, 2778, 2875, 3077, 2978, 2879, 7727, 2977, 2878",10
"2878",2878,"2463, 2778, 2877, 2678, 2777, 2876, 3078, 2979, 2880, 2977, 2978, 2879",12
"2879",2879,"2779, 2878, 2679, 2778, 2780, 2877, 5455, 3079, 2980, 2881, 2978, 4031, 2979, 2880",14
"2880",2880,"2780, 2879, 1532, 2781, 2878, 858, 2981, 2882, 6115, 2980, 2881",11
"2881",2881,"2781, 2880, 2681, 2782, 2879, 3081, 2982, 2883, 2980, 2981, 2882",11
"2882",2882,"134, 2782, 2881, 2682, 2783, 2880, 2781, 3082, 3007, 2884, 2981, 2982, 2883",13
"2883",2883,"2783, 2882, 2683, 2782, 1061, 2881, 2984, 2885, 2982, 2983, 2884",11
"2884",2884,"2784, 2883, 2684, 2783, 2785, 2882, 9780, 3084, 2985, 2886, 2983, 9237, 2984, 2885",14
"2885",2885,"2785, 2884, 2685, 2784, 2786, 2883, 3085, 2986, 2887, 2985, 2886",11
"2886",2886,"2786, 2885, 2686, 2785, 2787, 2884, 3086, 9052, 2888, 2985, 2986, 2887",12
"2887",2887,"2787, 2886, 373, 2687, 2885, 5941, 3087, 2988, 5843, 2986, 7002, 2987, 2888",13
"2888",2888,"2788, 2887, 2688, 2787, 2789, 2886, 3088, 2989, 2890, 8787, 2988",11
"2889",2889,"2789, 2689, 2788, 2790, 879, 1305, 2990, 2891, 2988, 2989, 7322",11
"2890",2890,"2790, 179, 1950, 2690, 2888, 4121, 5690, 3262, 2991, 2892, 2989, 2891",12
"2891",2891,"2890, 2691, 2790, 2792, 2889, 1950, 3091, 2992, 2893, 2991, 2892",11
"2892",2892,"2792, 2891, 2692, 2791, 2793, 2890, 3092, 2993, 2894, 2991, 2992",11
"2893",2893,"2793, 2693, 2792, 2794, 2891, 3093, 2994, 2895, 2992, 4582, 3666, 2993, 2894, 2978",14
"2894",2894,"709, 2893, 2694, 2793, 2795, 2892, 2570, 9245, 7147, 3094, 2995, 2896, 2993, 2895",14
"2895",2895,"2795, 2894, 2794, 2893, 3095, 2996, 2897, 2994, 2995, 2896",10
"2896",2896,"2796, 2895, 2696, 2797, 2894, 3096, 2997, 2995, 8341, 2996, 2897",11
"2897",2897,"2797, 2896, 2697, 2796, 2895, 2998, 2899, 2996, 2997, 2898",10
"2898",2898,"2798, 2897, 2698, 2799, 1830, 3098, 2999, 2900, 2997, 7170, 2899",11
"2899",2899,"1305, 2799, 2898, 2798, 2800, 2897, 3000, 2998, 2999, 2900",10
"2900",2900,"2800, 2899, 2700, 2898, 3100, 2999, 3000",7
"2901",2901,"2801, 2701, 2802, 6966, 8208, 3002, 2903, 3001, 2902",9
"2902",2902,"2802, 2901, 1774, 2702, 2801, 2803, 3102, 3003, 3001, 3002, 2903",11
"2903",2903,"2803, 2902, 2703, 2802, 2804, 2901, 3103, 3004, 2905, 3002, 4812, 3003, 2904",13
"2904",2904,"2903, 2704, 2803, 4307, 8718, 3104, 3005, 2906, 3003, 5458, 3004",11
"2905",2905,"1325, 2705, 2804, 2903, 9129, 3105, 9792, 6134, 3004, 3005, 2906",11
"2906",2906,"2806, 2905, 1373, 2706, 2805, 2807, 2904, 9291, 4587, 3106, 2908, 3005, 3006, 2907",14
"2907",2907,"2807, 2906, 2707, 2806, 5421, 3107, 3008, 2909, 3006, 3007",10
"2908",2908,"2808, 2708, 2807, 2906, 2414, 3009, 2910, 3007, 2909, 4213",10
"2909",2909,"114, 2908, 2709, 2808, 2810, 2907, 6199, 3109, 3010, 2911, 3008, 4359, 3009, 2910",14
"2910",2910,"2810, 2909, 2710, 2809, 2811, 2908, 1358, 3011, 3075, 6832",10
"2911",2911,"2811, 2711, 2810, 2812, 2909, 3111, 3012, 2913, 3010, 3011",10
"2912",2912,"2811, 2813, 6167, 3112, 3013, 2914, 3011, 3275, 3012, 2913, 9898",11
"2913",2913,"2813, 2850, 2912, 2713, 2812, 2911, 3113, 3014, 2915, 3012, 3013, 6147",12
"2914",2914,"2714, 2912, 1467, 3880, 6593, 4585, 3014, 2915",8
"2915",2915,"2815, 2914, 2814, 2913, 7381, 3115, 3014, 6822, 6121, 3246, 3015, 2916",12
"2916",2916,"2816, 2915, 2716, 2815, 2817, 3116, 3017, 2918, 3015, 3016, 2917",11
"2917",2917,"2817, 2916, 2717, 2818, 1370, 2816, 3270, 3018, 2919, 2972, 2918",11
"2918",2918,"2775, 2818, 2917, 1178, 2817, 2819, 2916, 1460, 1370, 8552, 3118, 3017, 2919",13
"2919",2919,"219, 2819, 2918, 697, 2818, 2820, 2917, 3119, 3020, 2921, 7790, 3019, 2920",13
"2920",2920,"2820, 2919, 2720, 2821, 9704, 3120, 3021, 2922, 3019, 3020, 2921",11
"2921",2921,"2821, 2920, 2721, 2820, 2822, 2919, 9293, 3121, 3022, 2923, 3020, 3021, 2922",13
"2922",2922,"515, 2921, 2123, 1775, 2722, 2821, 2823, 2920, 2499, 3122, 3023, 2924, 2923",13
"2923",2923,"983, 1761, 2922, 2822, 2824, 2921, 9573, 3123, 3024, 2925, 3022, 7685",12
"2924",2924,"2824, 2724, 2823, 2825, 2922, 3124, 9911, 2926, 3023, 3024, 2925",11
"2925",2925,"2825, 2924, 2725, 2824, 2826, 2923, 3125, 3026, 2927, 3024, 9184, 3025",12
"2926",2926,"2826, 2726, 510, 2827, 2924, 3126, 2928, 3025, 4730, 3026, 2927, 3154",12
"2927",2927,"2827, 2926, 514, 2826, 2828, 2925, 4027, 3018, 3127, 3028, 2929, 3026, 3027, 7678",14
"2928",2928,"2828, 2827, 2829, 2926, 3128, 3029, 2930, 3027, 3028, 2929",10
"2929",2929,"2829, 2928, 2828, 2830, 2927, 6677, 3129, 2931, 3028, 7088, 6511, 3029, 2930",13
"2930",2930,"2830, 2929, 2829, 2831, 2928, 2730, 3137, 3031, 2932, 3029, 3030, 2931",12
"2931",2931,"2831, 2930, 2731, 2830, 2832, 2929, 3032, 2933, 3030, 4832, 3031, 2932",12
"2932",2932,"2832, 2931, 2732, 2831, 2833, 2930, 3132, 3031, 3032, 2933",10
"2933",2933,"2833, 2932, 2733, 2832, 2834, 2931, 3133, 3034, 2935, 3032, 7451, 3033, 2934",13
"2934",2934,"2933, 2833, 756, 2834, 6055, 7149, 3134, 3035, 2936, 3033, 4519, 5029, 2935",13
"2935",2935,"2835, 2568, 2735, 2834, 2836, 2933, 2934, 3135, 3036, 2937, 3034, 8919, 9913",13
"2936",2936,"2836, 2736, 2835, 2837, 2934, 2715, 3136, 3037, 3035, 3036, 2937",11
"2937",2937,"103, 2837, 2936, 2737, 2836, 2838, 2935, 625, 3137, 3038, 2939, 3036, 3037",13
"2938",2938,"2838, 657, 2738, 2839, 5768, 3039, 2940, 3038, 2939",9
"2939",2939,"2839, 2938, 873, 2739, 2840, 2937, 2838, 7702, 3139, 3040, 2941, 3038, 3039",13
"2940",2940,"2839, 2841, 2938, 639, 9509, 3140, 3041, 2942, 3039, 3040, 5930",11
"2941",2941,"2841, 2741, 2840, 2939, 8498, 3781, 3042, 2943, 3040, 3041, 2942",11
"2942",2942,"2941, 2187, 2742, 2841, 2843, 2940, 9248, 3142, 3043, 3041, 3042, 2943",12
"2943",2943,"2843, 2942, 2842, 2844, 2941, 4125, 3044, 2945, 3256, 3043, 2944",11
"2944",2944,"2844, 2943, 679, 2645, 6526, 3144, 3045, 2946, 3043, 3147, 2945",11
"2945",2945,"2845, 2745, 2782, 2846, 2943, 2844, 2944, 8145, 6664, 3145, 3046, 2947, 3044, 4765, 3045, 2946",16
"2946",2946,"2945, 2746, 2944, 8973, 3146, 3047, 2948, 3045, 5508, 3046",10
"2947",2947,"868, 2747, 2846, 2848, 2945, 9422, 3147, 3048, 2949, 8197, 3047, 2948",12
"2948",2948,"2848, 2947, 2748, 2847, 2849, 2946, 4016, 3160, 3148, 3049, 2950, 3047, 3048, 2949",14
"2949",2949,"2849, 2948, 2749, 2850, 2947, 3050, 9259, 9460, 3049, 2950",10
"2950",2950,"2949, 2750, 2849, 2851, 2948, 3150, 3051, 2952, 6313, 3050, 2951",11
"2951",2951,"2851, 2950, 2751, 2852, 7021, 3151, 3052, 9308, 3050, 8485, 2952",11
"2952",2952,"2852, 2752, 2851, 2853, 2950, 2951, 3152, 3053, 2954, 3051, 3052, 2953",12
"2953",2953,"531, 57, 2952, 2753, 2852, 2854, 3153, 3054, 2955, 3052, 3053, 2954",12
"2954",2954,"2854, 2953, 2754, 2853, 2855, 2952, 8889, 3154, 3055, 2956, 5799",11
"2955",2955,"2855, 2755, 2854, 2856, 2953, 3134, 3056, 2957, 3054, 3055, 2956, 4998",12
"2956",2956,"2856, 2955, 2855, 2857, 2954, 3156, 3057, 2958, 3055, 3056, 2957",11
"2957",2957,"2857, 2956, 319, 2856, 2858, 2955, 3157, 3058, 2959, 3056, 3057, 2958",12
"2958",2958,"2957, 929, 2758, 2857, 2859, 2956, 3158, 3059, 2960, 3057, 5777",11
"2959",2959,"2859, 2759, 364, 2860, 2957, 2141, 3159, 3060, 2961, 3058, 7643, 3059, 2960",13
"2960",2960,"2860, 2959, 1704, 2760, 2859, 2861, 2958, 3160, 3061, 2962, 3059, 3060, 2961, 9541",14
"2961",2961,"2861, 2960, 2761, 2860, 2862, 2959, 3161, 3062, 2963, 3060, 3061, 2962",12
"2962",2962,"2961, 2762, 2960, 3068, 8660, 3162, 3063, 2964, 3061, 3871, 3062, 2963",12
"2963",2963,"2863, 2962, 2763, 2961, 2267, 2862, 3163, 3063, 9479",9
"2964",2964,"1756, 2864, 971, 2764, 2863, 2865, 2962, 9552, 3164, 3065, 2966, 3063, 3064, 2965",14
"2965",2965,"1719, 2865, 2964, 2765, 2864, 2866, 7218, 3066, 2967, 3064, 3065, 2966",12
"2966",2966,"2866, 2965, 2964, 5301, 5602, 3166, 3067, 2968, 3065, 3066, 2967",11
"2967",2967,"2867, 2966, 2767, 2866, 2868, 2965, 3167, 3068, 2969, 3066, 4701, 3067, 2968",13
"2968",2968,"2967, 2768, 2867, 2869, 2966, 2086, 6535, 3168, 3069, 2970, 3067",11
"2969",2969,"2869, 2868, 2870, 2967, 3169, 3070, 9436, 3068, 4387, 9846, 2970",11
"2970",2970,"2870, 2969, 2770, 2869, 2871, 2968, 3170, 3071, 2972, 5766, 3070, 2971",12
"2971",2971,"2871, 2970, 2771, 2783, 2870, 2872, 3171, 3072, 2973, 3070, 3071, 2972",12
"2972",2972,"1679, 2917, 2971, 2772, 2873, 2970, 2871, 6599, 3172, 3073, 2974, 3071, 3072, 8475",14
"2973",2973,"2873, 2773, 2872, 2874, 2971, 3173, 3074, 4429, 7763, 3073, 2974",11
"2974",2974,"2874, 2973, 1380, 2774, 2873, 2875, 2972, 4855, 3075, 2976, 3073, 3074, 2975",13
"2975",2975,"2875, 2974, 2775, 2874, 2876, 3076, 2977, 3074, 3075, 2976",10
"2976",2976,"2876, 2975, 2776, 2077, 2974, 1390, 7044, 3077, 5757, 3075, 8379, 3076, 2977",13
"2977",2977,"2877, 2976, 2777, 2876, 2878, 2975, 3177, 3078, 2979, 3076, 6045, 3077, 2978",13
"2978",2978,"2516, 2878, 2893, 2977, 2778, 2877, 2879, 7295, 3178, 3079, 3077, 3078, 2979",13
"2979",2979,"2879, 2978, 2779, 2878, 2977, 3179, 3080, 2981, 3078, 3079, 2980",11
"2980",2980,"2880, 2979, 2780, 2879, 2881, 6615, 6177, 4728, 3180, 3081, 3079, 8467, 3080, 2981",14
"2981",2981,"2881, 2980, 1308, 2880, 2882, 2979, 5156, 6426, 3181, 3082, 3080, 3081, 2982",13
"2982",2982,"78, 2882, 2981, 2782, 2881, 2883, 1107, 3182, 3083, 2984, 3082",11
"2983",2983,"2883, 2783, 2884, 2985, 3082, 4639, 3973, 3083, 2984, 9962",10
"2984",2984,"2884, 2983, 2982, 1755, 2883, 4923, 4587, 3085, 2986, 7291, 2985",11
"2985",2985,"2885, 2984, 2785, 2884, 2886, 2983, 3185, 3086, 2987, 3084, 3085, 2986",12
"2986",2986,"2886, 2985, 2786, 2885, 2887, 2984, 5664, 8215, 3087, 2988, 3085, 9117, 3086, 2987",14
"2987",2987,"2887, 2986, 2787, 2985, 3187, 3088, 2989, 3086, 3087, 2988",10
"2988",2988,"2888, 2987, 2788, 2887, 2889, 2986, 4289, 3188, 3089, 2990, 3087, 3088",12
"2989",2989,"1665, 2889, 2789, 2888, 2890, 2987, 8838, 3090, 2991, 7888, 3089, 2990, 7234",13
"2990",2990,"1595, 2066, 2206, 2989, 2790, 2889, 2988, 3190, 2992, 3089, 3090, 2991",12
"2991",2991,"2891, 2990, 2791, 2890, 2892, 2989, 6142, 5599, 2993, 3090, 3091, 2992",12
"2992",2992,"2892, 2991, 2891, 2893, 2990, 1486, 9595, 7253, 3093, 2994, 3091, 3092, 2993",13
"2993",2993,"2893, 2992, 2793, 2892, 2894, 2991, 3193, 2995, 3092, 3093, 2994",11
"2994",2994,"2993, 2794, 2893, 2895, 2992, 9132, 5654, 7549, 9730, 3093, 3094, 2995",12
"2995",2995,"2895, 2994, 2795, 2894, 2896, 2993, 6494, 3195, 2997, 3094, 3780, 3095, 2996",13
"2996",2996,"2896, 2995, 553, 2796, 2895, 2897, 3196, 3097, 2998, 3095, 7641, 8070, 2997",13
"2997",2997,"1841, 2897, 2996, 1593, 2797, 2896, 2898, 2995, 3197, 3098, 2999, 3096, 9253, 5798, 3097, 2998",16
"2998",2998,"2997, 2798, 2899, 2996, 1654, 2897, 3099, 3000, 5576, 3098, 2999",11
"2999",2999,"2899, 2998, 2799, 2898, 2900, 2997, 3199, 3100, 3098",9
"3000",3000,"2900, 2800, 2899, 2998, 4238, 3200, 3099, 3100, 8243",9
"3001",3001,"2901, 2801, 2902, 3201, 3102, 3003, 3101, 3002",8
"3002",3002,"2902, 3001, 2802, 2901, 2903, 3103, 3004, 3101, 3102, 3003",10
"3003",3003,"3002, 2902, 2904, 3001, 2903, 3203, 3104, 3005, 3102, 3103, 3004",11
"3004",3004,"2904, 3003, 2140, 2804, 2903, 2905, 3002, 3204, 3006, 3103, 3104",11
"3005",3005,"2905, 2805, 2904, 2906, 3003, 3205, 3106, 3104, 3105, 3006, 7991",11
"3006",3006,"2906, 3005, 2806, 2907, 3004, 3206, 3107, 3008, 3105, 3106, 3007",11
"3007",3007,"2907, 3006, 2807, 2882, 2908, 2600, 3207, 3108, 3009, 3106, 7404",11
"3008",3008,"2808, 2907, 2909, 3006, 4214, 3208, 3109, 3107, 3108, 3009, 8554",11
"3009",3009,"2909, 3008, 2809, 3007, 2908, 6989, 3209, 3110, 3011, 3109, 3010",11
"3010",3010,"3009, 2810, 2909, 2911, 5210, 3210, 3111, 3012, 3109, 9696, 3011",11
"3011",3011,"2911, 3010, 2811, 2912, 3009, 2910, 3211, 3013, 3110, 3012",10
"3012",3012,"2912, 2007, 2812, 2911, 2913, 3010, 183, 3011, 8227, 3212, 3113, 3922, 3112, 3013",14
"3013",3013,"2913, 3012, 2912, 3011, 3213, 3015, 3112, 3113, 3014",9
"3014",3014,"2914, 3013, 2814, 2913, 2915, 3214, 3115, 3016, 3113, 9896, 7441, 3114, 3015",13
"3015",3015,"2689, 2915, 3014, 2815, 2916, 3013, 9864, 4400, 3215, 3116, 3017, 3114, 3115, 3016",14
"3016",3016,"2916, 3015, 3014, 4954, 3905, 3216, 3117, 3018, 7600, 6336, 4971, 3116, 3017",13
"3017",3017,"3016, 2817, 2916, 2918, 3015, 6985, 3217, 3118, 3019, 3116, 3117, 3018",12
"3018",3018,"3017, 3016, 2927, 1292, 2917, 3119, 3117, 3118, 3019",9
"3019",3019,"2919, 3018, 1688, 2819, 2920, 3017, 5283, 3219, 3120, 3021, 3118, 7162, 3020",13
"3020",3020,"2920, 3019, 2919, 2921, 3220, 3121, 3022, 3119, 3120, 3021",10
"3021",3021,"739, 1279, 2921, 3020, 2821, 2920, 3019, 916, 1843, 3122, 3120, 3121, 3022",13
"3022",3022,"3021, 2822, 2921, 2923, 3020, 4025, 3222, 3123, 3024, 3121, 3149, 3122, 4332",13
"3023",3023,"2823, 2922, 2924, 8350, 6528, 3223, 9474, 3025, 9589, 3123",10
"3024",3024,"2924, 2824, 2923, 2925, 3022, 3224, 3125, 3026, 3123, 3124, 3025, 8172",12
"3025",3025,"2925, 3024, 2825, 2926, 3023, 2218, 5607, 3126, 3027, 3124, 6482, 3125",12
"3026",3026,"2926, 2826, 2925, 2927, 3024, 523, 4981, 3226, 3562, 4340, 3027",11
"3027",3027,"2927, 3026, 2827, 2928, 3025, 4430, 3227, 3128, 8777, 3126, 4045, 8582, 3028",13
"3028",3028,"2505, 2928, 3027, 2828, 2927, 2929, 9350, 3228, 3129, 3030, 3127, 3128, 3029",13
"3029",3029,"2929, 3028, 2829, 2928, 2930, 3229, 3130, 3031, 3128, 4015, 3129, 3030",12
"3030",3030,"2930, 3029, 2830, 2931, 3028, 3630, 3032, 3129, 6096, 3130, 6935",11
"3031",3031,"2931, 2831, 2932, 3029, 752, 2930, 3231, 3132, 3033, 3131",10
"3032",3032,"2932, 2331, 2832, 2933, 3030, 2931, 7683, 9186, 3133, 3034, 3131, 3132, 8647",13
"3033",3033,"2933, 2833, 2934, 3031, 3233, 3134, 3035, 8524, 3133, 3034",10
"3034",3034,"3033, 2834, 2933, 2935, 3032, 3234, 3135, 3036, 3133, 3134, 3035, 5840",12
"3035",3035,"2156, 3034, 1002, 2835, 2934, 2936, 3033, 3235, 3037, 3134, 3135, 3036",12
"3036",3036,"2936, 3035, 1052, 2836, 2935, 2937, 3034, 3236, 3137, 3038, 3136, 3037",12
"3037",3037,"2937, 3036, 2936, 1997, 3035, 8104, 3336, 3237, 3138, 3039, 3136, 3137, 3038",13
"3038",3038,"2938, 3037, 2937, 2939, 3036, 8236, 5993, 3139, 3599, 3137, 9777, 3039",12
"3039",3039,"2939, 3038, 2542, 2839, 2938, 2940, 3037, 3239, 3140, 3041, 3138, 3040",12
"3040",3040,"2940, 2840, 2939, 2941, 3039, 3240, 3141, 3139, 3140, 3041",10
"3041",3041,"2941, 3040, 2841, 2940, 2942, 3039, 6274, 3241, 3142, 3043, 3140, 8771, 3141, 3042",14
"3042",3042,"2942, 3041, 2842, 2941, 8715, 3242, 3143, 3044, 3141, 8066, 9303, 3043",12
"3043",3043,"2943, 3042, 2843, 2942, 2944, 3041, 533, 916, 3144, 4246, 3142, 3143",12
"3044",3044,"2945, 3042, 2943, 4315, 4749, 3244, 3145, 3046, 3143, 3144",10
"3045",3045,"2945, 2944, 2946, 5009, 9106, 3245, 3146, 3047, 3144, 7426, 3145, 3046, 8423",13
"3046",3046,"2946, 3045, 2846, 2945, 3044, 7660, 3246, 3147, 3048, 3145, 3146, 3047",12
"3047",3047,"2947, 3046, 608, 2847, 2946, 2948, 3045, 3247, 3148, 3049, 3146, 3459, 3147, 3048",14
"3048",3048,"2948, 3047, 2848, 2947, 3046, 3248, 3149, 3050, 3049",9
"3049",3049,"2949, 3048, 2849, 2948, 3047, 9113, 3249, 3150, 3051, 3148, 3149, 3050",12
"3050",3050,"2950, 3049, 2850, 2949, 2951, 3048, 3250, 3151, 3052, 3149, 4347, 3150, 8744",13
"3051",3051,"2851, 2950, 2952, 3049, 6291, 3251, 3152, 8847, 3150, 3151, 3052",11
"3052",3052,"2952, 3051, 131, 2852, 2951, 2953, 3050, 8594, 7912, 3252, 3153, 3054, 3151, 3152, 3053",15
"3053",3053,"2953, 3052, 2853, 2952, 3253, 3154, 3055, 3152, 6909, 3153, 3054",11
"3054",3054,"3053, 2854, 2953, 2955, 3052, 4630, 3254, 3155, 3056, 3153, 3055",11
"3055",3055,"2955, 3054, 2855, 2954, 2956, 3053, 1253, 3156, 3057, 3154, 3155",11
"3056",3056,"2956, 2856, 2957, 3054, 2955, 3809, 3256, 3157, 3155, 3156, 3057",11
"3057",3057,"2957, 3056, 2816, 2857, 2956, 2958, 3055, 8300, 3158, 3059, 3156, 3157, 3058",13
"3058",3058,"3057, 2858, 2957, 2959, 8025, 3258, 3159, 3060, 4365, 3158, 3059",11
"3059",3059,"1751, 2959, 3058, 2958, 2960, 3057, 3259, 3160, 3061, 3158, 9892, 3159, 3060",13
"3060",3060,"2960, 3059, 2860, 2959, 2961, 3058, 5742, 3260, 3161, 3062, 3159, 3160, 3061",13
"3061",3061,"2961, 3060, 2861, 2960, 2962, 3059, 3261, 3162, 3063, 3160, 4313, 3161, 3062",13
"3062",3062,"2962, 3061, 2961, 3060, 2316, 9597, 6857, 3064, 3161, 5249, 3547, 3162, 3063",13
"3063",3063,"2963, 3062, 2863, 2962, 2964, 3061, 3263, 4122, 3065, 3162, 9981, 3064",12
"3064",3064,"2964, 3063, 2864, 2965, 3062, 3264, 3165, 3066, 3163, 5653, 3164, 3065",12
"3065",3065,"2965, 3064, 2964, 2966, 3063, 8935, 3265, 3166, 3067, 3164, 3165, 3066",12
"3066",3066,"2966, 3065, 2866, 2967, 3064, 385, 2965, 3266, 3167, 3068, 3165, 7385, 3166, 3067",14
"3067",3067,"1704, 2967, 3066, 129, 2867, 2966, 2968, 3065, 3267, 3168, 5745, 3166, 3167, 3068",14
"3068",3068,"1876, 2962, 3067, 2967, 2969, 3066, 2219, 9251, 5008, 3169, 3070, 3167, 3069",13
"3069",3069,"3068, 2869, 2968, 6945, 3269, 5778, 3071, 3168, 3169, 3070",10
"3070",3070,"2970, 3069, 782, 1576, 2969, 2971, 3068, 8998, 3270, 3171, 3072, 3169, 3170, 3071",14
"3071",3071,"2971, 3070, 2970, 2972, 3069, 6159, 5480, 3172, 3073, 3170, 3171, 3072",12
"3072",3072,"2972, 3071, 2872, 2971, 3070, 8059, 3683, 3173, 3074, 3171, 3172, 3073",12
"3073",3073,"2973, 3072, 2873, 2972, 2974, 3071, 3273, 5601, 3172, 3173, 3074",11
"3074",3074,"2533, 2974, 3073, 2874, 2973, 2975, 3072, 3175, 3076, 3173, 4990, 3174, 3075",13
"3075",3075,"2975, 3074, 2875, 2910, 2974, 2976, 2206, 8713, 3275, 3176, 3077, 3174, 3134, 9782, 3175",15
"3076",3076,"2976, 2876, 2977, 3074, 2975, 3276, 9205, 3078, 3175, 3176, 3077",11
"3077",3077,"2977, 3076, 2877, 2976, 2978, 3075, 3277, 3178, 3079, 3176, 3177, 3078",12
"3078",3078,"2978, 3077, 2878, 2977, 2979, 3076, 3278, 3179, 3080, 3177, 3178, 6831",12
"3079",3079,"602, 2979, 2879, 2978, 2980, 3077, 3279, 3180, 3081, 3178, 3179, 3080",12
"3080",3080,"2669, 2980, 3079, 1174, 2979, 2981, 3078, 8946, 3280, 3181, 3082, 3179, 3180, 3081",14
"3081",3081,"2981, 3080, 2881, 2980, 3079, 3281, 3182, 3083, 3180, 5420, 3181, 3082",12
"3082",3082,"2982, 3081, 2882, 2981, 2983, 3080, 9731, 3282, 3183, 3084, 3181, 7171, 3182, 3083",14
"3083",3083,"2983, 3082, 2982, 3081, 9877, 3184, 3085, 3182, 3183, 3084",10
"3084",3084,"3083, 2021, 2884, 2985, 3082, 3846, 3284, 3185, 3086, 3183, 3961, 3184, 3085",13
"3085",3085,"2985, 3084, 2885, 2986, 3083, 2984, 6223, 3285, 3186, 3087, 3184, 3185, 3086",13
"3086",3086,"1312, 2986, 3085, 2886, 2985, 2987, 3084, 3187, 5881, 3185, 3186, 3087",12
"3087",3087,"2987, 3086, 2887, 2986, 2988, 3085, 3188, 3089, 3186, 3187, 3088",11
"3088",3088,"2988, 3087, 2888, 2987, 3764, 3288, 3189, 3090, 3188, 3089",10
"3089",3089,"2989, 3088, 2988, 2990, 3087, 3289, 3190, 3091, 3188, 5229, 3189, 3090",12
"3090",3090,"2990, 3089, 2410, 2991, 3088, 2989, 3290, 3191, 3092, 3189, 3190, 3091",12
"3091",3091,"2991, 3090, 1468, 2891, 67, 2992, 3089, 3291, 3192, 3093, 3190, 3191, 3092",13
"3092",3092,"2992, 3091, 2892, 2993, 3090, 8608, 5740, 3292, 3193, 3094, 3191, 6938, 3192, 3093",14
"3093",3093,"2993, 3092, 2893, 2992, 2994, 3091, 3293, 5974, 3095, 3192, 3094",11
"3094",3094,"2994, 2425, 2894, 2995, 3092, 3093, 3483, 3195, 3096, 3193, 5462, 5406, 7996",13
"3095",3095,"2995, 2895, 2996, 3093, 1980, 3295, 3527, 3195, 3096",9
"3096",3096,"877, 3095, 2896, 2997, 3094, 3296, 3197, 3098, 3195, 3132, 3196, 3097",12
"3097",3097,"2997, 3096, 2996, 482, 3552, 3297, 3198, 3099, 3196, 3197, 3098",11
"3098",3098,"2998, 3097, 2898, 2997, 2999, 3096, 3298, 3199, 3197, 3198, 3099",11
"3099",3099,"2799, 3098, 1789, 2998, 3000, 3097, 3299, 3200, 3198, 3603, 3100",11
"3100",3100,"3000, 3099, 2900, 2999, 3655, 4450, 4503, 3300, 3199, 9924, 3200",11
"3101",3101,"3001, 3002, 3301, 3202, 6971, 3201, 3102",7
"3102",3102,"3002, 3101, 2902, 3001, 3003, 8739, 8421, 3302, 3104, 3201, 3202, 3103",12
"3103",3103,"3003, 3102, 2903, 3004, 3002, 3303, 3204, 3105, 3202, 3203, 3104",11
"3104",3104,"3004, 3103, 2904, 3003, 3005, 1405, 3102, 3304, 3106, 3203, 3204, 3105",12
"3105",3105,"3005, 3104, 2905, 1590, 3006, 3103, 3305, 3206, 3107, 3204, 7921, 3205, 6700",13
"3106",3106,"3006, 2906, 3005, 3007, 689, 3104, 3207, 3108, 3205, 3206",10
"3107",3107,"2907, 3006, 3008, 3105, 1724, 6469, 7474, 4510, 3208, 3109, 3207, 7298",12
"3108",3108,"3008, 1454, 513, 3007, 3106, 6717, 3114, 3308, 3209, 5537, 3207, 4426, 3208, 3109",14
"3109",3109,"3009, 3108, 2909, 3008, 3010, 3107, 8486, 3309, 3210, 3111, 3208, 3209, 3110",13
"3110",3110,"145, 3109, 3009, 3011, 1899, 8110, 3211, 3112, 6506, 3210, 3111",11
"3111",3111,"3110, 2911, 3010, 3109, 2116, 1220, 7472, 9355, 3311, 3212, 3113, 3210, 3112",13
"3112",3112,"3012, 3111, 2912, 3013, 3110, 6191, 3312, 3213, 3114, 3211, 4323, 3212, 3113",13
"3113",3113,"3013, 3112, 2913, 3012, 3014, 3111, 4323, 3214, 3212, 9863, 3213, 3114",12
"3114",3114,"3014, 3113, 1753, 3108, 3015, 3112, 7589, 3314, 3215, 3116, 3213, 7989, 3214, 3115",14
"3115",3115,"3015, 3114, 2915, 3014, 109, 3315, 8339, 6282, 6634, 3215, 3116",11
"3116",3116,"3016, 3115, 2916, 3015, 3017, 3114, 3316, 3217, 3118, 3216, 3117",11
"3117",3117,"3017, 3116, 364, 2814, 3016, 3018, 341, 4208, 6486, 4616, 3218, 3119, 3216, 3217, 3118",15
"3118",3118,"3018, 3117, 2918, 3017, 3019, 3116, 3318, 3219, 3120, 3217, 3119",11
"3119",3119,"2919, 3018, 3020, 3117, 3118, 3319, 3220, 3121, 3218, 9731, 3219, 5702",12
"3120",3120,"3020, 966, 2920, 3019, 3021, 3118, 3320, 3221, 3122, 3220, 3121",11
"3121",3121,"485, 3021, 3120, 1320, 2921, 3020, 3022, 3119, 7909, 3222, 3123, 3221, 3122",13
"3122",3122,"3022, 3121, 2922, 3021, 3120, 6029, 3223, 3124, 3221, 3222, 3123",11
"3123",3123,"3023, 3122, 2923, 3022, 3024, 3121, 1123, 6974, 3323, 3125, 3222, 3223, 3124",13
"3124",3124,"3024, 3123, 1034, 2924, 3025, 3122, 3324, 3225, 3126, 3223, 9163, 3224, 3125",13
"3125",3125,"3025, 3124, 2925, 3024, 3123, 4462, 3325, 3226, 5700, 3224, 3225, 3126",12
"3126",3126,"3125, 2926, 3025, 3027, 3124, 3326, 3227, 3128, 3225, 3226, 3127",11
"3127",3127,"2424, 3126, 2927, 3028, 8570, 3228, 3129, 3226, 8314, 3227, 5736",11
"3128",3128,"3028, 1758, 2928, 3027, 3029, 3126, 3328, 3229, 3130, 3227, 7917",11
"3129",3129,"3029, 2929, 3028, 3030, 3127, 1352, 3329, 3230, 3131, 3228, 9140, 3130",12
"3130",3130,"895, 3030, 3129, 1457, 3029, 3128, 5164, 9410, 3330, 3132, 3229, 3230, 3131",13
"3131",3131,"3031, 3130, 3032, 3129, 9692, 7494, 3334, 3331, 7008, 3133, 3230, 3231, 3132",13
"3132",3132,"3032, 3131, 2932, 3096, 3031, 2700, 3130, 3332, 3233, 5120, 3794, 3232, 3133",13
"3133",3133,"3033, 3132, 2933, 3032, 3034, 3131, 1372, 8075, 3333, 3234, 3135, 3232, 9538",13
"3134",3134,"3034, 2815, 2934, 3033, 3035, 3075, 2955, 8429, 3235, 3136, 3233, 4191, 8106",13
"3135",3135,"3035, 2935, 3034, 3133, 1554, 6674, 3335, 3236, 3137, 3234, 8932, 5490, 3235",13
"3136",3136,"3036, 2936, 3037, 3134, 7734, 5584, 3237, 3235, 8491, 3236, 3137",11
"3137",3137,"3037, 3136, 1780, 2937, 3036, 3038, 3135, 2930, 3337, 3238, 3139, 3236, 9001, 3237, 4477",15
"3138",3138,"1527, 3037, 3039, 5747, 3338, 3239, 3140, 6923, 5882, 3139",10
"3139",3139,"3138, 2939, 3038, 3040, 3137, 841, 6620, 3339, 3240, 3141, 3239, 3140",12
"3140",3140,"3040, 3139, 1705, 2940, 3039, 3041, 3138, 3340, 3241, 3142, 3239, 6559, 3240, 3141",14
"3141",3141,"3041, 3140, 3040, 3042, 3139, 9751, 3341, 9983, 3240, 7579, 3142",11
"3142",3142,"3141, 2475, 2942, 3041, 3043, 3140, 3342, 3243, 3144, 3241, 3242, 5335",12
"3143",3143,"3043, 3042, 3044, 8302, 6709, 5556, 3343, 3244, 3145, 3242, 5745, 3243, 3144",13
"3144",3144,"3044, 3143, 2944, 3043, 3045, 3142, 3344, 3245, 3146, 3243, 7764, 3244, 3145",13
"3145",3145,"3045, 3144, 2945, 3044, 3046, 3143, 9579, 7156, 3345, 4883, 3244, 7408, 3245, 4796",14
"3146",3146,"3046, 2946, 3045, 3047, 3144, 3346, 3247, 3148, 3245, 3246, 3147",11
"3147",3147,"3047, 3146, 1962, 2944, 2947, 3046, 9032, 6404, 7867, 3248, 3149, 3246, 4021, 8073, 3247, 3148",16
"3148",3148,"1498, 3147, 2948, 3047, 3049, 3146, 1905, 9414, 4407, 4298, 3348, 3249, 3150, 3247, 7923, 3149",16
"3149",3149,"3049, 3148, 3022, 3048, 3050, 3147, 3349, 3250, 3151, 3248, 3249, 3150",12
"3150",3150,"3050, 3149, 2950, 3049, 3051, 3148, 3350, 3251, 3152, 3249, 3250, 3151",12
"3151",3151,"3051, 3150, 2951, 3050, 3052, 3149, 3351, 3252, 3153, 3251, 3152",11
"3152",3152,"3052, 3151, 2952, 3051, 3053, 3150, 175, 3638, 3889, 3253, 3441, 3252, 3153",13
"3153",3153,"3053, 3152, 2953, 3052, 3054, 3151, 3353, 3254, 3155, 3252, 3253, 3154",12
"3154",3154,"2926, 3153, 1361, 600, 2954, 3053, 3055, 1402, 3354, 3156, 3253, 4012, 3254, 3155",14
"3155",3155,"3055, 3154, 3054, 3056, 3153, 3992, 3355, 3256, 3157, 3254, 3156",11
"3156",3156,"3056, 2956, 3057, 3154, 3055, 3155, 3432, 3356, 3257, 3158, 3255, 7471, 6079, 3256, 3157",15
"3157",3157,"3057, 3156, 2957, 3056, 3155, 818, 3401, 3258, 3257, 3158",10
"3158",3158,"3058, 3157, 2958, 3059, 3156, 3057, 2469, 3358, 4890, 3257, 3159",11
"3159",3159,"3059, 3158, 2959, 3058, 3060, 3359, 8822, 3258, 3259, 3160",10
"3160",3160,"3060, 3159, 2960, 3059, 3061, 2948, 3261, 3162, 3259, 6695, 3161",11
"3161",3161,"3061, 3160, 2961, 3060, 3062, 3361, 3262, 3163, 3260, 3261, 3162",11
"3162",3162,"3062, 3161, 737, 944, 2962, 3061, 3063, 3160, 3227, 3263, 3164, 3261, 3163",13
"3163",3163,"2963, 3064, 3161, 3162, 3363, 3264, 3165, 3262, 8713, 3263, 3164",11
"3164",3164,"3064, 3163, 2964, 3065, 3162, 2092, 7481, 3265, 3166, 8355, 3264, 3165",12
"3165",3165,"3065, 3164, 3064, 3066, 3163, 5685, 3266, 3167, 3264, 3265, 3166",11
"3166",3166,"2109, 3066, 3165, 2966, 3065, 3067, 3164, 3366, 3168, 3265, 4322, 3167",12
"3167",3167,"3067, 3166, 2967, 3066, 3068, 3165, 3367, 3268, 3169, 3266, 8343, 3267, 3168",13
"3168",3168,"3167, 2968, 3067, 3069, 3166, 3368, 3269, 4861, 6410, 9673, 3268, 3169",12
"3169",3169,"3069, 3168, 2969, 3068, 3070, 3167, 3369, 3270, 3171, 3268, 3269, 3170",12
"3170",3170,"2605, 3070, 3169, 2970, 3071, 858, 8487, 3370, 3269, 3270, 3171",11
"3171",3171,"3071, 3170, 2971, 3070, 3072, 3169, 3371, 3272, 3173, 3270, 3271, 3172",12
"3172",3172,"3072, 3171, 178, 2972, 3073, 2128, 3071, 3372, 3273, 3271, 5471, 5935, 3173",13
"3173",3173,"3073, 2973, 3074, 3171, 3072, 3172, 3373, 3274, 3175, 3272, 3184, 3273, 3174",13
"3174",3174,"3074, 3173, 3075, 4080, 3176, 3273, 3274, 3175",8
"3175",3175,"3075, 3174, 3074, 3076, 3173, 6069, 6973, 3375, 3276, 3177, 3274, 3275, 4363",13
"3176",3176,"3076, 2723, 3075, 3077, 3174, 3376, 9140, 3178, 3275, 3177",10
"3177",3177,"3077, 3176, 2977, 3078, 3175, 2113, 8411, 3278, 3276, 3178",10
"3178",3178,"3078, 3177, 2978, 3077, 3079, 3176, 5529, 3378, 3279, 3180, 3277, 4663, 3179",13
"3179",3179,"3079, 3178, 2979, 3078, 3080, 3379, 3181, 3278, 6658, 3180",10
"3180",3180,"3080, 3179, 2980, 3079, 3081, 3178, 3380, 3281, 3182, 7979, 3280, 9330",12
"3181",3181,"3081, 2981, 3080, 3082, 3179, 7569, 3282, 3183, 3281, 3182",10
"3182",3182,"3082, 3181, 2982, 3081, 3083, 3180, 3382, 3283, 3184, 3282, 3183",11
"3183",3183,"3083, 3182, 174, 3082, 3084, 3181, 1503, 675, 8632, 3981, 3383, 3185, 3283",13
"3184",3184,"3084, 3173, 3083, 3085, 3182, 294, 8232, 3285, 3186, 4738, 3284, 3185",12
"3185",3185,"3085, 3184, 2985, 3084, 3086, 3183, 7774, 3385, 3286, 3187, 3285, 3186",12
"3186",3186,"3086, 3185, 3085, 3087, 3184, 38, 3386, 3188, 3286, 3187",10
"3187",3187,"3087, 3186, 2987, 725, 3185, 3086, 5959, 3387, 3288, 3189, 3286, 4985, 3287, 3188",14
"3188",3188,"3088, 3187, 2988, 3089, 3186, 3087, 3388, 3289, 3190, 3287, 8434, 3288, 3189",13
"3189",3189,"3089, 3188, 3088, 3090, 3187, 367, 311, 5181, 4975, 3290, 3191, 3288, 3190",13
"3190",3190,"3090, 3189, 2990, 3089, 3091, 3188, 3390, 3291, 3192, 3289, 5145, 3290, 3191",13
"3191",3191,"2845, 3091, 3190, 3090, 3092, 3189, 5131, 3292, 3193, 3290, 6974",11
"3192",3192,"3092, 3091, 3093, 3190, 3392, 3293, 3194, 3291, 3292, 3193",10
"3193",3193,"3192, 2993, 3092, 3094, 3191, 7886, 3393, 8258, 3195, 3292, 9335, 3194, 7677",13
"3194",3194,"3192, 3193, 3277, 8214, 3394, 3295, 3196",7
"3195",3195,"3095, 2995, 3094, 3096, 3193, 3395, 3296, 3197, 3294, 7350, 3636",11
"3196",3196,"3096, 2006, 2996, 3097, 3194, 3396, 3198, 3295, 3296, 3197, 8902",11
"3197",3197,"3097, 3196, 2997, 3096, 3098, 3195, 3397, 3298, 3199, 3297, 3198",11
"3198",3198,"3098, 3197, 3097, 3099, 3196, 3398, 3299, 3200, 3297, 3298",10
"3199",3199,"2999, 3098, 3100, 3197, 3399, 3300, 5456, 3299, 7464",9
"3200",3200,"3100, 3000, 3099, 3198, 3400, 3299, 3300",7
"3201",3201,"3101, 3001, 3102, 4999, 3401, 3302, 3214, 9038, 3301, 3202",10
"3202",3202,"3102, 3201, 3101, 3103, 7405, 5974, 3402, 3303, 3204, 3301, 3302, 3203",12
"3203",3203,"3103, 3202, 2025, 3003, 3104, 3304, 3205, 3302, 3399, 3303, 3204",11
"3204",3204,"3104, 3203, 148, 3004, 3103, 3105, 3202, 3404, 3305, 3206, 3303, 3304, 3205",13
"3205",3205,"3105, 3204, 2128, 3005, 3106, 3203, 3405, 3306, 3207, 3304, 5507, 3305, 3206",13
"3206",3206,"3106, 3205, 3006, 3105, 3204, 3406, 3307, 3208, 3305, 3306, 3207",11
"3207",3207,"3107, 3206, 3007, 3106, 3108, 3205, 3407, 3308, 3209, 3306, 8293, 3307, 3208",13
"3208",3208,"3108, 3207, 3008, 3107, 3109, 3206, 7293, 3408, 3309, 3210, 3307, 6069, 3308, 3209",14
"3209",3209,"3109, 3208, 3009, 3108, 3207, 4248, 8000, 8021, 3409, 7708, 3308, 6398, 7953",13
"3210",3210,"3110, 3010, 3109, 3111, 3208, 5456, 3410, 3311, 3212, 3309, 3310, 3211",12
"3211",3211,"3210, 3011, 3110, 3112, 7064, 3411, 3213, 3310, 3311, 3212",10
"3212",3212,"3112, 3211, 3012, 3111, 3113, 3210, 4777, 3412, 3313, 3311, 3312, 5695",12
"3213",3213,"3113, 3013, 3112, 3114, 3211, 3413, 3314, 3215, 3312, 3313, 3214",11
"3214",3214,"955, 3114, 3213, 3014, 3113, 3201, 5824, 3414, 3315, 3216, 3313, 6426, 3322, 3314, 3215",15
"3215",3215,"2145, 3115, 3214, 3015, 3114, 2861, 3213, 3316, 3217, 3314, 3315, 4443",12
"3216",3216,"3116, 3016, 3117, 3214, 3416, 3317, 3218, 3315, 3316, 7224",10
"3217",3217,"3117, 2035, 3017, 3116, 3118, 3215, 3417, 3318, 3219, 3316, 3317",11
"3218",3218,"3117, 3119, 3216, 3418, 3319, 3220, 3317, 3318, 3219, 6640, 4340",11
"3219",3219,"3119, 3218, 3019, 3118, 3217, 8038, 6345, 5446, 3985, 3419, 3320, 3221, 3318, 3319, 3220",15
"3220",3220,"3120, 3219, 3020, 3119, 3218, 1993, 6974, 7382, 9017, 3420, 3321, 3222, 8871, 3221",14
"3221",3221,"3121, 3220, 3120, 3122, 3219, 3421, 3322, 3223, 3320, 4070, 3222",11
"3222",3222,"3122, 3221, 3022, 3123, 3220, 3121, 7085, 3422, 3323, 3224, 3321, 3322, 3223",13
"3223",3223,"3123, 3222, 3023, 3124, 3221, 3122, 9480, 3225, 3322, 4212, 3224",11
"3224",3224,"3124, 3223, 3024, 3125, 3222, 3424, 3325, 3226, 3323, 5249, 3324, 3225",12
"3225",3225,"3125, 3224, 3124, 3126, 3223, 2868, 3425, 4764, 3325, 3226",10
"3226",3226,"3126, 3225, 3026, 3125, 3127, 3224, 5128, 3426, 6995, 3228, 3325, 3326, 3227",13
"3227",3227,"3127, 3226, 3027, 3126, 3128, 3162, 3427, 3328, 3326, 3327, 3468",11
"3228",3228,"2766, 1223, 3028, 3127, 3129, 3226, 3428, 3329, 3230, 3327, 3328, 3229",12
"3229",3229,"3228, 3029, 3128, 3130, 4775, 3429, 3330, 4068, 3436, 3329, 3230",11
"3230",3230,"3130, 3229, 3129, 3131, 3228, 5296, 4672, 3331, 3232, 3329, 9711, 3231",12
"3231",3231,"3131, 3230, 3031, 9946, 7970, 3431, 3332, 3233, 3330, 5426, 3331",11
"3232",3232,"3132, 3133, 3230, 3432, 3333, 3331, 7815, 3332, 3233, 5477",10
"3233",3233,"3232, 406, 3033, 3132, 3134, 3231, 3433, 3334, 3235, 3332, 3333, 3234",12
"3234",3234,"3233, 2107, 3034, 3133, 3135, 8382, 3434, 3335, 3236, 3333, 3334, 3235",12
"3235",3235,"3135, 3234, 3035, 3134, 3136, 3233, 8589, 3435, 3336, 3237, 3334, 3335, 3236",13
"3236",3236,"3136, 3235, 3036, 3135, 3137, 3234, 2845, 274, 6975, 3436, 3337, 3238, 3335, 6700, 3336, 3237",16
"3237",3237,"3137, 3236, 3037, 3136, 3235, 9977, 4541, 4859, 3338, 3239, 3336, 3337, 3238",13
"3238",3238,"3237, 3137, 3236, 9056, 3438, 8460, 3240, 3337, 5897, 3338, 3239",11
"3239",3239,"3139, 3238, 3039, 3138, 3140, 3237, 3439, 3340, 3241, 3338, 3339, 3240",12
"3240",3240,"2331, 3140, 3239, 3040, 3139, 3141, 3238, 5672, 3440, 3242, 3339, 3340",12
"3241",3241,"2692, 3041, 3140, 3142, 3239, 4825, 3441, 3342, 3243, 3340, 4279, 3242, 4316",13
"3242",3242,"3142, 3241, 2572, 3042, 3143, 3240, 3442, 3343, 3341, 3342, 3243",11
"3243",3243,"3143, 3242, 3142, 3144, 3241, 4718, 3443, 3344, 3245, 3342, 3343, 6622",12
"3244",3244,"3144, 3044, 3143, 3145, 4912, 3444, 3345, 3246, 9971, 3650, 3245",11
"3245",3245,"3145, 3244, 3045, 3144, 3146, 3243, 1790, 3346, 3247, 3344, 6699, 3345",12
"3246",3246,"3146, 2915, 2717, 3046, 3147, 3244, 3446, 3347, 3248, 3345, 3346, 3247",12
"3247",3247,"3147, 3246, 3047, 3146, 3148, 3245, 3447, 3249, 3346, 3578, 3248",11
"3248",3248,"3247, 2009, 3048, 3147, 3149, 3246, 2029, 6900, 4106, 3349, 3250, 3347, 8743, 3348, 3249",15
"3249",3249,"3149, 3248, 3049, 3148, 3150, 3247, 3449, 3350, 3251, 3348, 3349, 3250",12
"3250",3250,"1844, 3150, 3249, 3050, 3149, 3248, 5853, 3450, 9744, 3349, 3350, 3251",12
"3251",3251,"3151, 3250, 3051, 3150, 3249, 8741, 3451, 3352, 3253, 3350, 3351, 3252",12
"3252",3252,"3152, 3251, 3052, 3151, 3153, 5996, 6657, 3452, 3353, 3254, 3351, 7644, 3352, 3253",14
"3253",3253,"3153, 3252, 3053, 3152, 3154, 3251, 4875, 3453, 3354, 3255, 3352, 8818, 3353, 3254",14
"3254",3254,"3154, 3253, 3054, 3153, 3155, 3252, 3454, 3355, 3256, 3353, 3354",11
"3255",3255,"1226, 3156, 3253, 6356, 8060, 4686, 3455, 3356, 3257, 3354, 3963, 3256, 6163",13
"3256",3256,"3156, 3255, 3056, 3155, 3254, 2943, 7165, 3456, 3357, 4390, 3355, 3356",12
"3257",3257,"3157, 2028, 3156, 3158, 3255, 2677, 5092, 3457, 3259, 3356, 7002, 3357, 3258",13
"3258",3258,"3257, 2266, 3058, 3157, 3159, 3458, 3359, 3357, 3358, 3259",10
"3259",3259,"3159, 3258, 3059, 920, 3160, 3257, 9423, 5301, 3459, 5747, 3261, 3358, 3260",13
"3260",3260,"3060, 3161, 3259, 4139, 3460, 3361, 3262, 3359, 7754, 7563, 5704, 3360, 7888",13
"3261",3261,"3161, 3061, 3160, 3162, 3259, 783, 3461, 3263, 3360, 5258, 3361, 3262",12
"3262",3262,"3261, 2170, 3161, 3163, 3260, 2890, 3433, 3462, 3363, 3579, 3362, 3263",12
"3263",3263,"3163, 3262, 3063, 3162, 3261, 6738, 3463, 3364, 3362, 6522, 3363, 4650",12
"3264",3264,"3164, 3064, 3163, 3165, 3464, 3266, 4051, 3364, 3265",9
"3265",3265,"3165, 3264, 3065, 3164, 3166, 3465, 3366, 3267, 3364, 4859, 3365, 3266",12
"3266",3266,"3265, 3066, 3167, 3264, 3165, 3466, 3367, 3268, 6036, 3366, 3267",11
"3267",3267,"3167, 3266, 1361, 1452, 3067, 3265, 3467, 9972, 3366, 9069, 3367, 3268",12
"3268",3268,"3168, 3267, 3167, 3169, 3266, 3468, 5485, 3270, 3367, 3368, 3269",11
"3269",3269,"3169, 3268, 3069, 3168, 3170, 1906, 9723, 3544, 3469, 3370, 3271, 3368, 3270",13
"3270",3270,"3170, 3269, 3070, 3169, 3171, 3268, 2917, 9385, 7848, 3272, 3369, 8284, 9447, 3271",14
"3271",3271,"3171, 3270, 3172, 3269, 7174, 6951, 3471, 3372, 4977, 3370, 8522, 3371, 3272",13
"3272",3272,"3271, 3171, 3173, 3270, 8926, 6793, 3472, 3373, 3274, 3371, 6534, 3372, 3273",13
"3273",3273,"3173, 3272, 3073, 3172, 3174, 4584, 3275, 3372, 3274",9
"3274",3274,"3174, 2104, 3173, 3175, 3272, 3273, 8022, 3474, 3375, 3276, 3373, 3374, 3275",13
"3275",3275,"3175, 3274, 2912, 3075, 3176, 3273, 3475, 3376, 3277, 9381, 4360, 3375, 3276",13
"3276",3276,"321, 3275, 3076, 3175, 3177, 3274, 7418, 3476, 3377, 3278, 3375, 3376, 3277",13
"3277",3277,"818, 3276, 3077, 3194, 3178, 3275, 3477, 3378, 3279, 7566, 3377, 3278",12
"3278",3278,"3277, 3078, 3177, 3179, 3276, 2395, 7759, 3379, 3280, 3377, 3378",11
"3279",3279,"3079, 3178, 3277, 3280, 9607, 8540, 3530, 3281, 3378",9
"3280",3280,"116, 3180, 3279, 3080, 1737, 3278, 3727, 3480, 3282, 3379, 3380, 3281",12
"3281",3281,"1451, 3181, 3280, 3081, 3180, 520, 3279, 3481, 3382, 3283, 3380, 3381, 3282",13
"3282",3282,"3182, 3281, 2013, 3082, 3280, 3181, 3482, 3383, 3284, 3381, 6937, 3382, 3283",13
"3283",3283,"3183, 3282, 3182, 3281, 334, 3483, 3384, 3285, 3382, 3383",10
"3284",3284,"3184, 2068, 3084, 3282, 5897, 3484, 3385, 3286, 3854, 3384, 3285",11
"3285",3285,"2009, 3185, 3284, 554, 3085, 3184, 3283, 9751, 4663, 3485, 3386, 3287, 3384, 4044, 3385, 3286",16
"3286",3286,"3186, 3285, 3185, 3187, 3284, 8694, 5615, 6630, 3387, 3288, 3385, 3386, 3287",13
"3287",3287,"3187, 3286, 3188, 3285, 6568, 3487, 3388, 3289, 3386, 3387",10
"3288",3288,"2753, 3188, 1145, 3088, 3187, 3189, 3286, 3488, 3389, 3290, 8110, 3388, 4977, 3525",14
"3289",3289,"3089, 3188, 3190, 3287, 7180, 3489, 3390, 3291, 6488, 5797, 3389",11
"3290",3290,"1936, 3190, 2400, 1671, 2085, 3090, 3189, 3191, 3288, 3391, 3389, 5973, 3390, 3291",14
"3291",3291,"3290, 3091, 3190, 3192, 3289, 5051, 3491, 3392, 3293, 6748, 3391, 3292",12
"3292",3292,"3192, 3291, 3092, 3193, 1558, 3191, 7669, 9820, 3393, 3294, 3391, 3392",12
"3293",3293,"3093, 3192, 3291, 13, 5044, 3493, 3394, 3295, 9436, 3393, 3294, 8593, 6832",13
"3294",3294,"3293, 2077, 3195, 3292, 3494, 3395, 3296, 3393, 5606, 3394, 3295, 9965",12
"3295",3295,"1711, 3294, 3095, 3194, 3196, 3293, 3495, 8976, 3297, 3394, 3395, 3296",12
"3296",3296,"3196, 3295, 3096, 3195, 2524, 3294, 3496, 3397, 3298, 3395, 3396, 3297",12
"3297",3297,"3197, 3296, 3097, 3198, 3295, 6797, 3497, 3398, 3299, 3396, 5225, 3397, 3298",13
"3298",3298,"3198, 3297, 3098, 3197, 3296, 3498, 3399, 3300, 3397, 3398, 3299",11
"3299",3299,"3199, 3298, 3099, 3198, 3200, 3297, 9430, 3499, 3400, 3398, 3300",11
"3300",3300,"2836, 3200, 3100, 3199, 3298, 3299, 6959, 3500, 3399, 3400",10
"3301",3301,"3201, 3101, 3202, 3501, 3744, 3303, 3401, 3302",8
"3302",3302,"3202, 3301, 3102, 3201, 3203, 9618, 3403, 3304, 3401, 3402, 3303",11
"3303",3303,"3203, 3302, 517, 3103, 3202, 3204, 3301, 3503, 3404, 3402, 3403, 3304",12
"3304",3304,"3204, 3303, 3104, 3203, 3205, 3302, 3504, 9513, 3306, 3403, 3305",11
"3305",3305,"3205, 3304, 3105, 3204, 3206, 3505, 3406, 3307, 3404, 3734, 8275, 4851, 3405, 5555",14
"3306",3306,"3206, 3205, 3207, 3304, 3506, 3407, 3308, 3405, 3406, 3307",10
"3307",3307,"3207, 3306, 3206, 3208, 3305, 3507, 3408, 3309, 3406, 3407, 3308",11
"3308",3308,"3208, 3307, 3108, 3207, 3209, 3306, 6458, 3508, 3409, 4996, 3408, 3309",12
"3309",3309,"3308, 3109, 3208, 3210, 3307, 3509, 3410, 3311, 3408, 8130, 3409, 3310",12
"3310",3310,"616, 3210, 3309, 3211, 415, 3510, 3411, 3312, 3409, 5084, 3410, 3311",12
"3311",3311,"3211, 3310, 3111, 3210, 3212, 3309, 7283, 3511, 3412, 3313, 3410, 4061, 3411, 3312",14
"3312",3312,"3212, 3311, 1854, 3112, 2374, 3213, 3310, 571, 5025, 3719, 3512, 3413, 3314, 3411, 3412",15
"3313",3313,"3213, 3212, 3214, 3311, 3513, 3414, 3315, 3412, 7607, 3413, 3314",11
"3314",3314,"3214, 3313, 3114, 3213, 3215, 3312, 5587, 3316, 3413, 3414, 3315",11
"3315",3315,"3215, 3314, 3115, 3214, 3216, 3313, 8279, 3317, 3414, 6418, 3415, 3316",12
"3316",3316,"3216, 3315, 3116, 3215, 3217, 3314, 3427, 3516, 3417, 3318, 3415, 3416, 3317",13
"3317",3317,"570, 3217, 3316, 2871, 3216, 3218, 3315, 6418, 5691, 3517, 3418, 3319, 3416, 3417, 3318",15
"3318",3318,"3218, 3317, 3118, 3217, 3219, 3316, 1295, 7040, 3518, 3320, 3417, 3418, 3319",13
"3319",3319,"3219, 3318, 2404, 3119, 3218, 3317, 8307, 6690, 3519, 3420, 6538, 8303, 3419, 3320",14
"3320",3320,"3319, 3120, 3219, 3221, 3318, 3421, 3322, 3419, 3420, 3321",10
"3321",3321,"3320, 3220, 3222, 356, 3416, 9703, 3521, 3422, 3323, 9084, 3322",11
"3322",3322,"3222, 3221, 3223, 3320, 3214, 3321, 5339, 3522, 3423, 3324, 3421, 3512",12
"3323",3323,"3123, 3222, 3224, 3321, 8961, 3523, 3424, 3325, 3422, 8737, 3423, 3324",12
"3324",3324,"3224, 3323, 3124, 3322, 1645, 1718, 3425, 3326, 9818, 8791, 3325",11
"3325",3325,"3225, 3324, 3125, 3224, 3226, 3323, 9510, 3525, 3426, 3327, 3424, 3425, 5369",13
"3326",3326,"3226, 3126, 3227, 3324, 3526, 3427, 3328, 3425, 6375, 3327",10
"3327",3327,"3227, 3326, 195, 3228, 3325, 5597, 3428, 3329, 3426, 3427, 3328",11
"3328",3328,"3228, 3327, 3128, 3227, 3326, 3528, 8740, 3330, 9542, 3428, 3329",11
"3329",3329,"3229, 3328, 3129, 3228, 3230, 3327, 2809, 9737, 6996, 3529, 3430, 3331, 4739, 3330",14
"3330",3330,"3130, 3229, 3231, 3328, 1699, 3329, 3530, 3431, 3429, 3430, 3331",11
"3331",3331,"735, 3231, 3330, 3131, 3230, 3329, 3232, 3971, 3531, 3432, 3333, 3430, 3431, 3332",14
"3332",3332,"1669, 3232, 3331, 3132, 3231, 3233, 3532, 3431, 6084, 5788, 9507",11
"3333",3333,"3233, 2393, 3133, 3232, 3234, 3331, 7354, 3533, 3434, 3335, 3433, 3334",12
"3334",3334,"3234, 3333, 3131, 3233, 3235, 9449, 3534, 3435, 3336, 3433, 8656, 3434",12
"3335",3335,"3235, 3135, 3234, 3236, 3333, 3535, 3436, 3434, 3435, 3336, 3607",11
"3336",3336,"2230, 3236, 3335, 3037, 3235, 3237, 3334, 3536, 3437, 3338, 9234, 5536, 3436",13
"3337",3337,"3237, 3137, 3236, 3238, 3537, 3438, 3339, 3436, 9257, 3338, 7754",11
"3338",3338,"3238, 2126, 3138, 3237, 3239, 3336, 757, 3337, 3538, 7530, 3437, 3438, 3339",13
"3339",3339,"3239, 3338, 3139, 3240, 3337, 3539, 3440, 3341, 3438, 3439, 3340",11
"3340",3340,"3240, 3339, 3140, 3239, 3241, 6878, 3540, 7118, 3342, 5386, 3440, 3341",12
"3341",3341,"3340, 3141, 3242, 3339, 3541, 3442, 3343, 6168, 3342",9
"3342",3342,"3242, 3341, 3142, 3241, 3243, 3340, 3670, 3542, 3443, 3344, 3441, 3442, 3343",13
"3343",3343,"3243, 3342, 3143, 3242, 3341, 5928, 6096, 3543, 3444, 3345, 3442, 3443, 3344",13
"3344",3344,"1046, 3343, 3144, 3243, 3245, 3342, 3544, 3445, 3346, 3443, 3444, 3345",12
"3345",3345,"3245, 3344, 3145, 3244, 3246, 3343, 4999, 4137, 3545, 3446, 3347, 3444, 3445, 3346",14
"3346",3346,"3246, 3345, 3146, 3245, 3247, 3344, 620, 3546, 3348, 3446, 3347",11
"3347",3347,"3346, 1658, 3246, 3248, 3345, 3547, 3448, 3349, 3446, 6695, 6616, 3447, 3348",13
"3348",3348,"3248, 3347, 3148, 3249, 3346, 4311, 3548, 3449, 3350, 3447, 5194, 3448, 3349",13
"3349",3349,"3249, 3348, 3149, 3248, 3250, 3347, 3728, 3549, 3450, 3351, 3448, 7146, 3449, 3350",14
"3350",3350,"3250, 3349, 3150, 3249, 3251, 3348, 3539, 3550, 3451, 3449, 6561, 3450, 3351",13
"3351",3351,"3251, 3350, 3151, 3252, 3349, 3551, 3452, 3353, 3450, 3451",10
"3352",3352,"3252, 3251, 3253, 3552, 3354, 3451, 9396, 3452, 3353, 9466",10
"3353",3353,"3253, 3352, 328, 3153, 3252, 3254, 3351, 3553, 3454, 3355, 3452, 3354",12
"3354",3354,"3254, 3353, 3154, 3253, 3255, 3352, 8744, 3554, 3356, 3454",10
"3355",3355,"878, 1334, 3155, 3254, 3256, 3353, 3555, 3456, 3357, 3454, 3455",11
"3356",3356,"3256, 3156, 3255, 3257, 3354, 5877, 5348, 3556, 3358, 3455, 3456, 3357",12
"3357",3357,"3257, 3356, 3256, 3258, 3355, 2146, 3458, 3359, 3456, 3457, 3358",11
"3358",3358,"3258, 3357, 1300, 3158, 3259, 3356, 3558, 3459, 3909, 3457, 3359",11
"3359",3359,"3159, 3258, 3260, 3357, 3358, 3692, 3460, 3361, 3458, 3459, 3360, 9735",12
"3360",3360,"3260, 3359, 3261, 3459, 3560, 3461, 4858, 3460, 3361",9
"3361",3361,"3261, 3360, 1502, 3161, 3260, 3359, 3561, 3363, 3460, 9324, 3461, 3362",12
"3362",3362,"3262, 3361, 3263, 3463, 3364, 3461, 3462, 3363",8
"3363",3363,"3263, 3362, 3163, 3262, 3361, 9425, 3563, 3464, 3365, 3462, 3364",11
"3364",3364,"3264, 3263, 3265, 3362, 3363, 3465, 3366, 3463, 6455, 3464, 3365",11
"3365",3365,"3265, 3364, 2598, 3363, 8373, 8782, 3565, 8215, 3367, 3464, 9736, 4624, 3465, 3366",14
"3366",3366,"3266, 3365, 3166, 3265, 3267, 3364, 5377, 3566, 3368, 3465",10
"3367",3367,"3267, 3167, 3266, 3268, 3365, 8812, 6619, 3567, 3468, 3369, 3466, 3467, 3368, 8294",14
"3368",3368,"3268, 3367, 3168, 3269, 3366, 2103, 6082, 3568, 3469, 3467, 9105, 3468, 3369",13
"3369",3369,"3368, 3169, 3270, 3367, 704, 8370, 3569, 3470, 3371, 3469, 3370",11
"3370",3370,"3369, 3170, 3269, 3271, 3570, 3372, 3469, 3470",8
"3371",3371,"3271, 299, 50, 3171, 3272, 3369, 3571, 9805, 3373, 3372",10
"3372",3372,"3272, 3172, 3271, 3273, 3370, 3371, 3572, 3473, 3374, 5969, 3472",11
"3373",3373,"525, 3173, 3272, 3274, 3371, 3607, 3573, 3474, 3375, 3472, 3473, 3374",12
"3374",3374,"3274, 3373, 3372, 5077, 3475, 3376, 3474, 3375",8
"3375",3375,"3275, 3374, 3175, 3274, 3276, 3373, 3575, 3377, 3474, 3475, 3376",11
"3376",3376,"621, 3276, 3375, 3176, 3275, 3374, 1569, 3477, 3378, 3475, 3377",11
"3377",3377,"3277, 2160, 3276, 3278, 3375, 1184, 3376, 3577, 3478, 3379, 3477, 3378",12
"3378",3378,"3278, 3377, 3178, 3277, 3279, 3376, 7251, 3479, 3380, 3477, 3478, 3379",12
"3379",3379,"3378, 3179, 3278, 3280, 3377, 3579, 3480, 3381, 3478, 4857, 3479",11
"3380",3380,"2760, 3280, 1788, 756, 3180, 3281, 3378, 8974, 7758, 3580, 3481, 3382, 3479, 3480, 3381, 5628",16
"3381",3381,"1056, 3281, 3380, 1458, 3282, 3379, 5300, 7750, 3581, 3482, 3383, 3480, 3481, 3382",14
"3382",3382,"2411, 3282, 3381, 3182, 3281, 3283, 3380, 5903, 4697, 3582, 3384, 3481, 3482, 3383",14
"3383",3383,"3283, 3382, 3183, 3282, 3381, 326, 2534, 3583, 3385, 3482, 6030, 5789, 3483",13
"3384",3384,"3284, 1321, 3283, 3285, 3382, 3584, 3485, 3386, 3483, 3484, 3385",11
"3385",3385,"3285, 3384, 3185, 3284, 3286, 3383, 378, 3585, 3387, 3484, 4690, 3485, 3386",13
"3386",3386,"3286, 3385, 3186, 3285, 3287, 3384, 1787, 4470, 4373, 3487, 3485, 3486, 3387",13
"3387",3387,"880, 3287, 3386, 1668, 3187, 3286, 3385, 3587, 3488, 3389, 3486, 3487, 3388",13
"3388",3388,"3288, 3387, 3188, 3287, 7813, 3588, 3489, 3390, 5150, 6056, 3488, 3389",12
"3389",3389,"1763, 3289, 3388, 3288, 3290, 3387, 3589, 3391, 3488, 3489",10
"3390",3390,"3290, 1476, 3190, 3289, 3388, 5805, 3491, 4279, 3489, 3490, 8003, 4532",12
"3391",3391,"3291, 3290, 3292, 3389, 3591, 3393, 3490, 3491, 3392",9
"3392",3392,"3292, 3391, 3192, 3291, 7954, 3592, 3493, 3394, 9117, 5714, 3393",11
"3393",3393,"3293, 3392, 3193, 3292, 3294, 3391, 4518, 3593, 3494, 3395, 3492, 3493, 3394",13
"3394",3394,"3294, 3393, 3194, 3293, 3295, 3392, 3846, 3594, 3495, 3396, 3493, 3494, 3395",13
"3395",3395,"3295, 3394, 3195, 3294, 3296, 3393, 3496, 3397, 3494, 3495, 3396",11
"3396",3396,"3296, 3395, 3196, 3297, 3394, 9602, 3596, 3398, 3495, 8208, 3496",11
"3397",3397,"3297, 117, 3197, 3296, 3298, 3395, 8811, 3597, 3498, 3399, 3496, 3398",12
"3398",3398,"3298, 3198, 3297, 3299, 3396, 3397, 3598, 3499, 3400, 3497, 3498",11
"3399",3399,"3199, 3298, 3300, 3397, 3203, 4816, 3599, 3500, 3498, 3400, 8326",11
"3400",3400,"3300, 3399, 3200, 3299, 3398, 9988, 6655, 4223, 3499, 3500",10
"3401",3401,"3301, 3157, 3201, 3302, 9428, 3601, 3502, 3403, 3501, 5204",10
"3402",3402,"3302, 1117, 3202, 3303, 3602, 3503, 3501, 3403",8
"3403",3403,"3303, 3402, 269, 3302, 3304, 3401, 5392, 3504, 3502, 3503, 3404",11
"3404",3404,"1988, 3403, 3204, 3303, 3305, 3505, 3406, 3503, 3504, 3405",10
"3405",3405,"3305, 3404, 3205, 3306, 923, 3605, 3506, 3504, 3406",9
"3406",3406,"3306, 1037, 3206, 3305, 3307, 3404, 3405, 9098, 5833, 3606, 9183, 3408, 3505, 3506, 3407",15
"3407",3407,"3307, 3406, 3207, 3306, 5474, 3607, 3508, 3409, 6202, 4697, 3507, 3408",12
"3408",3408,"3308, 3407, 3208, 3307, 3309, 3406, 3608, 3509, 3410, 3507, 3409",11
"3409",3409,"3309, 3209, 3308, 3310, 3407, 2803, 3408, 3609, 3510, 3411, 3508, 3410",12
"3410",3410,"3310, 3409, 3210, 3309, 3311, 3408, 3610, 3511, 3412, 3509, 3510, 3411",12
"3411",3411,"2168, 3311, 3410, 3211, 3310, 3312, 3409, 3611, 3413, 3510, 3511, 3412",12
"3412",3412,"3312, 3411, 3212, 3311, 3313, 3410, 9425, 3513, 3414, 3511, 5031, 3512, 3413",13
"3413",3413,"3313, 3412, 3213, 3312, 3314, 3411, 3613, 3514, 3415, 3512, 3513, 3414",12
"3414",3414,"3314, 3413, 3214, 3313, 3315, 3412, 3614, 3502, 3416, 3513, 3514, 3415",12
"3415",3415,"3315, 3414, 2030, 3316, 3413, 5309, 3516, 7725, 3514, 3515, 3416",11
"3416",3416,"3316, 3415, 205, 3321, 3216, 2020, 3317, 3414, 1081, 3616, 3517, 3515, 3417",13
"3417",3417,"1624, 3317, 3416, 1444, 3217, 3316, 3318, 3518, 3516, 3418",10
"3418",3418,"3318, 2042, 3218, 3317, 2205, 3417, 7674, 3519, 3517, 3419",10
"3419",3419,"3319, 3418, 1338, 3219, 3320, 518, 9205, 8327, 3619, 3520, 3518, 3519, 3420",13
"3420",3420,"391, 3320, 3419, 3220, 3319, 2072, 3620, 3422, 3519, 3520, 6210",11
"3421",3421,"3221, 3320, 3322, 2437, 1108, 9894, 3621, 3423, 3521, 5826",10
"3422",3422,"3222, 3321, 3323, 3420, 3622, 3523, 3424, 3521, 3522, 3423, 9838",11
"3423",3423,"3323, 3422, 3322, 3421, 5260, 8657, 4192, 5265, 3524, 3425, 3522, 7014, 3424",13
"3424",3424,"3224, 3323, 3325, 3422, 3423, 3624, 3525, 3523, 4819, 3425",10
"3425",3425,"3325, 588, 3225, 3324, 3326, 3423, 3424, 3526, 3524, 3525, 3426",11
"3426",3426,"2480, 3425, 3226, 3325, 3327, 2738, 7005, 6671, 6513, 3626, 3527, 3428, 3525, 3526, 3427",15
"3427",3427,"3327, 3426, 3227, 3326, 3316, 7026, 3627, 3429, 7575, 3527, 3428",11
"3428",3428,"3328, 3427, 3228, 3426, 3327, 9468, 3628, 3529, 3430, 3527, 3528, 9900",12
"3429",3429,"3229, 3330, 3427, 6476, 3530, 3431, 3529, 3430",8
"3430",3430,"3330, 3429, 3329, 3331, 3428, 3630, 3531, 3432, 3529, 3530, 3431",11
"3431",3431,"3331, 3430, 1143, 3231, 3330, 3332, 3429, 3631, 3532, 3433, 3531, 8935",12
"3432",3432,"3232, 3331, 3156, 3430, 7713, 3632, 3533, 3434, 3531, 3532",10
"3433",3433,"2652, 3262, 3333, 3233, 3334, 3431, 3633, 3435, 3532, 3492, 8427, 8160, 3533, 7359",14
"3434",3434,"3334, 3234, 3333, 3335, 3432, 3921, 3634, 3535, 3533, 3534, 3435, 7367",12
"3435",3435,"3335, 3434, 184, 3235, 3334, 3433, 5193, 4824, 3635, 3536, 3437, 3534, 3535, 3436",14
"3436",3436,"1111, 3336, 3435, 1544, 3229, 3236, 3335, 3337, 3636, 3537, 3438, 3535, 4149, 3536, 3437",15
"3437",3437,"3436, 3336, 3338, 3435, 8122, 5632, 3637, 3538, 3439, 3536, 5590, 3537, 3438",13
"3438",3438,"3338, 3437, 3238, 3337, 3339, 3436, 3638, 3539, 8999, 3537, 3538",11
"3439",3439,"3339, 3239, 1627, 3437, 7405, 4513, 3639, 4551, 3441, 6355, 3539, 3440, 9773",13
"3440",3440,"3340, 3439, 3240, 3339, 655, 3541, 3442, 3539, 3540, 3441",10
"3441",3441,"3440, 3152, 3241, 3342, 3439, 3641, 3542, 3443, 3540, 3541, 3442",11
"3442",3442,"3342, 3441, 3242, 3341, 3343, 3440, 9407, 3642, 3543, 3444, 3541, 3542, 3443",13
"3443",3443,"1961, 3343, 3442, 3243, 3342, 3344, 3441, 2681, 3643, 3544, 3445, 3444",12
"3444",3444,"3344, 3443, 3244, 3343, 3345, 3442, 3644, 3545, 3446, 4409, 3544, 8274",12
"3445",3445,"3345, 3344, 3443, 3645, 3546, 3447, 3544, 3545, 3446",9
"3446",3446,"3346, 3445, 2574, 3246, 3345, 3347, 3444, 6221, 3646, 3547, 3448, 3545, 4373, 9862, 3447",15
"3447",3447,"3347, 3446, 3247, 3348, 3445, 4500, 5312, 3546, 3906, 3547, 3448",11
"3448",3448,"3348, 3447, 1457, 3347, 3349, 3446, 3648, 3549, 3450, 3547, 8884, 3449",12
"3449",3449,"3349, 3448, 605, 3249, 3348, 3350, 3649, 3550, 3451, 3549, 3450",11
"3450",3450,"3350, 3449, 3250, 3349, 3351, 3448, 8233, 3551, 3549, 3550, 3451",11
"3451",3451,"3351, 3450, 1340, 3251, 3350, 3352, 3449, 3651, 3793, 3453, 3551, 3452",12
"3452",3452,"3352, 3451, 3252, 3351, 3353, 6225, 5732, 3652, 3553, 3551, 5772, 3552",12
"3453",3453,"2745, 3253, 3451, 6876, 3552, 9099, 3554, 7011, 3553, 3454, 3662",11
"3454",3454,"365, 3453, 2780, 3254, 3353, 3355, 3354, 3654, 3555, 3456, 3553, 9458, 3554, 3455",14
"3455",3455,"3355, 3454, 3255, 3356, 2192, 3556, 3457, 3554, 6254, 9246, 3555, 3456",12
"3456",3456,"3356, 3455, 3256, 3355, 3357, 3454, 3656, 3557, 3458, 3555, 3556, 3457",12
"3457",3457,"3357, 3456, 3257, 3358, 3455, 5314, 3558, 3459, 3556, 4953, 5090, 3557, 3458",13
"3458",3458,"3457, 3258, 3357, 3359, 3456, 552, 5219, 6275, 3557, 6582, 3558, 3459",12
"3459",3459,"3359, 3458, 3259, 3358, 3360, 3457, 3047, 3659, 3560, 3461, 3558, 3559",12
"3460",3460,"3360, 3260, 3359, 3361, 9115, 4366, 3660, 3561, 3462, 3559, 3560, 3461",12
"3461",3461,"3361, 3460, 1336, 3261, 3360, 3362, 3459, 3775, 3582, 3661, 3562, 3463, 3560, 9088, 3462",15
"3462",3462,"3362, 3461, 3262, 3363, 3460, 488, 3662, 3464, 6064, 5864, 3562, 3463",12
"3463",3463,"3462, 3263, 3364, 3461, 2869, 3362, 7370, 3663, 3465, 3562, 3563, 8932",12
"3464",3464,"3364, 3264, 3363, 3365, 3462, 7142, 3664, 3565, 3466, 6981, 3564, 3465",12
"3465",3465,"3365, 3464, 3265, 3364, 3366, 3463, 5194, 5298, 3665, 3566, 3467, 3564, 4533, 3565, 3466",15
"3466",3466,"3465, 833, 2081, 3266, 3367, 3464, 8668, 4399, 3666, 3567, 4202, 3566, 3467",13
"3467",3467,"3367, 3466, 3267, 1503, 3368, 3465, 3959, 9859, 3469, 3566",10
"3468",3468,"3227, 3368, 117, 3268, 3367, 9496, 7123, 3668, 3569, 3470, 3567, 3568, 3469, 8691",14
"3469",3469,"3369, 3468, 3269, 3368, 3370, 3467, 3570, 3471, 3568, 3569, 3470",11
"3470",3470,"3370, 3469, 3369, 985, 3468, 3670, 3571, 3472, 8090, 5596, 3471",11
"3471",3471,"3470, 3271, 150, 3469, 6797, 3671, 3572, 3473, 3570, 7583, 3571, 3472",12
"3472",3472,"3372, 3471, 3272, 3373, 3470, 3474, 3672, 3571, 3572, 3473",10
"3473",3473,"3373, 3472, 868, 3372, 3471, 7236, 3673, 3574, 3475, 3572, 3573, 3474",12
"3474",3474,"3374, 3473, 2797, 3274, 3373, 3375, 3472, 9676, 5085, 3674, 3476, 3573, 3574, 3475",14
"3475",3475,"3375, 3474, 3275, 3374, 3376, 3473, 5671, 3675, 3576, 3477, 3574, 3575, 3476",13
"3476",3476,"296, 3475, 3276, 1475, 3474, 3481, 3676, 3577, 3575, 3576, 3477",11
"3477",3477,"3377, 3476, 3277, 3376, 3378, 3475, 4696, 3677, 3578, 3479, 5994, 3577, 3478",13
"3478",3478,"3378, 3477, 13, 3377, 3379, 3678, 3579, 3480, 3577, 3578, 3479",11
"3479",3479,"3379, 3478, 1799, 3380, 3477, 3378, 5956, 3679, 3580, 3481, 3578, 3480",12
"3480",3480,"3380, 3479, 867, 3280, 3379, 3381, 3478, 3680, 3581, 3482, 3579, 3580, 3481",13
"3481",3481,"3476, 3381, 3480, 3281, 3380, 3382, 3479, 22, 3582, 3483, 9517, 3581, 3482",13
"3482",3482,"3382, 3481, 158, 3282, 3381, 3383, 3480, 3583, 3484, 3581, 5301",11
"3483",3483,"3383, 297, 3283, 3094, 3384, 3481, 7438, 3683, 3584, 3485, 3582, 3583, 3484",13
"3484",3484,"976, 3384, 3483, 3284, 3385, 3482, 9891, 9246, 5283, 3684, 3585, 8580, 3583, 3584, 3485",15
"3485",3485,"3385, 3484, 1193, 3285, 3384, 3386, 3483, 3685, 3586, 3487, 3584, 3585, 3486",13
"3486",3486,"3386, 3485, 3387, 1586, 8283, 3686, 3587, 3585, 3586, 3487",10
"3487",3487,"3387, 3486, 3287, 3386, 3485, 3508, 3687, 3588, 3489, 3586, 3488",11
"3488",3488,"3388, 3487, 3288, 3387, 3389, 758, 3688, 3587, 3588, 3489",10
"3489",3489,"3389, 3488, 3289, 3388, 3390, 3487, 3689, 3590, 3588, 5171, 3589, 3490",12
"3490",3490,"3390, 3489, 640, 2654, 3391, 3690, 3591, 3492, 3589, 3491",10
"3491",3491,"3391, 3291, 3390, 3490, 9776, 3647, 3691, 3592, 3493, 3590, 7506, 3591, 3492",13
"3492",3492,"3491, 3433, 3393, 3490, 8831, 3692, 3494, 3591, 5051, 3642, 3592, 3493",12
"3493",3493,"1909, 3393, 3492, 3293, 3392, 3394, 3491, 1005, 6297, 3693, 3594, 3593, 3494",13
"3494",3494,"3394, 3493, 3294, 3393, 3395, 3492, 3694, 3595, 3496, 3593, 3594, 3495",12
"3495",3495,"3395, 3494, 3295, 3394, 3396, 3695, 9768, 3497, 3594, 3595, 3496",11
"3496",3496,"671, 3396, 3495, 3296, 3395, 3397, 3494, 3597, 3696, 8910, 3498, 3595, 3596, 3497",14
"3497",3497,"3496, 3297, 3398, 3495, 4382, 3598, 3499, 3596, 9791, 3597, 3498, 3943",12
"3498",3498,"3398, 3497, 3298, 3397, 3399, 3496, 8654, 3698, 3599, 3500, 3598, 3499",12
"3499",3499,"1452, 3498, 3299, 3398, 3400, 3497, 3699, 3600, 3598, 3599, 3500",11
"3500",3500,"3400, 3499, 3300, 3399, 3498, 9320, 3700, 3599, 3600",9
"3501",3501,"1105, 3401, 3301, 3402, 3701, 3602, 3503, 3601, 3502",9
"3502",3502,"2092, 3501, 3401, 3403, 3414, 5390, 3702, 3603, 3504, 3601, 9901, 3503",12
"3503",3503,"3403, 3502, 3303, 3402, 3404, 3501, 3693, 3703, 3604, 3505, 3603, 3504",12
"3504",3504,"3404, 3503, 3304, 3403, 3405, 3502, 3704, 3605, 3506, 3603, 3604, 3505",12
"3505",3505,"3504, 3305, 3406, 3503, 3404, 8067, 3705, 3606, 3507, 3604, 3605, 3506",12
"3506",3506,"3406, 3505, 3306, 3405, 3504, 3706, 3607, 3508, 3605, 3507",10
"3507",3507,"1813, 3407, 3307, 3408, 3505, 3506, 3707, 3509, 3606, 3607, 3508",11
"3508",3508,"3487, 3507, 3308, 3407, 3409, 3506, 3708, 3609, 3510, 3607, 3509",11
"3509",3509,"554, 2435, 3309, 3408, 3410, 3507, 3508, 3900, 3610, 3608, 9712, 3510",12
"3510",3510,"3410, 3310, 3409, 3411, 3508, 3509, 3710, 3611, 3512, 3609, 3610, 3511",12
"3511",3511,"3411, 3510, 3311, 3410, 3412, 3711, 3612, 3513, 3610, 4499, 3574, 3611, 3512",13
"3512",3512,"2871, 3322, 3412, 3511, 1494, 3312, 3413, 3510, 8305, 5631, 3712, 3613, 3514, 3611, 7514, 3612, 3513",17
"3513",3513,"3413, 3512, 3313, 3414, 3511, 3412, 9774, 3713, 3614, 3515, 3612, 3613, 5666",13
"3514",3514,"3414, 935, 3413, 3415, 3512, 3714, 3615, 3516, 3613, 3614, 3515",11
"3515",3515,"3415, 3514, 3416, 3513, 3715, 3517, 3614, 7266, 4519",9
"3516",3516,"3316, 3417, 3514, 3415, 3716, 3617, 3518, 3615, 9941, 3616",10
"3517",3517,"1557, 1506, 3317, 3416, 3418, 3515, 7429, 7365, 3717, 7825, 3519, 3616, 3617, 3518",14
"3518",3518,"3517, 3318, 3419, 3516, 3417, 8720, 6767, 3718, 3619, 3520, 3617, 3618, 3519",13
"3519",3519,"3419, 3518, 3319, 3418, 3420, 3517, 5279, 3719, 8040, 3521, 3618, 3619, 3520",13
"3520",3520,"3420, 3519, 2563, 3419, 3518, 1583, 4148, 3720, 3619, 3647, 3620, 3521",12
"3521",3521,"3421, 3520, 252, 3321, 3422, 3519, 8420, 3721, 3622, 3523, 5423, 3621, 3522",13
"3522",3522,"3422, 3521, 3322, 3423, 3722, 3623, 3524, 3621, 8307, 3622, 3523",11
"3523",3523,"3522, 3422, 3424, 3521, 3323, 8379, 3723, 3624, 3525, 3622, 5004, 3623, 3524",13
"3524",3524,"3523, 3423, 3425, 3522, 9493, 3724, 3625, 3526, 3623, 3624, 3525",11
"3525",3525,"3288, 3425, 3524, 77, 3325, 3424, 3426, 3523, 3725, 3626, 3527, 3624",12
"3526",3526,"3426, 3326, 3524, 3425, 7137, 5144, 3726, 3627, 3528, 3625, 3626, 5234",12
"3527",3527,"3427, 3095, 3426, 3428, 3525, 3628, 3529, 3626, 5659, 3528",10
"3528",3528,"3428, 1259, 3328, 3526, 3527, 7490, 3728, 3629, 3530, 3627, 9968, 3628, 3529",13
"3529",3529,"3429, 3528, 3329, 3428, 3430, 3527, 738, 3729, 3630, 3531, 3628, 3530",12
"3530",3530,"3430, 3529, 3279, 3330, 49, 3528, 3429, 3730, 3631, 3629, 3630, 3531",12
"3531",3531,"3431, 3530, 3331, 3430, 3432, 3529, 3731, 3632, 3533, 5176, 3631, 3532",12
"3532",3532,"3432, 3531, 546, 3332, 3431, 3433, 1910, 3732, 3633, 3534, 3631, 4750, 3632, 3533",14
"3533",3533,"3433, 3532, 3333, 3432, 3434, 3531, 3733, 3634, 3535, 9116, 4525, 3633, 3534",13
"3534",3534,"3434, 3533, 3334, 3435, 3532, 8733, 3635, 3536, 3633, 5449, 3634, 3535",12
"3535",3535,"3435, 3534, 3335, 3434, 3436, 3533, 3636, 3537, 3634, 3635, 3536",11
"3536",3536,"431, 3436, 3535, 3336, 3435, 3437, 3534, 3736, 3637, 3538, 3635, 3636, 3537",13
"3537",3537,"3437, 3536, 3337, 3436, 3438, 3535, 1999, 3737, 3638, 5453, 3636, 3637, 4460",13
"3538",3538,"2062, 3438, 3338, 3437, 3536, 3738, 3639, 3540, 3637, 3638, 3539",11
"3539",3539,"3439, 3538, 3339, 3438, 3440, 3350, 9512, 3739, 3640, 3541, 3638, 3540",12
"3540",3540,"3440, 3340, 3441, 3538, 3539, 7509, 3740, 6508, 3542, 3639, 3640, 3541",12
"3541",3541,"3441, 3540, 3341, 3442, 3539, 3440, 4683, 4110, 3741, 3642, 3543, 3640, 8287, 3641, 3542",15
"3542",3542,"3442, 3541, 3342, 3441, 3540, 5904, 3742, 3643, 3544, 3641, 3642, 3543",12
"3543",3543,"3542, 3343, 3442, 3541, 5984, 3743, 3644, 3545, 3642",9
"3544",3544,"3444, 1034, 3344, 3443, 3445, 3542, 3269, 7050, 3744, 6181, 3643, 3644, 3545",13
"3545",3545,"3445, 3544, 3345, 3444, 3446, 3543, 3745, 3646, 3547, 3644, 3645, 5152",12
"3546",3546,"3346, 3445, 3447, 18, 5325, 3746, 3548, 3645, 3646, 3547",10
"3547",3547,"3447, 3546, 3062, 3347, 3446, 3448, 3545, 8609, 4892, 3747, 3648, 3549, 3646, 3647, 3548",15
"3548",3548,"3547, 3348, 3546, 8642, 9283, 8015, 3748, 3649, 3550, 5750, 8937, 3648, 3549",13
"3549",3549,"3449, 3548, 3349, 3448, 3450, 3547, 31, 8320, 3787, 3749, 3648, 6371, 3649, 3550",14
"3550",3550,"3450, 3549, 3350, 3449, 3548, 2519, 2385, 6513, 9091, 3651, 3649, 3650, 3551",13
"3551",3551,"3451, 3550, 3351, 3450, 3452, 4082, 9134, 3751, 3652, 3553, 3650, 4529, 3651, 3552",14
"3552",3552,"3452, 3551, 3097, 3352, 3453, 3752, 3653, 4553, 3651, 3652, 3553",11
"3553",3553,"3453, 3552, 3353, 3452, 3454, 3551, 4409, 3753, 3654, 3555, 3652, 8278, 6006, 3653, 3554",15
"3554",3554,"3454, 3553, 3354, 3453, 3455, 3556, 3653, 7006, 3654",9
"3555",3555,"3455, 2359, 394, 3355, 3454, 3456, 3553, 3755, 3656, 3557, 3654, 3655, 3556",13
"3556",3556,"3456, 3555, 3356, 3455, 3457, 3554, 8697, 3756, 3657, 3558, 3655, 3656, 3942",13
"3557",3557,"3457, 273, 3456, 3458, 3555, 6214, 3658, 3559, 3656, 3558",10
"3558",3558,"3458, 3557, 3358, 3457, 3459, 3556, 3758, 3659, 3560, 3657, 3658",11
"3559",3559,"3459, 3460, 3557, 1784, 5794, 3759, 3561, 3658, 3659, 3560, 9175",11
"3560",3560,"3460, 3559, 3360, 3459, 3461, 3558, 3760, 3661, 3562, 3659, 3660, 3561",12
"3561",3561,"3560, 1637, 3361, 3460, 3559, 3761, 3662, 9966, 3660, 5229, 3562",11
"3562",3562,"3462, 3561, 3026, 3461, 3463, 3560, 8030, 6760, 3965, 3762, 3663, 3564, 3661, 3662, 3563",15
"3563",3563,"3463, 3562, 3363, 3763, 3664, 8905, 3662, 4720, 3663, 3564",10
"3564",3564,"3464, 3563, 1920, 2256, 3465, 3562, 3764, 3665, 3566, 3663, 4734, 3664, 3565",13
"3565",3565,"3465, 3564, 3365, 3464, 6042, 3765, 3666, 3567, 3664, 6844, 3665, 3566",12
"3566",3566,"3466, 3565, 1899, 3366, 3465, 3467, 3564, 377, 3766, 3667, 3568, 3665, 3666, 3567",14
"3567",3567,"3566, 1773, 3367, 3466, 3468, 3565, 9542, 3767, 3668, 3569, 3666, 3667, 3568",13
"3568",3568,"3468, 3567, 3368, 3469, 3566, 3768, 3669, 3570, 3667, 3668, 3569",11
"3569",3569,"3469, 3568, 3369, 3468, 3567, 4534, 3769, 3670, 3571, 3668, 3669, 3570",12
"3570",3570,"3569, 3370, 3469, 3471, 3568, 5186, 3770, 3671, 3572, 3669, 3670, 3571",12
"3571",3571,"3471, 3570, 3371, 3470, 3472, 3569, 3771, 3672, 3670, 3671, 3572",11
"3572",3572,"3472, 3571, 3372, 3471, 3473, 3570, 3772, 3574, 3671, 3672, 3573",11
"3573",3573,"3473, 3572, 3373, 3474, 9144, 3773, 3674, 3575, 3672, 9891, 5291, 3574",12
"3574",3574,"3474, 3573, 678, 3473, 3475, 186, 3572, 3511, 3675, 9357, 5097",11
"3575",3575,"3475, 3375, 593, 3573, 3476, 6953, 3775, 3676, 3577, 3674, 3675, 3576",12
"3576",3576,"2083, 3476, 3575, 3475, 3776, 3677, 3578, 3675, 3676, 3577",10
"3577",3577,"3477, 3576, 2394, 3377, 3476, 3478, 3575, 4439, 3777, 3579, 3676, 3621, 3578",13
"3578",3578,"3247, 3478, 3477, 3479, 3576, 3577, 7112, 3778, 3679, 3580, 3677, 3678, 3579",13
"3579",3579,"3262, 3578, 3379, 3478, 3480, 3577, 5807, 6902, 3680, 3581, 3678, 5542, 3580",13
"3580",3580,"3480, 3579, 991, 3380, 3479, 3578, 4833, 3780, 3681, 3582, 3679, 6480, 6036, 3680, 3581",15
"3581",3581,"3481, 3580, 3381, 3480, 3482, 3579, 7776, 3781, 3682, 3680, 3681, 3582",12
"3582",3582,"3581, 3382, 3481, 3483, 3580, 3461, 7362, 3782, 3683, 3681, 3583",11
"3583",3583,"3483, 3582, 1343, 3383, 3484, 3482, 3783, 3682, 6126, 3683, 3584",11
"3584",3584,"3484, 3583, 1636, 3384, 3483, 3485, 1703, 5927, 5609, 3784, 3685, 3586, 8355",13
"3585",3585,"3485, 3385, 3484, 3486, 2849, 9698, 3785, 3686, 3587, 3684, 3685, 3586",12
"3586",3586,"3486, 3585, 3485, 3487, 3584, 6919, 3786, 3687, 3588, 3685, 3686, 3587",12
"3587",3587,"664, 3586, 3387, 3486, 3488, 3585, 3787, 3688, 3589, 3686, 4163, 3687, 3588",13
"3588",3588,"3488, 3587, 3388, 3487, 3489, 3586, 3788, 3689, 6048, 3687, 3688, 3589",12
"3589",3589,"3489, 3588, 3389, 3490, 3587, 256, 3789, 3690, 3688, 6445, 4421, 3689, 3590",13
"3590",3590,"3589, 3489, 3491, 6313, 4654, 9616, 3790, 3691, 3592, 3689, 3690, 3815",12
"3591",3591,"3491, 3391, 3490, 3492, 3791, 3593, 3690, 3691, 3592",9
"3592",3592,"3492, 3591, 3392, 3491, 3590, 4491, 7140, 6260, 3693, 3594, 3691, 3692, 3593",13
"3593",3593,"3493, 3592, 3393, 3494, 3591, 6481, 3793, 3694, 3595, 3692, 3693, 3594",12
"3594",3594,"3494, 3593, 3394, 3493, 3495, 3592, 1942, 132, 7075, 3794, 3695, 3693, 3595",13
"3595",3595,"3495, 3594, 2798, 3494, 3496, 3593, 3795, 3696, 9547, 3694, 3695, 3596",12
"3596",3596,"3496, 3595, 3396, 3497, 3796, 3697, 9315, 3696, 3597",9
"3597",3597,"3497, 3596, 797, 3397, 3496, 7059, 3797, 3698, 3599, 3697",10
"3598",3598,"3498, 3398, 3497, 3499, 3798, 3699, 3600, 8662, 3698, 3599, 3633",11
"3599",3599,"3499, 3598, 3038, 3399, 3498, 3500, 3597, 3674, 3799, 3699, 3600",11
"3600",3600,"3500, 3599, 3499, 3598, 3862, 3800, 3699, 3700",8
"3601",3601,"3501, 3401, 3502, 2369, 7129, 3801, 3702, 3603, 3701",9
"3602",3602,"330, 3402, 3501, 9076, 3802, 3703, 3604, 3701, 3702, 3603",10
"3603",3603,"3099, 3503, 3602, 1238, 3502, 3504, 3601, 3803, 3704, 3605, 8998, 3703, 3604",13
"3604",3604,"3504, 3603, 3503, 3505, 3602, 1532, 450, 3763, 3804, 3606, 3703, 3605",12
"3605",3605,"3505, 3604, 3405, 3504, 3506, 3603, 3805, 3706, 3607, 3704, 3705, 3606",12
"3606",3606,"3605, 3406, 3505, 3507, 3604, 314, 7535, 9806, 3608, 3705, 6461, 5343, 3706, 8412",14
"3607",3607,"3373, 3335, 3507, 3407, 3506, 3508, 3605, 3807, 3708, 3609, 3706, 3707, 3608",13
"3608",3608,"3607, 3408, 3509, 3606, 1043, 9257, 6849, 3808, 3610, 8778, 7628, 3708, 3609",13
"3609",3609,"3608, 1137, 3409, 3508, 3510, 3607, 4673, 8521, 3710, 3611, 3708, 6542, 3709, 3610",14
"3610",3610,"3510, 3609, 3410, 3509, 3511, 3608, 8123, 7299, 3810, 3711, 3612, 3709, 5396, 3710, 3611",15
"3611",3611,"3511, 3610, 2434, 3411, 3510, 3512, 3609, 4652, 3712, 4420, 3710, 3711, 3612",13
"3612",3612,"3512, 3611, 3511, 3513, 3610, 7138, 8469, 4004, 3812, 3713, 3614, 3711",12
"3613",3613,"3513, 3413, 3512, 3514, 5647, 3813, 3714, 3615, 3712, 6657, 3713, 3614, 7697",13
"3614",3614,"3514, 3613, 1774, 3414, 3513, 3515, 3612, 5493, 3814, 3616, 3713, 3714",12
"3615",3615,"2664, 135, 3514, 3516, 3613, 7325, 4274, 3815, 3716, 3617, 3714, 3715, 3616",13
"3616",3616,"3516, 3615, 3416, 839, 3517, 3614, 3816, 3717, 8571, 6535, 3716, 3617",12
"3617",3617,"3517, 3616, 3516, 3518, 3615, 3817, 3973, 3619, 3716, 6908, 6297, 3717, 3618",13
"3618",3618,"2410, 3518, 3617, 3519, 1186, 3818, 3719, 3620, 3718",9
"3619",3619,"3519, 1364, 2208, 3419, 3518, 3520, 3617, 3819, 9270, 3718, 8461, 4457, 3719",13
"3620",3620,"3520, 3420, 1340, 3618, 2491, 4366, 3820, 3622, 3720, 3621, 5645",11
"3621",3621,"3521, 3620, 3421, 3522, 2177, 3577, 3821, 3722, 3623, 3720, 3622",11
"3622",3622,"3522, 3621, 3422, 3521, 3523, 3620, 2590, 4959, 3723, 3721, 3722, 3623",12
"3623",3623,"3523, 3622, 3522, 3524, 3621, 3823, 3724, 3625, 3722, 8181, 3723, 3624",12
"3624",3624,"3524, 3623, 3424, 3523, 3525, 9064, 3824, 8800, 4106, 3723, 7005, 3724, 3625",13
"3625",3625,"3624, 3524, 3526, 3623, 4613, 3758, 5799, 5519, 3825, 3627, 3724, 3725, 3626",13
"3626",3626,"3526, 3625, 3426, 3525, 3527, 3826, 3727, 3628, 3726, 3627",10
"3627",3627,"3626, 3427, 3526, 3528, 3625, 5454, 3827, 3728, 3629, 3726, 3727, 3628",12
"3628",3628,"3528, 3627, 3428, 3529, 3626, 3527, 8931, 6765, 5411, 9568, 3630, 3727, 3629",13
"3629",3629,"3528, 3530, 3627, 3628, 6846, 6332, 3829, 3730, 3631, 7741, 6246, 3729, 3630",13
"3630",3630,"3530, 3629, 1215, 3430, 3529, 3628, 3030, 3830, 3731, 3632, 3729, 3730, 3631",13
"3631",3631,"3531, 3630, 1877, 3431, 3530, 3532, 3629, 9367, 9203, 3831, 7896, 3731, 8400",13
"3632",3632,"3532, 1361, 3432, 3531, 3630, 3832, 3634, 3731, 3732, 3633",10
"3633",3633,"3533, 3598, 3632, 3433, 3532, 3534, 3734, 3635, 3732, 9698, 3691, 4685, 3733, 3634",14
"3634",3634,"2802, 3534, 3633, 1190, 3434, 3533, 3535, 3632, 3735, 3636, 3733, 3734, 3635",13
"3635",3635,"3535, 3634, 3435, 3536, 3633, 3534, 3835, 3736, 3637, 3734, 3636",11
"3636",3636,"3195, 3536, 3436, 3537, 3634, 3535, 2564, 3635, 9546, 7547, 3836, 3737, 8766, 3735, 3637",15
"3637",3637,"3537, 3636, 3437, 3536, 3538, 3635, 8362, 3837, 3738, 3639, 3736, 3737, 3638",13
"3638",3638,"3538, 3637, 3438, 3537, 3539, 3152, 3739, 8538, 3737, 8785, 3738",11
"3639",3639,"3439, 3538, 3540, 3637, 8949, 3839, 3740, 3641, 3738, 4776, 3739, 3640, 8119",13
"3640",3640,"3540, 3639, 3539, 3541, 6515, 3840, 3741, 3642, 3739, 3740, 3641",11
"3641",3641,"956, 3541, 3640, 3441, 3542, 3639, 3841, 3742, 3643, 3740, 3741, 3642",12
"3642",3642,"3542, 3641, 3492, 2516, 3442, 3541, 3543, 3640, 6840, 3644, 3741, 3643",12
"3643",3643,"1314, 3642, 607, 3443, 3542, 3544, 3641, 6447, 3843, 3744, 3645, 3742, 3743",13
"3644",3644,"3544, 1588, 3444, 3543, 3545, 3642, 5491, 3844, 3745, 3646, 3744, 3645",12
"3645",3645,"3545, 3644, 3445, 3546, 3643, 3845, 3746, 9046, 7476, 3745, 3646",11
"3646",3646,"3546, 3645, 3446, 3545, 3547, 3644, 7480, 3747, 3648, 3745, 7803, 4441",12
"3647",3647,"3547, 3520, 3491, 3847, 3748, 3649, 5368, 3747, 7038",9
"3648",3648,"3548, 3448, 3547, 3549, 3646, 3848, 3749, 3650, 6053, 3748, 3649",11
"3649",3649,"3549, 3648, 3449, 3548, 3550, 3647, 5577, 5025, 3950, 3849, 3750, 3748, 3749",13
"3650",3650,"3244, 3550, 3551, 3648, 3850, 3652, 3749, 3750, 3651, 5591",10
"3651",3651,"3551, 3650, 3451, 3550, 3552, 5196, 3851, 3752, 3653, 3750, 7818, 9763, 3652",13
"3652",3652,"1440, 3552, 3651, 2315, 3452, 3551, 3553, 3650, 3852, 3753, 3654, 3751, 3653",13
"3653",3653,"3553, 3552, 3554, 3651, 2874, 3652, 3853, 3754, 3752, 3753, 3654",11
"3654",3654,"3554, 3653, 2445, 3454, 3553, 3555, 3652, 3854, 3755, 9081, 3753, 3754, 3655",13
"3655",3655,"2233, 3555, 3654, 3100, 2068, 3556, 3855, 8748, 3754, 9359, 5436, 3755, 3656",13
"3656",3656,"3556, 3655, 3456, 3555, 3557, 3856, 3757, 9574, 3755, 3756, 3657",11
"3657",3657,"669, 3656, 1028, 1663, 3556, 3558, 3857, 3758, 3659, 3756, 3757, 3658",12
"3658",3658,"3558, 3657, 1556, 2728, 3557, 3559, 825, 1926, 3858, 3759, 3757, 3758",12
"3659",3659,"3559, 3459, 3558, 3560, 3657, 7375, 7426, 5912, 3859, 3760, 3661, 3758, 5089, 3759, 3660",15
"3660",3660,"3560, 3659, 2141, 3460, 3561, 3860, 3761, 6366, 3759, 3760, 3661",11
"3661",3661,"268, 3660, 3461, 3560, 3562, 3659, 6337, 3861, 3762, 6331, 3760, 4917, 3761, 3662",14
"3662",3662,"3453, 3562, 3661, 3462, 3561, 3563, 9805, 3862, 3763, 8207, 3762",11
"3663",3663,"3563, 1641, 3463, 3562, 3564, 8352, 3863, 3764, 3665, 3762, 3763, 3664",12
"3664",3664,"3564, 3663, 3464, 3563, 3565, 992, 8855, 3864, 3765, 3666, 3763, 4953, 9725",13
"3665",3665,"3565, 3465, 3564, 3566, 3663, 4170, 3766, 3667, 3764, 9340, 3765, 3666",12
"3666",3666,"3566, 3665, 3466, 3565, 3567, 3664, 2893, 3866, 3668, 3765, 3766",11
"3667",3667,"3567, 3566, 3568, 3665, 3867, 3768, 3669, 4235, 3668",9
"3668",3668,"3568, 3667, 3468, 3567, 3569, 3666, 7270, 3868, 3769, 3670, 3768, 3669",12
"3669",3669,"3569, 3668, 2574, 3568, 3570, 3667, 3869, 3671, 3768, 3769, 3670",11
"3670",3670,"3570, 3669, 3470, 3569, 3571, 3668, 3342, 3870, 3672, 7542, 3770",11
"3671",3671,"3571, 3471, 3570, 3572, 3669, 3871, 3772, 3673, 3770, 3771, 3672",11
"3672",3672,"3572, 3671, 3472, 3571, 3573, 3670, 604, 4875, 3872, 3771, 3673",11
"3673",3673,"3672, 1065, 3473, 3671, 3873, 3774, 8699, 3772, 8440, 3674",10
"3674",3674,"3474, 3573, 3575, 3599, 3673, 6335, 3775, 3676, 3773, 5486, 8864",11
"3675",3675,"1962, 3575, 3475, 3576, 3574, 3875, 3776, 3677, 3774, 3775, 3676",11
"3676",3676,"3576, 3675, 3476, 3575, 3577, 3674, 4277, 3876, 3777, 3678, 3775, 3776, 3677",13
"3677",3677,"3676, 3477, 3576, 3578, 3675, 8647, 3877, 3778, 3679, 3776, 3777, 3678",12
"3678",3678,"3578, 3677, 3478, 3579, 3676, 3878, 3779, 3680, 3777, 3778, 3679",11
"3679",3679,"3678, 3479, 3578, 3580, 3677, 3879, 3780, 3681, 3778, 4060, 3779, 3680",12
"3680",3680,"3580, 3679, 3480, 3579, 3581, 3678, 3880, 8032, 3779, 3780, 3681",11
"3681",3681,"3581, 3680, 3580, 3582, 3679, 3881, 3782, 3683, 4306, 3781, 3682",11
"3682",3682,"2451, 3681, 3581, 3583, 8764, 8865, 6114, 3882, 3783, 3684, 8589, 3683",12
"3683",3683,"3583, 3682, 3483, 3582, 3072, 3681, 7573, 4331, 3883, 3784, 3685, 3782, 3783",13
"3684",3684,"3484, 3585, 3682, 8318, 7255, 3884, 3785, 4875, 3783, 8251, 3784, 3685, 7444",13
"3685",3685,"3585, 3684, 3485, 3584, 3586, 3683, 3885, 3786, 3784, 6423, 3686",11
"3686",3686,"3586, 3685, 2743, 3486, 3585, 3587, 9562, 3886, 3688, 3785, 7054, 3786, 3687",13
"3687",3687,"476, 3587, 3686, 3487, 3586, 3588, 3887, 8726, 3689, 3786, 3787, 3688",12
"3688",3688,"3588, 3687, 3488, 3587, 3589, 3686, 2068, 1601, 3690, 3689",10
"3689",3689,"3589, 3688, 3489, 3588, 3590, 3687, 3889, 3790, 5437, 3788, 5957, 3789, 3690",13
"3690",3690,"3590, 3689, 3490, 3589, 3591, 3688, 2827, 5966, 3692, 3789, 3790",11
"3691",3691,"3591, 3491, 3590, 3592, 3633, 3792, 3693, 3790, 3791, 5177, 8228",11
"3692",3692,"3592, 3359, 3492, 3593, 3690, 7759, 3892, 3793, 3694, 3791, 4601, 6872, 4337, 4206, 3792, 3693",16
"3693",3693,"3593, 3692, 3493, 3592, 3594, 3691, 3503, 2431, 7397, 3794, 3695, 3793, 3694",13
"3694",3694,"3693, 3494, 3593, 3595, 3692, 3795, 3696, 3793, 7946, 3794, 3695",11
"3695",3695,"3595, 3694, 3495, 3594, 3693, 4238, 4208, 5796, 3697, 3794, 7200, 6295, 3795, 3696",14
"3696",3696,"3596, 3695, 3496, 3595, 3694, 3896, 3797, 3698, 3795, 3697",10
"3697",3697,"3597, 3596, 3695, 2835, 3696, 9263, 3897, 3699, 3796, 3797",10
"3698",3698,"3598, 3498, 3597, 3696, 3898, 3799, 3700, 3797, 6820, 3798, 3699",11
"3699",3699,"3599, 3698, 3499, 3598, 3600, 3697, 3899, 8717, 3798, 3799, 3700",11
"3700",3700,"2041, 3600, 3699, 1624, 3500, 3698, 3900, 3799, 8972, 3800",10
"3701",3701,"3601, 3501, 3602, 3901, 3802, 3703, 3801, 3702",8
"3702",3702,"3602, 3701, 3502, 3601, 5061, 6032, 3803, 3704, 3801, 3802, 3703",11
"3703",3703,"3603, 3702, 3503, 3602, 3604, 3701, 8957, 7262, 6692, 3903, 3804, 3705, 3802, 3803, 3704",15
"3704",3704,"3703, 3504, 3603, 3605, 3702, 3904, 3706, 3803, 3804, 3705",10
"3705",3705,"1291, 3605, 3704, 3505, 3606, 3703, 3905, 3806, 3707, 3804, 3805, 3706",12
"3706",3706,"3606, 3705, 3506, 3605, 3607, 3704, 3906, 3807, 3708, 3805, 3806",11
"3707",3707,"2063, 3607, 3507, 3705, 8260, 3907, 3808, 3709, 3806, 3807, 3708",11
"3708",3708,"3608, 3707, 3508, 3607, 3609, 3706, 3908, 3809, 3710, 3808, 3709",11
"3709",3709,"1786, 3609, 3708, 2083, 3610, 3707, 7757, 3909, 3810, 3808, 5050, 3809",12
"3710",3710,"3610, 2258, 3510, 3609, 3611, 3708, 3910, 3811, 3712, 3809, 3810, 3711",12
"3711",3711,"3611, 3710, 3511, 3610, 3612, 253, 3812, 3713, 3810, 4662, 3811, 3712",12
"3712",3712,"3711, 3512, 3613, 3710, 3611, 4479, 3912, 3813, 3714, 3811, 6823, 3713",12
"3713",3713,"3613, 3712, 3513, 3612, 3614, 3711, 7544, 4771, 3913, 3715, 3812, 3813, 3714",13
"3714",3714,"3614, 3713, 3514, 3613, 3615, 3712, 3914, 8589, 3716, 3813, 6952, 3814, 3715",13
"3715",3715,"3615, 3714, 2386, 3515, 759, 3713, 3717, 3814, 3815, 3716",10
"3716",3716,"3616, 3715, 3516, 3615, 3617, 3714, 3782, 3817, 3718, 3815, 3816, 3717",12
"3717",3717,"3617, 3716, 2754, 3517, 3616, 3715, 9951, 9164, 3818, 3719, 3816, 3817, 3718",13
"3718",3718,"3618, 3717, 3518, 3619, 3716, 5881, 3918, 3819, 3720, 3817, 3818, 3719",12
"3719",3719,"3619, 3718, 3519, 3618, 3312, 3717, 6082, 3919, 3820, 3721, 3818, 3819, 3720",13
"3720",3720,"3620, 3719, 3520, 3621, 3718, 3920, 3722, 3819, 8079, 6501, 3820, 3721",12
"3721",3721,"3720, 3521, 3622, 3719, 3822, 3723, 3820, 4964, 3821, 3722",10
"3722",3722,"3622, 3721, 3522, 3621, 3623, 3720, 3922, 3823, 3724, 3821, 3822, 3723",12
"3723",3723,"3623, 3722, 3523, 3622, 3624, 3721, 3923, 3824, 5351, 3822, 3823, 3724",12
"3724",3724,"3624, 3723, 3524, 3623, 3625, 3722, 3924, 3726, 3823, 3824",10
"3725",3725,"3625, 3525, 343, 8370, 3925, 3826, 3727, 3824, 9319, 8636, 5084",11
"3726",3726,"3626, 3526, 574, 3627, 3724, 4425, 3728, 3825, 3729, 3826, 9610",11
"3727",3727,"3627, 3280, 3626, 3628, 3725, 5794, 3927, 3828, 3729, 3826, 3827, 3728",12
"3728",3728,"3727, 3528, 3627, 3726, 3349, 9139, 8461, 6880, 6711, 3829, 3730, 3827, 9034, 3729",14
"3729",3729,"3629, 3728, 3529, 3726, 3630, 3727, 4469, 3929, 3830, 3731, 3828, 5708, 3730",13
"3730",3730,"3630, 3729, 3530, 3629, 3728, 9990, 9711, 3831, 3732, 3829, 8145, 8982, 8461",13
"3731",3731,"3631, 3531, 3630, 3632, 3729, 6179, 3931, 3832, 3830, 3831, 7456",11
"3732",3732,"3632, 3532, 3633, 3730, 3833, 3734, 3831, 7198, 3832, 3733",10
"3733",3733,"3633, 3732, 1278, 3533, 3634, 1728, 3834, 3735, 3832, 5365, 8472, 3734",12
"3734",3734,"3634, 3733, 2478, 3305, 3633, 3635, 3732, 8394, 4841, 3934, 9512, 3833, 3834, 3735",14
"3735",3735,"3734, 1581, 3634, 3636, 3733, 5371, 8192, 8677, 3935, 3836, 3737, 3835, 3736",13
"3736",3736,"3735, 3536, 3635, 3637, 3936, 3837, 3738, 3835, 6579, 6320, 3737",11
"3737",3737,"3637, 3736, 3537, 3636, 3638, 3735, 8157, 7272, 3838, 3836, 3837, 3738",12
"3738",3738,"3638, 3737, 3538, 3637, 3639, 3736, 6203, 3839, 3740, 8657, 3838, 3739",12
"3739",3739,"3639, 3738, 1474, 2189, 3539, 3638, 3640, 7901, 3840, 3741, 3838, 7325, 7869, 3839, 3740",15
"3740",3740,"3640, 3739, 3540, 3639, 3641, 3738, 1946, 7748, 3940, 3841, 3742, 3839, 3840",13
"3741",3741,"3641, 3541, 3640, 3642, 3739, 3941, 3743, 3840, 8649, 3841, 3742",11
"3742",3742,"3741, 3542, 3641, 3643, 3740, 3942, 3843, 3744, 3842, 3743",10
"3743",3743,"3643, 3742, 3543, 1675, 13, 3741, 3943, 3844, 8693, 3843, 3744",11
"3744",3744,"3644, 3743, 3301, 3544, 3643, 3742, 4796, 3944, 3845, 3746, 3843, 3844, 3745",13
"3745",3745,"1842, 3645, 3744, 3545, 3644, 3646, 3846, 3747, 3844, 8723, 3845",11
"3746",3746,"3546, 3645, 3744, 3847, 3748, 3845, 5283, 3846, 3747, 5017",10
"3747",3747,"3647, 3746, 1747, 3547, 3646, 3745, 3947, 3848, 3749, 3846, 5668, 3847, 6911",13
"3748",3748,"1922, 3648, 3548, 3647, 3649, 3746, 6, 8802, 3750, 3847, 3848, 3749",12
"3749",3749,"3649, 3748, 3549, 3648, 3650, 3747, 9853, 3949, 3850, 3751, 3848, 6115, 3750",13
"3750",3750,"3650, 3749, 2617, 3649, 3651, 3748, 3851, 3752, 3849, 3850, 3751",11
"3751",3751,"3750, 3551, 3652, 3749, 3852, 3753, 3850, 5160, 3851",9
"3752",3752,"3552, 3651, 3653, 3750, 5569, 3952, 3853, 3754, 7625, 6656, 3852, 3753, 8233",13
"3753",3753,"3653, 3752, 3553, 3652, 3654, 3751, 6732, 3953, 3854, 3755, 3852, 3853, 3754",13
"3754",3754,"3654, 3753, 3653, 3655, 3752, 4776, 3954, 3855, 3756, 3853, 3854, 3755",12
"3755",3755,"3655, 3754, 3555, 3654, 3656, 3753, 9476, 3955, 3856, 3757, 3854, 7081, 6414, 3855, 3756",15
"3756",3756,"3656, 3755, 3556, 3657, 3754, 3956, 3857, 3758, 3855, 3856, 3757",11
"3757",3757,"3657, 3756, 1641, 2507, 3656, 3658, 3755, 6838, 3858, 3759, 3856, 8394, 3857, 3758",14
"3758",3758,"3658, 3757, 3625, 3558, 3657, 3659, 3756, 6017, 3958, 3760, 5202, 4911, 7216, 3759",14
"3759",3759,"3659, 3758, 1307, 3559, 3658, 3660, 3757, 7080, 7644, 3860, 3761, 3858, 3859, 3760",14
"3760",3760,"3660, 3759, 3560, 3659, 3661, 3758, 5081, 3960, 3861, 3762, 3859, 3860, 3761",13
"3761",3761,"3661, 3760, 3561, 3660, 3759, 9785, 8201, 3961, 3862, 3860, 5406, 3861, 3762",13
"3762",3762,"3662, 3761, 2557, 3562, 3661, 3663, 3760, 9755, 3962, 3863, 3866, 3861, 3862, 3763",14
"3763",3763,"3663, 3762, 3604, 3563, 3662, 3664, 373, 3963, 3864, 3765, 3862, 9397, 3863, 3764",14
"3764",3764,"3763, 3088, 3564, 3663, 3665, 3964, 3865, 3766, 3863, 8063",10
"3765",3765,"3665, 1564, 3565, 3664, 3666, 3763, 3965, 3866, 3767, 3864, 5587, 7515, 3766",13
"3766",3766,"3666, 3765, 3566, 3665, 3764, 4513, 3966, 3867, 3768, 3865, 4777, 3866, 3767",13
"3767",3767,"3766, 3567, 1135, 3765, 1173, 4140, 3967, 3868, 3866, 3867, 3768",11
"3768",3768,"3668, 3767, 401, 3568, 3667, 3669, 3766, 3968, 3869, 3770, 3867, 3868, 3769",13
"3769",3769,"3669, 3768, 3569, 3668, 3969, 3870, 3771, 3869, 3770",9
"3770",3770,"3670, 3769, 3570, 3671, 3768, 6193, 3970, 3871, 3772, 3869, 8313, 3771",12
"3771",3771,"3671, 3571, 3672, 3769, 3770, 9758, 3971, 3872, 3773, 3871, 3772",11
"3772",3772,"264, 2818, 3771, 1716, 3572, 3671, 3673, 3770, 5950, 4116, 3972, 3873, 3774, 3871, 3872, 3773",16
"3773",3773,"3772, 3573, 2852, 3674, 3771, 3973, 3874, 3775, 3872, 3873, 9114",11
"3774",3774,"66, 3673, 3675, 3772, 165, 7810, 3974, 3776, 3873, 3874, 3775, 6489",12
"3775",3775,"3675, 3774, 3575, 3674, 3676, 3773, 3461, 3777, 3875, 3776",10
"3776",3776,"3676, 3775, 3576, 3675, 3677, 3774, 1789, 3976, 3877, 3778, 3876, 3777",12
"3777",3777,"1784, 3677, 3776, 3577, 3676, 3678, 3775, 3977, 6806, 3779, 3876, 7633, 3877, 3778",14
"3778",3778,"3678, 3777, 3578, 3677, 3679, 3776, 6384, 3978, 3879, 3780, 3877, 3878, 3779",13
"3779",3779,"3679, 3778, 3678, 3680, 3777, 3979, 5796, 3781, 3878, 3780",10
"3780",3780,"3680, 3779, 3580, 3679, 3778, 2995, 8589, 4138, 3980, 3881, 3782, 3879, 3781",13
"3781",3781,"3681, 3780, 3581, 2941, 3779, 3981, 3880, 3881, 3782",9
"3782",3782,"28, 3781, 3582, 3681, 3683, 3780, 2776, 3716, 3982, 3883, 3881, 5173, 3882, 3783",14
"3783",3783,"3683, 3782, 3583, 3682, 3684, 3884, 3785, 3882, 8395, 3883, 3784",11
"3784",3784,"3684, 3783, 3584, 3683, 3685, 9845, 3885, 3786, 3883, 3884, 3785",11
"3785",3785,"3784, 3585, 3684, 3686, 3783, 3985, 3886, 4091, 3884, 3885, 3786",11
"3786",3786,"3686, 3785, 3586, 3685, 3687, 3784, 3986, 6266, 3788, 3886",10
"3787",3787,"3687, 1918, 3587, 3549, 7015, 3987, 3888, 3789, 3886, 3887, 3788",11
"3788",3788,"864, 3787, 3588, 3689, 3786, 8532, 3988, 3889, 3790, 3887, 3789",11
"3789",3789,"3689, 3788, 3589, 3690, 3787, 3989, 3890, 3791, 3888, 3889, 3790",11
"3790",3790,"3690, 3789, 3590, 3689, 3691, 3788, 3990, 3891, 3889, 3890",10
"3791",3791,"3691, 530, 3591, 3692, 3789, 3991, 3892, 3793, 3891, 3792",10
"3792",3792,"3692, 3791, 3691, 3992, 3893, 3794, 3891, 5590, 8793, 3892, 3793",11
"3793",3793,"3693, 3792, 3451, 3593, 3692, 3694, 3791, 9719, 5340, 3993, 3894, 3795, 3892, 3893, 9325",15
"3794",3794,"3694, 3594, 3693, 3695, 3792, 3132, 3895, 3796, 3893, 6646",10
"3795",3795,"3695, 3595, 3696, 3793, 3694, 6677, 3995, 3896, 5708, 3894, 3895, 3796",12
"3796",3796,"3795, 2792, 3596, 3697, 3794, 4450, 3996, 3897, 3895, 3896, 3797",11
"3797",3797,"3697, 3796, 3597, 3696, 3698, 3799, 3896, 3897, 3798",9
"3798",3798,"3698, 3797, 3598, 3699, 915, 2621, 3998, 3899, 3800, 7778, 4545, 3898, 3799",13
"3799",3799,"3699, 3798, 3599, 3698, 3700, 3797, 3999, 3900, 3898, 3899, 3800",11
"3800",3800,"1361, 3700, 3799, 3600, 3798, 4000, 3899, 3900",8
"3801",3801,"3701, 3601, 3702, 4001, 3902, 3803, 3901, 3802",8
"3802",3802,"3702, 3801, 1566, 3602, 3701, 3703, 6342, 4002, 3903, 3804, 3901, 3803",12
"3803",3803,"3703, 3802, 1566, 3603, 3704, 3801, 3702, 9253, 7657, 7428, 3935, 4003, 3904, 3805, 3902, 8191, 3903, 3804",18
"3804",3804,"3704, 3803, 3604, 3703, 3705, 3802, 4004, 7269, 3905, 3806, 3904, 6382",12
"3805",3805,"3705, 3605, 3706, 3803, 9164, 8948, 7412, 4005, 3906, 3807, 4184, 7974, 3806",13
"3806",3806,"3706, 3705, 3707, 3804, 1996, 3805, 4006, 3907, 3808, 3906, 6247",11
"3807",3807,"3707, 3607, 3706, 3805, 1863, 4347, 5909, 4007, 3908, 3809, 3906, 3907",12
"3808",3808,"3708, 3608, 3707, 3709, 3806, 4008, 3909, 3810, 3809",9
"3809",3809,"3709, 3808, 3056, 3708, 3710, 3807, 4009, 3910, 8969, 3908, 3909, 3810",12
"3810",3810,"1722, 3710, 3809, 3610, 3709, 3711, 3808, 3911, 3812, 3909, 3910, 3811",12
"3811",3811,"3711, 3810, 3710, 3712, 8090, 3912, 3813, 3910, 6167, 5135, 3812",11
"3812",3812,"3811, 3612, 3713, 3810, 3711, 4012, 3913, 3814, 3911, 5852",10
"3813",3813,"3713, 2419, 3613, 3712, 3714, 3811, 4013, 3914, 3815, 3912, 3913, 3814, 8857",13
"3814",3814,"3714, 3813, 3614, 3715, 3812, 2353, 3915, 3816, 3914",9
"3815",3815,"3590, 3715, 3615, 3716, 3813, 3923, 4015, 3916, 3914, 3915, 3816",11
"3816",3816,"3716, 3815, 3616, 3717, 3814, 1583, 4666, 4016, 3917, 3818, 3915, 6031, 3916",13
"3817",3817,"3717, 3617, 3718, 256, 3716, 4017, 3918, 3819, 3916, 3917, 3818",11
"3818",3818,"3718, 3817, 3618, 3717, 3719, 3816, 4018, 3919, 3820, 3917, 3918, 3819",12
"3819",3819,"3719, 3818, 3619, 3718, 3720, 3817, 4019, 3920, 3821, 3918, 3919, 3820",12
"3820",3820,"912, 3720, 3819, 3620, 3719, 3721, 3818, 4020, 3921, 3822, 3919, 3920, 3821",13
"3821",3821,"3721, 3820, 3621, 63, 3722, 3819, 4021, 3823, 3920, 3822",10
"3822",3822,"3722, 3821, 918, 3721, 3723, 3820, 4022, 3923, 9034, 3922, 3823",11
"3823",3823,"3723, 3822, 3623, 3722, 3724, 3821, 4023, 3924, 3825, 3922, 7537, 3923, 3824",13
"3824",3824,"3724, 3823, 3624, 3723, 3725, 3925, 9618, 4334, 3825",9
"3825",3825,"3625, 3726, 3823, 3824, 6400, 4611, 3926, 3827, 3924, 4404, 3925, 7726",12
"3826",3826,"3726, 2222, 3626, 3725, 3727, 3927, 3828, 3926, 3827",9
"3827",3827,"3727, 3826, 3627, 3728, 3825, 2073, 9365, 4027, 3928, 3926, 3927",11
"3828",3828,"1922, 1118, 3727, 3729, 3826, 7129, 3929, 3830, 3927, 6285, 5188, 3928, 3829",13
"3829",3829,"3828, 3629, 3728, 3730, 4029, 3930, 3831, 4049, 4505, 3929",10
"3830",3830,"3630, 3729, 3731, 3828, 4030, 7982, 3832, 3929, 3930, 3831, 9732",11
"3831",3831,"3731, 3830, 3631, 3730, 3732, 3829, 9059, 4031, 3932, 3833",10
"3832",3832,"3732, 1722, 3632, 3731, 3733, 3830, 5217, 4032, 3933, 3834, 6966, 3833",12
"3833",3833,"3734, 3831, 3732, 3832, 4033, 3934, 3835, 3932, 3933, 3834",10
"3834",3834,"3734, 3833, 1552, 3832, 547, 3733, 9855, 3935, 3836, 3933, 3934",11
"3835",3835,"3735, 3635, 3736, 3833, 7739, 6653, 4035, 3936, 3837, 3934, 7171, 3836, 8924",13
"3836",3836,"3636, 3735, 3737, 3834, 3835, 7292, 4036, 3937, 3838, 3935, 3936, 3837",12
"3837",3837,"3737, 3836, 3637, 3736, 2117, 3835, 5732, 4037, 3938, 3839, 3936, 3937, 3838",13
"3838",3838,"3738, 3837, 3737, 3739, 3836, 6238, 4038, 3939, 3840, 3937, 3938, 3839",12
"3839",3839,"3739, 3838, 3639, 3740, 3837, 3738, 6345, 4039, 3940, 3841, 3938, 3939, 3840",13
"3840",3840,"3740, 3839, 51, 3640, 3739, 3741, 3838, 4040, 3941, 3842, 3939, 3940",12
"3841",3841,"3741, 465, 3641, 3740, 3839, 5206, 6852, 4041, 8981, 3940, 3941, 3842",12
"3842",3842,"3742, 3841, 2039, 3840, 6584, 4513, 4042, 3943, 3844, 3941, 9261, 6504, 3942",13
"3843",3843,"3743, 3643, 3742, 3744, 4043, 3944, 3845, 3943, 3844, 6197",10
"3844",3844,"3744, 3843, 2319, 3644, 3743, 3745, 3842, 4044, 3945, 3846, 3943, 3845",12
"3845",3845,"3745, 3645, 3744, 3746, 3843, 874, 3844, 5156, 3946, 3944, 4251, 3846",12
"3846",3846,"3746, 3845, 3084, 3747, 3844, 3394, 3745, 8989, 4046, 3848, 3945, 3847",12
"3847",3847,"3747, 3647, 3746, 3748, 3846, 4047, 3948, 3849, 3946, 4422, 3947, 3848",12
"3848",3848,"3748, 3847, 3648, 3747, 3749, 3846, 1677, 5795, 3850, 3948, 3849",11
"3849",3849,"3848, 3649, 3750, 3847, 4049, 3950, 3851, 7118, 8231, 3850",10
"3850",3850,"3750, 3849, 3650, 3749, 3751, 3848, 9199, 4050, 3951, 3852, 3949",11
"3851",3851,"3751, 3651, 3750, 3849, 9849, 4444, 4051, 3952, 3853, 3950, 9569, 3852, 7140",13
"3852",3852,"3752, 3851, 3652, 3753, 3850, 3751, 4052, 3953, 3854, 3951, 5308, 3952, 3853",13
"3853",3853,"3753, 3852, 3653, 3752, 3754, 3851, 1734, 4053, 3954, 3952, 3953, 3854",12
"3854",3854,"3754, 3853, 2035, 3284, 3654, 3753, 3755, 3852, 4054, 3856, 3953, 3954, 3855",13
"3855",3855,"3755, 3854, 3655, 3754, 3756, 4055, 3956, 3857, 3954, 7821, 3955",11
"3856",3856,"3756, 1501, 3656, 3755, 3757, 3854, 8822, 5691, 4735, 4056, 3957, 3955, 3956, 3857, 7986",15
"3857",3857,"3757, 3856, 3657, 3756, 3855, 3958, 3859, 3956, 3957, 3858",10
"3858",3858,"1241, 3857, 3658, 3757, 3759, 4058, 3959, 3860, 3957, 9846, 3958",11
"3859",3859,"3759, 3659, 3760, 3857, 4059, 3960, 3861, 3958, 4075, 3959, 3860, 6797",12
"3860",3860,"3760, 3859, 976, 3660, 3759, 3761, 3858, 3862, 3959, 6503, 3960, 3861",12
"3861",3861,"3761, 3860, 3661, 3760, 3762, 3859, 4777, 8601, 3863, 3960, 3961, 3862",12
"3862",3862,"3762, 3861, 3662, 3761, 3763, 3600, 3860, 6306, 3961, 3962, 3863",11
"3863",3863,"3763, 3862, 3663, 3762, 3764, 3861, 4063, 3964, 3865, 3962, 3963, 3864",12
"3864",3864,"3863, 3664, 3763, 3765, 9921, 4064, 3965, 3866, 3963, 3964, 3865",11
"3865",3865,"3864, 1114, 3764, 3766, 3863, 4065, 3867, 3964, 3965, 3866",10
"3866",3866,"3766, 3865, 3666, 3762, 3765, 3767, 3864, 4066, 3967, 3868, 3965, 3966, 3867",13
"3867",3867,"3767, 3866, 3667, 3766, 3768, 3865, 4067, 3869, 3966, 9574, 9278",11
"3868",3868,"3768, 3668, 3767, 3866, 8810, 6617, 4068, 3969, 3870, 3967, 9860, 3869",12
"3869",3869,"3769, 3868, 3669, 3768, 3770, 3867, 4069, 3871, 3968, 3969, 3870",11
"3870",3870,"3869, 3670, 3769, 3868, 9587, 5583, 4070, 3971, 3872, 3969, 3970",11
"3871",3871,"2413, 3771, 512, 2962, 3671, 3770, 3772, 3869, 4071, 3972, 3970, 3872",12
"3872",3872,"3772, 3672, 3771, 3773, 3870, 3871, 8270, 5789, 4072, 3874, 3972, 3873",12
"3873",3873,"3773, 3872, 3673, 3772, 3774, 4073, 9231, 3972, 9589, 6327",10
"3874",3874,"3774, 3773, 3872, 6808, 4074, 3975, 3876, 3973, 3974, 3875, 4279",11
"3875",3875,"3775, 3874, 3675, 7757, 4075, 3976, 4479, 3975",8
"3876",3876,"3776, 3676, 3777, 3874, 1743, 6600, 3975, 7786, 6004, 3976, 3877",11
"3877",3877,"3777, 3876, 3677, 3776, 3778, 1749, 4077, 3978, 3879, 3976, 4197, 3977",12
"3878",3878,"3778, 3678, 3779, 4078, 3979, 3880, 3977, 3978, 4177",9
"3879",3879,"2036, 3679, 3778, 3780, 3877, 1989, 4079, 3980, 7419, 3978, 3979",11
"3880",3880,"2914, 3680, 3781, 3878, 5543, 4080, 3981, 3882, 7010, 4183, 3980, 3881",12
"3881",3881,"3781, 3880, 3681, 3780, 3782, 8407, 4081, 3982, 3883, 3980, 4377, 3981, 3882",13
"3882",3882,"3782, 3881, 3682, 1467, 3783, 3880, 6348, 5192, 6906, 3983, 3884, 3981, 3982, 3883",14
"3883",3883,"3783, 3882, 3683, 3782, 3784, 3881, 8553, 4083, 3984, 3885, 3982, 3983, 3884",13
"3884",3884,"3784, 3883, 1279, 3684, 3783, 3785, 3882, 4084, 3985, 3886, 3983, 3984, 3885",13
"3885",3885,"3785, 3884, 3685, 3784, 523, 3883, 4085, 7746, 3887, 3984, 9028, 3886",12
"3886",3886,"3786, 792, 3686, 3785, 3787, 3884, 3885, 4086, 3987, 3888, 3986, 3887",12
"3887",3887,"3787, 3886, 3687, 3788, 3885, 4087, 9530, 3986, 3987, 3888",10
"3888",3888,"1227, 3887, 2293, 2712, 3787, 3789, 3886, 5263, 3989, 3890, 3987, 3988, 3889",13
"3889",3889,"3789, 3888, 2306, 3152, 3689, 3788, 3790, 1429, 8463, 6623, 4167, 4089, 3990, 3988, 3989, 3890",16
"3890",3890,"3790, 3889, 3789, 2823, 3888, 4635, 8988, 3991, 3892, 3989, 9699, 3990, 3891",13
"3891",3891,"3791, 3890, 546, 3790, 3792, 4091, 3992, 3893, 3990, 3991, 3892",11
"3892",3892,"3792, 3891, 3692, 3791, 3793, 3890, 4092, 3894, 3991, 3992, 3893",11
"3893",3893,"3793, 3892, 3792, 3794, 3891, 4093, 3994, 3895, 3992, 3993, 3894",11
"3894",3894,"3893, 3793, 3795, 3892, 5567, 4094, 3995, 3896, 6739, 3994",10
"3895",3895,"3795, 2648, 3796, 3893, 3794, 4095, 3996, 3897, 3994, 7276, 3995, 3896",12
"3896",3896,"3796, 3895, 3696, 3795, 3797, 3894, 4096, 3997, 3995, 3996, 3897",11
"3897",3897,"3797, 3896, 445, 3697, 3796, 3895, 4097, 3998, 3899, 3996, 7207, 3997, 3898",13
"3898",3898,"3798, 3897, 3698, 533, 3799, 5761, 3999, 3900, 3997, 4748, 3998, 3899",12
"3899",3899,"3799, 3898, 3699, 3798, 3800, 3897, 4099, 4000, 3998, 3900",10
"3900",3900,"3800, 3899, 3509, 3700, 3799, 3898, 4100, 3999, 4000",9
"3901",3901,"3801, 505, 3701, 3802, 1203, 7799, 3903, 4001, 3902",9
"3902",3902,"1073, 3901, 3801, 3803, 7231, 4102, 4003, 4001, 4002",9
"3903",3903,"3803, 2197, 3703, 3802, 1480, 3901, 9566, 4103, 4004, 3905, 4002, 4003, 3904, 7951",14
"3904",3904,"555, 3804, 3903, 3704, 3803, 4104, 4005, 4003, 7736, 3937, 4004, 3905",12
"3905",3905,"3904, 3705, 3804, 3903, 3016, 7433, 7196, 4105, 4006, 3907, 4004, 4005, 3906, 5759",14
"3906",3906,"3806, 3905, 3447, 3706, 3805, 3807, 702, 5629, 4007, 3908, 4005, 4006, 5911",13
"3907",3907,"3807, 3707, 3806, 3905, 5428, 7924, 7081, 6437, 4008, 3909, 4006, 4007, 3908",13
"3908",3908,"3907, 3708, 3807, 3809, 3906, 8125, 5773, 4108, 3910, 4007, 4008",11
"3909",3909,"3809, 3358, 3709, 3808, 3810, 3907, 1513, 4109, 3911, 8741, 5493, 4771, 4009, 4750, 7890",15
"3910",3910,"3810, 3710, 3809, 3811, 3908, 7916, 4110, 5882, 3912, 4009, 4010, 3911",12
"3911",3911,"2822, 3910, 3812, 3909, 3810, 6711, 4111, 3913, 4010, 4011",10
"3912",3912,"3712, 3813, 3910, 3811, 4112, 4013, 4011, 4012, 3913",9
"3913",3913,"3813, 3912, 3713, 3812, 3911, 1997, 4113, 3915, 4012, 4013, 3914",11
"3914",3914,"3814, 3913, 2013, 2423, 2637, 3714, 3813, 3815, 4114, 4015, 3916, 4013, 4014, 3915",14
"3915",3915,"3815, 3914, 262, 587, 3816, 3913, 3814, 6261, 4115, 4016, 3917, 4014, 8589, 4015, 3916",15
"3916",3916,"3816, 3915, 1954, 3815, 3817, 3914, 8975, 4116, 4017, 4015, 4016, 3917",12
"3917",3917,"3817, 3916, 3816, 3818, 3915, 4117, 3919, 4016, 4017, 3918",10
"3918",3918,"3818, 3917, 3718, 3817, 3819, 1820, 4118, 4019, 3920, 4017, 4018, 3919",12
"3919",3919,"3819, 3918, 3719, 3818, 3820, 3917, 4119, 4020, 3921, 4018, 4019, 8071",12
"3920",3920,"3820, 3720, 3819, 3821, 3918, 4120, 4021, 3922, 4019, 4020, 3921",11
"3921",3921,"91, 3920, 3820, 3919, 3434, 4121, 4022, 7898, 4021, 3922",10
"3922",3922,"3822, 3921, 206, 1182, 3722, 3823, 3920, 3012, 7075, 4122, 4023, 3924, 4766, 5229, 4387, 4076, 3923",17
"3923",3923,"3823, 3922, 3723, 3822, 3815, 4123, 4024, 3925, 4022, 4023, 3924",11
"3924",3924,"3923, 3724, 3823, 3825, 3922, 9939, 8622, 4124, 4025, 3926, 4023, 4024, 8675",13
"3925",3925,"3825, 3725, 3923, 3824, 9989, 4125, 4026, 4515, 7915, 4025, 3926, 9965",12
"3926",3926,"3826, 3925, 2618, 3825, 3827, 3924, 4415, 8718, 9394, 5671, 4126, 3928, 5141, 4026, 3927",15
"3927",3927,"3827, 3926, 3727, 3826, 3828, 4127, 4028, 3929, 8351, 3928",10
"3928",3928,"3828, 3827, 3926, 3927, 8193, 4128, 4029, 3930, 4027, 4028, 3929",11
"3929",3929,"3829, 3928, 3729, 3830, 3927, 579, 3828, 4129, 8522, 3931, 4028, 4029, 3930",13
"3930",3930,"3830, 3929, 3829, 2556, 3928, 4130, 4031, 3932, 4029, 5913, 4030, 3931",12
"3931",3931,"2528, 3930, 3731, 3929, 2423, 4131, 3933, 4030, 6785, 5299, 4031",11
"3932",3932,"2005, 790, 3831, 3833, 3930, 8800, 5845, 9786, 4132, 4033, 3934, 4031, 3933, 7769",14
"3933",3933,"3833, 3932, 1539, 3832, 3834, 3931, 1567, 6965, 4133, 4034, 4032, 4033",12
"3934",3934,"3834, 3734, 3833, 3835, 3932, 4134, 4035, 3936, 4033, 4034, 3935",11
"3935",3935,"1356, 3934, 188, 3735, 3834, 3836, 3803, 5203, 8270, 4135, 4036, 3937, 4034, 4035, 3936",15
"3936",3936,"597, 3836, 3935, 3736, 3835, 3837, 3934, 717, 4136, 4037, 4035, 4036, 3974",13
"3937",3937,"3837, 3836, 3838, 3935, 875, 140, 3904, 3939, 4036, 5176",10
"3938",3938,"3838, 3837, 3839, 7305, 7782, 5606, 4138, 4039, 4877, 4037, 4730",11
"3939",3939,"706, 3839, 3838, 3840, 3937, 4040, 3941, 4038, 4039, 3940",10
"3940",3940,"3840, 3939, 3740, 3839, 3841, 4140, 4041, 3942, 4039, 5448, 4040, 3941",12
"3941",3941,"3841, 3940, 3741, 3840, 3842, 3939, 4480, 4141, 4042, 5114, 4040, 8221, 4041, 3942",14
"3942",3942,"3556, 3842, 3941, 3742, 3940, 4417, 4142, 4043, 3944, 4041, 9921, 6636, 4042, 3943",14
"3943",3943,"3497, 3843, 3942, 3743, 3842, 3844, 7653, 4143, 4044, 3945, 4042, 7817, 4043, 3944",14
"3944",3944,"3943, 3744, 3843, 3845, 3942, 8086, 4144, 4045, 4043, 4044, 3945",11
"3945",3945,"1567, 3944, 1598, 3844, 3846, 3943, 4706, 4145, 4046, 4044, 3946",11
"3946",3946,"3945, 1568, 3845, 3847, 2458, 7371, 4146, 3948, 4045, 4282, 4046, 3947",12
"3947",3947,"3847, 3946, 3747, 2562, 4304, 4147, 9444, 4046, 5060, 4047, 3948",11
"3948",3948,"3848, 3947, 3847, 3946, 6259, 4148, 4049, 3950, 4047, 4048, 3949",11
"3949",3949,"3948, 3749, 3850, 1964, 4149, 4050, 3951, 4048, 4049, 3950",10
"3950",3950,"2361, 3949, 3649, 3849, 3851, 3948, 4150, 4051, 3952, 4049, 4050, 3951",12
"3951",3951,"3950, 3850, 3852, 3949, 4151, 4052, 3953, 4050, 9559, 5920, 3952",11
"3952",3952,"3852, 3951, 3752, 3851, 3853, 3950, 4152, 4053, 3954, 4051, 4052, 3953",12
"3953",3953,"3853, 3952, 2456, 3753, 3852, 3854, 3951, 7645, 4153, 4054, 4053",11
"3954",3954,"3854, 3754, 3853, 3855, 3952, 8548, 7145, 6892, 4154, 4055, 3956, 4053, 4054, 3955, 9494",15
"3955",3955,"3855, 3954, 3755, 3856, 1863, 9137, 4155, 4056, 3957, 4054, 6111, 4117, 3956",13
"3956",3956,"3856, 3955, 3756, 3855, 3857, 3954, 4156, 3958, 4055, 4056",10
"3957",3957,"1150, 3857, 3856, 3858, 3955, 4157, 3959, 4056, 4057, 3958, 4248",11
"3958",3958,"3858, 3957, 309, 3758, 3859, 3956, 3857, 4158, 4059, 3960, 8495, 3959",12
"3959",3959,"3859, 3958, 3467, 3858, 3860, 3957, 4159, 4060, 3961, 4058, 4059, 3960",12
"3960",3960,"3860, 3959, 3760, 3859, 3861, 3958, 2783, 4160, 8178, 3962, 4059, 3961",12
"3961",3961,"3861, 3960, 3084, 576, 3761, 3959, 3862, 4161, 4062, 3963, 4060, 7284, 4061, 3962",14
"3962",3962,"416, 3862, 3961, 3762, 3863, 3960, 1101, 5669, 4063, 3964, 4061, 4062",12
"3963",3963,"3255, 3863, 2756, 3763, 3864, 3961, 4064, 3965, 4062, 9096, 8818, 3964, 8797",13
"3964",3964,"3864, 3963, 3764, 3863, 3865, 3962, 4164, 4065, 3966, 4063, 4064, 3965",12
"3965",3965,"3865, 3964, 3765, 3864, 3866, 3963, 3562, 9388, 9603, 6079, 4066, 3967, 7799, 6207, 4065, 3966",16
"3966",3966,"3866, 3965, 1921, 3766, 3867, 3964, 4166, 6865, 3968, 4065, 6179, 4066, 3967",13
"3967",3967,"3966, 3767, 3866, 3868, 3965, 4167, 4068, 8495, 4066, 4067",10
"3968",3968,"2672, 3768, 3869, 3966, 7098, 4069, 3970, 8172, 8434, 3969",10
"3969",3969,"3869, 3769, 3868, 3870, 3968, 4169, 4070, 3971, 9754, 3970",10
"3970",3970,"3870, 3969, 3770, 703, 3871, 3968, 8657, 4071, 3972, 4069, 4070, 3971",12
"3971",3971,"3970, 3771, 3870, 3331, 3969, 8619, 9134, 4171, 4072, 3973, 4070, 9739, 4071, 3972",14
"3972",3972,"3872, 3971, 3772, 3871, 3873, 3970, 8246, 4172, 4073, 3974, 4071, 4072, 3973",13
"3973",3973,"2983, 3972, 3617, 3773, 3874, 3971, 4173, 3975, 8035, 6775, 4073, 3974",12
"3974",3974,"3936, 3973, 3774, 1819, 3972, 3874, 4075, 3976, 4073, 4074, 3975",11
"3975",3975,"3875, 3974, 3874, 3876, 3973, 7049, 4076, 3977, 4074, 4075, 8937",11
"3976",3976,"3876, 3776, 3875, 3877, 3974, 4176, 4077, 3978, 4075, 3977",10
"3977",3977,"3877, 3976, 73, 3777, 3878, 3975, 330, 4177, 4078, 3979, 4076, 5587, 4077",13
"3978",3978,"3878, 1948, 3778, 3877, 3879, 3976, 6925, 4178, 4079, 3980, 4077, 4078, 4460",13
"3979",3979,"3879, 3779, 3878, 3977, 4179, 8666, 3981, 4078, 4079, 5543",10
"3980",3980,"3880, 3780, 3879, 3881, 3978, 23, 5740, 4081, 3982, 4079, 4080, 3981",12
"3981",3981,"3881, 3980, 329, 3781, 3880, 3882, 3979, 3183, 5848, 4181, 4082, 4080, 4081, 3982",14
"3982",3982,"3882, 3981, 3782, 3881, 3883, 3980, 7643, 9537, 4083, 3984, 5592, 3983",12
"3983",3983,"935, 3883, 3982, 393, 3882, 3884, 9000, 4084, 3985, 4083, 3984",11
"3984",3984,"395, 3884, 3983, 696, 3883, 3885, 3982, 7976, 4184, 4085, 3986, 4083, 4084, 3985",14
"3985",3985,"3984, 869, 3785, 3884, 3983, 3219, 8014, 7972, 4596, 4185, 4086, 4084, 4085, 3986",14
"3986",3986,"3886, 3985, 724, 3786, 3887, 3984, 7000, 4681, 4186, 4087, 3988, 4085, 4086, 3987",14
"3987",3987,"3887, 3986, 3787, 3886, 3888, 784, 9312, 4521, 4088, 4086, 4087, 3988",12
"3988",3988,"3888, 3987, 3788, 3889, 3986, 5534, 4089, 3990, 4087, 8288, 4088, 5219",12
"3989",3989,"3889, 3789, 3890, 216, 3888, 8124, 4189, 4090, 3991, 4088, 4089, 3990",12
"3990",3990,"3890, 3989, 1437, 3790, 3889, 3891, 3988, 405, 4091, 4089, 4090",11
"3991",3991,"1656, 3891, 3791, 3890, 3892, 3989, 4191, 4092, 3993, 4090, 5622, 4091, 3992",13
"3992",3992,"1792, 3892, 3991, 1879, 3155, 3792, 3891, 3893, 4192, 3994, 4091, 9200, 4092, 3993",14
"3993",3993,"3893, 3992, 618, 723, 3793, 3991, 4193, 4094, 3995, 4092, 6730, 4093, 3994",13
"3994",3994,"3894, 3993, 3893, 3895, 3992, 6812, 4095, 9574, 3995",9
"3995",3995,"3895, 3795, 3894, 3896, 3993, 953, 3994, 4195, 4096, 4095, 3996",11
"3996",3996,"3896, 3995, 3796, 3895, 3897, 4196, 4097, 3998, 4095, 4096, 3997",11
"3997",3997,"3897, 3996, 1627, 1788, 3896, 3898, 4197, 4098, 3999, 5424, 5758, 4097, 3998",13
"3998",3998,"3898, 3997, 3798, 3897, 3899, 3996, 9081, 4198, 4099, 4000, 4097, 3999",12
"3999",3999,"2527, 3799, 3900, 3997, 3898, 3998, 4301, 4140, 4199, 4100, 4098, 4099, 4000",13
"4000",4000,"3900, 3999, 2644, 3800, 3899, 3998, 4200, 4099, 4100",9
"4001",4001,"3901, 3801, 3902, 4201, 4102, 4003, 4101, 4002",8
"4002",4002,"3902, 4001, 3802, 3903, 9636, 4202, 4103, 4101, 8550, 4003",10
"4003",4003,"3903, 4002, 3803, 3902, 3904, 4001, 4203, 4005, 4102, 4103, 5618",11
"4004",4004,"3904, 3804, 3903, 3905, 3612, 4204, 4105, 4103, 4229, 4104, 7510",11
"4005",4005,"3905, 1161, 3805, 3904, 3906, 4003, 4205, 4007, 4104, 4105, 4006",11
"4006",4006,"3906, 4005, 3806, 3905, 3907, 6633, 4206, 4107, 4008, 4105, 4941, 4106, 4007",13
"4007",4007,"3907, 4006, 3807, 3906, 3908, 4005, 7286, 4192, 4207, 4108, 4009, 4107",12
"4008",4008,"3908, 3808, 3907, 4006, 9015, 4208, 4109, 4010, 4107, 4108, 4009, 8098",12
"4009",4009,"3909, 4008, 3809, 2028, 3910, 4007, 4209, 4110, 4011, 4108, 8318",11
"4010",4010,"1421, 2584, 3911, 4008, 3910, 5995, 4210, 4012, 4109, 4110, 4011",11
"4011",4011,"1477, 3911, 4010, 4009, 3912, 6273, 8566, 4211, 4112, 4013, 4111, 4012",12
"4012",4012,"3912, 4011, 3812, 2657, 3913, 4010, 3154, 1783, 4212, 4113, 4014, 4111",12
"4013",4013,"3913, 3813, 3912, 3914, 4011, 8935, 4213, 4114, 4015, 4112, 4113, 4014",12
"4014",4014,"3914, 4013, 3915, 4012, 4285, 4214, 4115, 4016, 4113, 4114, 4015",11
"4015",4015,"3915, 4014, 3815, 3914, 3916, 4013, 3029, 6422, 4116, 4017, 4114, 4115, 4016",13
"4016",4016,"490, 3916, 4015, 3816, 3915, 3917, 4014, 2948, 4216, 4115, 8891, 5991, 4116, 4017",14
"4017",4017,"3917, 4016, 3817, 3916, 3918, 4015, 4217, 4118, 4019, 4116, 8856, 4018",12
"4018",4018,"3918, 945, 3818, 3919, 4017, 8186, 4218, 4119, 4020, 4117, 8431, 4118, 4019",13
"4019",4019,"540, 3919, 4018, 3819, 3918, 3920, 4017, 4219, 4120, 6188, 4118, 4119, 4020",13
"4020",4020,"3920, 4019, 3820, 3919, 4018, 8466, 5786, 4220, 4121, 4022, 4119, 4120, 4021",13
"4021",4021,"3921, 4020, 3147, 3821, 3920, 2871, 4221, 4122, 4023, 4120, 4022",11
"4022",4022,"3822, 3921, 3923, 4020, 4021, 4222, 4123, 4024, 4121, 4122, 6790",11
"4023",4023,"3923, 3823, 3922, 3924, 4021, 5369, 4223, 4124, 4122, 7215, 4024",11
"4024",4024,"3924, 3923, 4022, 4023, 5144, 4224, 4026, 4123, 4124, 4025",10
"4025",4025,"3925, 4024, 2544, 3924, 3022, 1431, 8203, 4225, 4126, 4027, 6539, 4125, 4026",13
"4026",4026,"3926, 4025, 1394, 3925, 4024, 4226, 4127, 4028, 4125, 4198, 4027",11
"4027",4027,"1908, 4026, 2927, 3827, 2091, 3928, 4025, 6152, 4227, 4128, 4029, 4126, 4127, 4170",14
"4028",4028,"3928, 964, 2859, 3927, 3929, 4026, 5626, 4228, 4129, 4030, 4127, 4824, 4128, 4029",14
"4029",4029,"3929, 4028, 3829, 3928, 3930, 4027, 4031, 4229, 4128, 4129, 4030",11
"4030",4030,"2568, 3930, 4029, 3830, 3931, 4028, 4230, 4131, 4032, 4129, 4156, 4130, 5436",13
"4031",4031,"3931, 3831, 3930, 3932, 4029, 2879, 4231, 4033, 4130, 4131",10
"4032",4032,"1081, 3832, 3933, 4030, 6731, 4133, 4034, 4132, 4033",9
"4033",4033,"3933, 4032, 3833, 3932, 3934, 4031, 4233, 4134, 4035, 4132, 4278, 4034",12
"4034",4034,"3934, 4033, 3933, 3935, 4032, 4234, 4135, 4036, 4133, 4134, 5042",11
"4035",4035,"3935, 3835, 3934, 3936, 4033, 889, 6872, 4235, 4136, 4134, 4135, 4036",12
"4036",4036,"1529, 3936, 4035, 3836, 3935, 3937, 4034, 4236, 4137, 4038, 4135, 4136, 4037",13
"4037",4037,"4036, 1094, 3837, 3936, 3938, 7688, 4237, 4039, 4136, 4137, 4038",11
"4038",4038,"4037, 3838, 3939, 4036, 4139, 4040, 7978, 8048, 4138",9
"4039",4039,"3939, 624, 3839, 3938, 3940, 4037, 4239, 4140, 4041, 4138, 4139, 4040",12
"4040",4040,"3940, 4039, 1810, 3840, 3941, 4038, 3939, 4240, 4042, 9012, 4140, 4041",12
"4041",4041,"3941, 4040, 3841, 3940, 3942, 4039, 9274, 4624, 4241, 4142, 4043, 4140, 8484, 4042",14
"4042",4042,"3942, 4041, 111, 3842, 3941, 3943, 4040, 8086, 4242, 4143, 4044, 4141, 4043",13
"4043",4043,"3943, 4042, 3843, 3942, 3944, 4041, 4243, 4144, 6553, 4142, 4416, 4143, 4044",13
"4044",4044,"2553, 3944, 4043, 290, 3844, 3943, 4042, 3945, 3285, 4145, 4046, 4143, 4144",13
"4045",4045,"2642, 306, 3027, 3944, 3946, 4245, 4146, 4047, 4144, 4046",10
"4046",4046,"3946, 4045, 454, 3846, 3945, 3947, 4044, 8250, 4246, 4147, 4048, 4047",12
"4047",4047,"1026, 2842, 3947, 3847, 3948, 4045, 4046, 5506, 4247, 4148, 4049, 4147",12
"4048",4048,"2210, 3948, 3949, 4046, 4248, 4149, 4050, 4147, 4148, 6121",10
"4049",4049,"364, 3949, 1140, 3829, 3849, 3948, 3950, 4047, 4249, 4150, 5215, 4149",12
"4050",4050,"3950, 3850, 3949, 3951, 4048, 4250, 4151, 4052, 9767, 5037, 4150, 4051, 9551",13
"4051",4051,"4050, 3264, 3851, 3950, 3952, 1876, 4251, 4152, 4053, 4150, 9281",11
"4052",4052,"1671, 3952, 3852, 3951, 2072, 4050, 4252, 4153, 4054, 5910",10
"4053",4053,"3953, 3853, 3952, 3954, 4051, 4253, 4154, 4055, 4152, 4153, 4054",11
"4054",4054,"3954, 4053, 3854, 3953, 3955, 4052, 4254, 4155, 4056, 9206, 4154, 4055",12
"4055",4055,"4054, 3855, 3954, 3956, 4053, 7317, 4255, 4156, 4057, 4480, 4155",11
"4056",4056,"3956, 3856, 3955, 3957, 4054, 4612, 4256, 4157, 4058, 4156, 4057",11
"4057",4057,"3957, 4056, 1669, 4055, 7750, 6744, 9730, 4257, 4158, 4059, 4156, 4157, 4058",13
"4058",4058,"4057, 1787, 3858, 1460, 3959, 4056, 4258, 4159, 4060, 8164, 4059",11
"4059",4059,"3959, 4058, 3859, 3958, 3960, 4057, 4259, 4160, 4061, 4158, 4159",11
"4060",4060,"3679, 1792, 3959, 3961, 4058, 5899, 4260, 4161, 4062, 4159",10
"4061",4061,"953, 3961, 2645, 899, 3962, 4059, 3311, 6655, 4261, 4162, 4063, 4160, 4062",13
"4062",4062,"3962, 4061, 3961, 3963, 4060, 6854, 5686, 4262, 4163, 4064, 4161, 4162",12
"4063",4063,"1753, 3863, 3962, 3964, 4061, 4263, 4164, 4065, 4162, 4163",10
"4064",4064,"3964, 3864, 3963, 4062, 6321, 4264, 4165, 4066, 6308, 4164, 4065, 4578",12
"4065",4065,"3965, 4064, 256, 3865, 3964, 3966, 4063, 9821, 4265, 4166, 4067, 5710, 4165, 4066",14
"4066",4066,"3966, 4065, 3866, 3965, 3967, 4064, 4266, 8620, 4068, 4165, 7983, 4166, 4067",13
"4067",4067,"2453, 3967, 4066, 3867, 4065, 1410, 4267, 4168, 4069, 4068",10
"4068",4068,"4067, 3229, 3868, 3967, 4066, 5904, 8509, 8386, 4268, 5824, 4070, 4167, 4168, 4069",14
"4069",4069,"4068, 833, 3869, 3968, 3970, 4067, 5098, 4269, 4170, 9433, 4168, 4169",12
"4070",4070,"3221, 3970, 1083, 3870, 3969, 3971, 4068, 4171, 4072, 4169, 4170, 4071",12
"4071",4071,"3971, 4070, 3871, 3970, 3972, 4271, 4172, 4073, 4170, 4171, 4072",11
"4072",4072,"3972, 4071, 3872, 3971, 4070, 699, 4272, 4173, 4171, 6001, 4172, 4073",12
"4073",4073,"3973, 4072, 3873, 3972, 3974, 4071, 7221, 4273, 4174, 4075, 4577, 4173, 4074",13
"4074",4074,"3974, 4073, 3874, 3975, 4780, 4274, 4449, 4076, 4173, 7644, 6104, 4174, 4075",13
"4075",4075,"3975, 4074, 3859, 3875, 3974, 3976, 4073, 8396, 6703, 7640, 4176, 4077, 4174, 4175, 4076",15
"4076",4076,"3922, 4075, 2796, 2292, 3975, 3977, 4074, 6903, 4177, 4078, 4176, 4077",12
"4077",4077,"3977, 4076, 3877, 3976, 3978, 4075, 4277, 4178, 4079, 4177, 4078",11
"4078",4078,"3978, 4077, 3878, 3977, 3979, 4076, 2745, 9424, 4278, 4080, 4177, 4178, 8814",13
"4079",4079,"3979, 3879, 3978, 3980, 4077, 4182, 4279, 4180, 4081, 4178, 4179, 4957",12
"4080",4080,"3980, 3174, 3880, 3981, 4078, 5779, 4280, 8021, 4179, 4180, 6478",11
"4081",4081,"3981, 3881, 3980, 4079, 6232, 8713, 4281, 4182, 4083, 4082",10
"4082",4082,"3551, 3981, 4081, 8293, 4282, 4183, 4181, 4122, 8927, 4182, 4083",11
"4083",4083,"3983, 4082, 3883, 3982, 3984, 4081, 4283, 4085, 4182, 8827, 4183, 4084",12
"4084",4084,"3984, 4083, 3884, 3985, 2512, 3983, 9625, 7887, 4284, 4185, 4401, 4183, 4184, 4085",14
"4085",4085,"3985, 4084, 3885, 3984, 3986, 1235, 4083, 4097, 4186, 4087, 4184, 4185, 4086",13
"4086",4086,"3986, 4085, 3886, 3985, 3987, 4187, 4088, 4185, 4186, 4087",10
"4087",4087,"3987, 4086, 383, 3887, 3986, 3988, 4085, 4287, 4188, 4089, 4186, 4187, 4088",13
"4088",4088,"3988, 4087, 3987, 3989, 4086, 4288, 4189, 4090, 4187, 4188, 4089",11
"4089",4089,"4088, 1391, 3889, 3990, 4087, 3988, 3989, 4289, 4091, 4188, 4090",11
"4090",4090,"3990, 3989, 3991, 4088, 1452, 4089, 4290, 4092, 4189, 6472, 4091",11
"4091",4091,"3991, 4090, 1495, 3785, 3891, 3990, 3992, 4089, 4291, 4093, 7370, 4191, 4092",13
"4092",4092,"3992, 4091, 3892, 3991, 3993, 4090, 4292, 4193, 4094, 4191, 4192, 4093",12
"4093",4093,"3993, 4092, 3893, 704, 13, 4091, 1255, 4293, 4095, 4192, 8980, 4193, 4094",13
"4094",4094,"2356, 4093, 3894, 3993, 4092, 4903, 7642, 4294, 4195, 4096, 8162, 4194, 4095",13
"4095",4095,"3995, 4094, 3895, 3996, 4093, 3994, 4295, 4196, 4097, 4194, 4195, 4096",12
"4096",4096,"2230, 3996, 4095, 3896, 3995, 4094, 4296, 4197, 6019, 4196, 4097",11
"4097",4097,"3997, 4096, 3897, 3996, 3998, 4095, 4085, 5571, 4198, 4196, 4197, 4098",12
"4098",4098,"4097, 3997, 3999, 416, 9824, 6194, 4199, 4100, 4197, 4198, 4099",11
"4099",4099,"880, 3999, 4098, 3899, 3998, 4000, 4299, 4200, 4198, 4199, 4100",11
"4100",4100,"4000, 4099, 3900, 3999, 4098, 4300, 4199, 9618, 4200",9
"4101",4101,"4001, 4002, 7729, 4301, 4202, 4103, 4201, 4102",8
"4102",4102,"2065, 4101, 3902, 4001, 4003, 596, 8868, 4302, 7362, 4201, 4202, 4103",12
"4103",4103,"4003, 4102, 3903, 4002, 4004, 4101, 5572, 4303, 4204, 4105, 4202, 4203, 4104",13
"4104",4104,"4004, 4103, 3904, 4005, 4304, 4205, 4203, 7605, 4105",9
"4105",4105,"4005, 3905, 4004, 4006, 4103, 4104, 4305, 4206, 4107, 4204, 4205, 4106",12
"4106",4106,"1539, 4006, 4105, 3624, 3248, 9553, 4521, 4306, 4207, 4108, 6872, 4455, 4107",13
"4107",4107,"4007, 4106, 4006, 4008, 4105, 4307, 4208, 4109, 4206, 4108",10
"4108",4108,"4008, 3908, 4007, 4009, 4106, 4107, 4308, 4209, 4110, 4207, 4535, 4208, 4109",13
"4109",4109,"4108, 1533, 3909, 4008, 4010, 4107, 4283, 6578, 4309, 4210, 4111, 4208, 4209, 4110",14
"4110",4110,"4010, 4109, 3910, 4009, 3541, 4108, 9296, 6646, 4310, 4211, 4112, 4210, 4111",13
"4111",4111,"2221, 4011, 4110, 926, 2799, 3911, 2730, 4012, 4109, 4212, 4113, 4210, 7871, 4211, 4112",15
"4112",4112,"4111, 3912, 4011, 4013, 4110, 7147, 4312, 4213, 4114, 9299, 4212, 5662",12
"4113",4113,"4013, 3913, 4012, 4014, 4111, 4313, 4214, 4115, 4212, 4213, 4114",11
"4114",4114,"4014, 4113, 3914, 4013, 4015, 4112, 4314, 4215, 4213, 4214, 4115",11
"4115",4115,"4015, 4114, 2407, 3915, 4014, 4016, 4113, 4315, 4216, 4117, 9026, 4215, 4116",13
"4116",4116,"4016, 4115, 3916, 4017, 3772, 4015, 2233, 4316, 4217, 4118, 4215, 6737, 4216, 4117",14
"4117",4117,"3955, 4116, 3917, 4018, 4115, 4317, 4218, 4119, 4217, 4118",10
"4118",4118,"4018, 4117, 3918, 4017, 4019, 4116, 5816, 4318, 4219, 4120, 4217, 4218, 4119",13
"4119",4119,"4019, 4118, 3919, 4018, 4020, 4117, 6848, 4319, 4220, 4121, 4218, 4219, 4120",13
"4120",4120,"4020, 4119, 3920, 4019, 4021, 4118, 4763, 5224, 4320, 4221, 4122, 4219, 4220, 4121",14
"4121",4121,"4120, 2890, 3921, 4020, 4022, 4119, 4321, 4222, 4220, 4221, 4122, 9321",12
"4122",4122,"4022, 4121, 2524, 3063, 3922, 4021, 4023, 4082, 4120, 4322, 4223, 4221, 4222, 4123",14
"4123",4123,"4122, 3923, 4022, 4024, 293, 7954, 7287, 4125, 4222, 5750, 4223, 4124",12
"4124",4124,"4024, 4123, 3924, 4023, 4324, 4225, 4126, 4223, 9706, 4224, 4125",11
"4125",4125,"4025, 4124, 3925, 4026, 2943, 4123, 4325, 4226, 4127, 4215, 4225, 4126",12
"4126",4126,"4125, 3926, 4025, 4027, 4124, 4326, 4227, 4128, 4225, 4423, 4226",11
"4127",4127,"1743, 4027, 3927, 4026, 4028, 4125, 4327, 4228, 4129, 4226, 4227, 4128",12
"4128",4128,"4028, 4127, 3928, 4027, 4029, 4126, 4328, 4229, 5069, 4227, 4228, 4129",12
"4129",4129,"4029, 4128, 975, 3929, 4028, 4030, 4127, 4329, 4230, 4131, 4228, 4229, 4130",13
"4130",4130,"4030, 4129, 2105, 3930, 4031, 72, 9286, 7942, 4330, 4231, 4229, 4230, 4131",13
"4131",4131,"4031, 4130, 191, 575, 3931, 4030, 4129, 6262, 8120, 6027, 4232, 4133, 4230, 4231, 4132",15
"4132",4132,"4032, 4131, 3932, 4033, 4332, 4686, 4134, 4231, 9479, 4232, 8759",11
"4133",4133,"3933, 4032, 4034, 4131, 9396, 9039, 4333, 4234, 4135, 7375, 4233, 4134",12
"4134",4134,"4034, 4133, 3934, 4033, 4035, 4132, 1262, 1423, 4235, 4136, 8496, 4234, 4135",13
"4135",4135,"4035, 4134, 3935, 4034, 4036, 4133, 4335, 4236, 4137, 4234, 4235, 4136",12
"4136",4136,"4036, 4135, 3936, 4035, 4037, 4134, 1065, 6233, 4237, 4138, 4235, 4137",12
"4137",4137,"4037, 4136, 3345, 4036, 4135, 5517, 4337, 4238, 4139, 4236, 4237, 4138",12
"4138",4138,"4038, 4137, 3938, 3780, 4039, 4136, 7560, 4338, 4239, 4237, 4238, 4139",12
"4139",4139,"4039, 4138, 4137, 3260, 4038, 4239, 7792, 5649, 4853, 4339, 4240, 4141, 4238, 9942",14
"4140",4140,"4040, 3767, 3940, 4039, 4041, 3999, 1562, 7016, 5382, 4340, 4241, 4142, 4239, 4240",14
"4141",4141,"3941, 1567, 4042, 4139, 1929, 4242, 4240, 4241, 4142",9
"4142",4142,"761, 4141, 3942, 4041, 4043, 4140, 6625, 4342, 4243, 4144, 4241, 4242, 4143",13
"4143",4143,"4043, 4142, 3943, 4042, 4044, 5775, 4343, 4244, 4145, 7497, 6390, 4243, 4144",13
"4144",4144,"4044, 4143, 1000, 3944, 4043, 4045, 4142, 4344, 4245, 4146, 4243, 4244, 4145",13
"4145",4145,"1687, 4144, 3945, 4143, 1882, 4044, 9221, 7645, 7392, 4246, 4147, 4245, 4146",13
"4146",4146,"4145, 3946, 4045, 4144, 8844, 4346, 4247, 4245, 7722, 4246, 4147, 8902",12
"4147",4147,"4047, 4146, 3947, 4046, 4048, 4145, 8084, 5651, 4248, 4149, 4246, 4148",12
"4148",4148,"4048, 3948, 4047, 685, 3520, 4147, 4348, 4249, 4150, 4247",10
"4149",4149,"4049, 3436, 3949, 4048, 4147, 7698, 4349, 4250, 4151, 4248, 4249, 4150, 5971",13
"4150",4150,"4050, 4149, 3950, 4049, 4051, 4148, 742, 9485, 4350, 4152, 4249, 4250, 4151",13
"4151",4151,"583, 4150, 564, 1408, 3951, 4050, 4149, 9655, 4351, 4252, 4153, 4250, 4152",13
"4152",4152,"4151, 3952, 4051, 4053, 4150, 8025, 6159, 6848, 4154, 4251, 4252, 4153",12
"4153",4153,"4053, 4152, 3953, 4052, 4151, 4353, 4155, 4252, 4253, 4154",10
"4154",4154,"4054, 4153, 3954, 4053, 4152, 8126, 8275, 4354, 4255, 4156, 4253, 4254, 4155",13
"4155",4155,"973, 4055, 4154, 99, 3955, 4054, 1692, 4153, 962, 4157, 4254",11
"4156",4156,"4056, 3956, 4055, 4057, 4154, 4030, 4356, 4257, 4158, 4255, 6872",11
"4157",4157,"4057, 3957, 4056, 4155, 4440, 8676, 4159, 4256, 4257, 4158",10
"4158",4158,"1366, 4157, 3958, 4057, 4059, 4156, 913, 4358, 4259, 4160, 4257, 4258, 4159",13
"4159",4159,"4059, 4158, 3959, 4058, 4060, 4157, 9975, 4359, 4161, 9543, 4259, 4160",12
"4160",4160,"869, 4159, 3960, 4059, 4061, 4158, 8678, 4360, 4261, 4162, 4259, 4161",12
"4161",4161,"4160, 3961, 4060, 4062, 4159, 4361, 4262, 4163, 4260, 4261",10
"4162",4162,"4062, 1468, 4061, 4063, 4160, 5382, 4263, 4164, 7816, 4163",10
"4163",4163,"4063, 1902, 4062, 4161, 3587, 4162, 4363, 4264, 4165, 4262, 4388, 9683",12
"4164",4164,"4064, 3964, 4063, 4162, 4858, 5084, 4265, 4166, 4263, 4264, 4165",11
"4165",4165,"4065, 4164, 4064, 4066, 4163, 2213, 7712, 4266, 4264, 4265, 4166",11
"4166",4166,"4066, 4165, 3966, 4065, 4164, 4267, 4265, 9472, 8833, 4266, 4167",11
"4167",4167,"657, 4166, 3967, 4068, 64, 3889, 6334, 4367, 4268, 4169, 4267, 4168",12
"4168",4168,"4068, 4167, 4067, 4069, 1966, 7303, 5075, 4170, 4267, 4268, 5940, 4877",12
"4169",4169,"4069, 3969, 4070, 4167, 7149, 4369, 4270, 4171, 4269, 4170",10
"4170",4170,"4027, 4070, 4169, 245, 3665, 4069, 4071, 4168, 4370, 7189, 4270",11
"4171",4171,"4071, 115, 3971, 4070, 4072, 4169, 5050, 4173, 4270, 6717, 4271, 4172",12
"4172",4172,"4072, 4171, 3972, 4071, 5386, 4372, 4273, 4174, 4271, 4548, 4272, 4173",12
"4173",4173,"4073, 4172, 3973, 4072, 4074, 4171, 4274, 9102, 4272, 4273, 4174",11
"4174",4174,"4074, 4173, 1832, 4073, 4075, 4172, 1156, 5807, 4374, 4275, 4176, 4273, 4274",13
"4175",4175,"4075, 5196, 9435, 4375, 4276, 4177, 4274, 4367, 4275, 4176",10
"4176",4176,"4076, 4175, 3976, 4075, 4174, 7237, 4376, 4178, 4275, 4276, 4177",11
"4177",4177,"3878, 4077, 4176, 3977, 4076, 4078, 4175, 9793, 4377, 4278, 4179, 4276, 4277, 4178",14
"4178",4178,"4078, 4177, 3978, 4077, 4079, 4176, 4378, 4279, 4180, 4277, 4278, 4179",12
"4179",4179,"4079, 4178, 3979, 4080, 4177, 4379, 4280, 4181, 4278, 4279, 4180",11
"4180",4180,"2540, 4080, 4179, 555, 840, 4079, 4178, 4683, 8415, 4281, 4182, 4279, 4280, 4181",14
"4181",4181,"1942, 4180, 3981, 4082, 4179, 7306, 4381, 4282, 4183, 4281, 4182",11
"4182",4182,"4082, 4181, 4081, 4083, 4180, 4079, 9656, 4382, 4184, 4281, 6008, 4183",12
"4183",4183,"4083, 4082, 4084, 4181, 3880, 4182, 9910, 4383, 4284, 4282, 4283",11
"4184",4184,"4084, 3805, 3984, 4085, 4182, 6753, 4384, 4285, 4186, 4283, 8274, 4284, 4185",13
"4185",4185,"4085, 4184, 3985, 4084, 4086, 762, 4385, 4286, 4187, 4284, 4285",11
"4186",4186,"4086, 3986, 4085, 4087, 4184, 4386, 4287, 4188, 4285, 4286, 9205",11
"4187",4187,"4087, 4086, 4088, 4185, 7949, 4288, 4286, 4287, 4188",9
"4188",4188,"4088, 4187, 4087, 4089, 4186, 9320, 8435, 4388, 4289, 4287, 9186, 4288, 9299",13
"4189",4189,"3989, 4088, 4090, 916, 9941, 4389, 4290, 4191, 4288, 4289, 4190",11
"4190",4190,"4189, 1425, 9042, 4390, 4291, 4192, 4289, 8355, 8378, 4290, 4191",11
"4191",4191,"3134, 4091, 4190, 1753, 3991, 4092, 4189, 590, 6446, 4292, 4193, 4192",12
"4192",4192,"4092, 4191, 3992, 4007, 4093, 4190, 3423, 2726, 8674, 4293, 4291, 8391, 4292",13
"4193",4193,"4093, 151, 3993, 4092, 4191, 5808, 4393, 4294, 4195, 4292, 4293, 4194",12
"4194",4194,"4094, 4193, 4095, 9435, 4394, 4295, 4196, 4195",8
"4195",4195,"4095, 4194, 3995, 4094, 416, 4193, 4395, 4296, 4197, 4294, 5210, 4295, 4196",13
"4196",4196,"4096, 4195, 3996, 4095, 4097, 4194, 4396, 4297, 4198, 4295, 4296, 4197",12
"4197",4197,"4097, 4196, 3877, 3997, 4096, 4098, 4195, 8948, 4397, 4298, 4199, 4296, 4198",13
"4198",4198,"4026, 4098, 3998, 4097, 4099, 4196, 4197, 4258, 8890, 8848, 4398, 4200, 8241, 4298, 4199",15
"4199",4199,"4099, 4198, 3999, 4100, 4197, 4098, 4399, 4423, 4298, 4299, 4200",11
"4200",4200,"4100, 4199, 4000, 4099, 4198, 4400, 4299, 4300",8
"4201",4201,"4101, 4001, 4102, 1123, 8914, 4302, 4202",7
"4202",4202,"4102, 4201, 3466, 4002, 4101, 4103, 8157, 4402, 4303, 4204, 4301, 4302, 4203",13
"4203",4203,"4103, 4202, 4003, 1939, 4104, 4204, 4403, 4304, 4205, 7279, 8699",11
"4204",4204,"4203, 4004, 4103, 4105, 4202, 4912, 4404, 4305, 4206, 4303, 7027, 4304",12
"4205",4205,"4105, 4005, 4104, 4203, 4306, 4207, 4304, 4305, 4206",9
"4206",4206,"590, 3692, 4205, 4006, 4105, 4107, 4204, 4406, 4307, 4208, 4305, 4306, 4207",13
"4207",4207,"4206, 2505, 4007, 4106, 4108, 4205, 9702, 6275, 4407, 4308, 4209, 5559, 9914, 7498, 4307, 4208",16
"4208",4208,"4108, 4207, 3117, 3695, 4008, 4107, 4109, 4206, 4309, 4210, 4307, 4308, 4209",13
"4209",4209,"4109, 4208, 4009, 4108, 2446, 4207, 4310, 4211, 4308, 7866, 4309, 4210",12
"4210",4210,"4110, 4209, 4010, 4109, 4111, 4208, 4410, 4311, 4212, 4309, 4310, 4211",12
"4211",4211,"4111, 4210, 4011, 4110, 4209, 4411, 4312, 4213, 4310, 9579, 4212",11
"4212",4212,"1471, 3223, 4112, 4211, 4012, 4111, 4113, 4210, 4412, 4313, 4214, 4312, 4213",13
"4213",4213,"2908, 4113, 4212, 4013, 4112, 4114, 4211, 4413, 4314, 4215, 4312, 4313, 4214",13
"4214",4214,"4114, 4213, 4014, 4113, 4212, 3008, 8817, 4315, 4216, 4313, 4314, 4215",12
"4215",4215,"4115, 4214, 4125, 4114, 4116, 4213, 504, 7699, 5368, 4415, 4316, 7223, 4315, 4216",14
"4216",4216,"4116, 4215, 1227, 4016, 4115, 4214, 5758, 4416, 4317, 7394, 4315, 7033, 4316, 4217",14
"4217",4217,"4117, 4216, 1339, 4017, 4116, 4118, 4417, 4318, 4219, 7338, 5698, 4218",12
"4218",4218,"4118, 4217, 4018, 4117, 4119, 4418, 4319, 4220, 4317, 6057, 4219",11
"4219",4219,"4119, 4218, 4019, 4118, 4120, 4217, 2543, 5045, 4320, 4319, 4220",11
"4220",4220,"4120, 4219, 4020, 4119, 4121, 4218, 4420, 4321, 4222, 4319, 4221",11
"4221",4221,"4121, 4220, 4021, 4120, 4122, 2231, 4322, 4223, 4320, 7734, 6880, 4321, 4222",13
"4222",4222,"4122, 4221, 53, 4022, 4121, 4123, 4220, 355, 4422, 4323, 4321",11
"4223",4223,"4123, 3400, 4023, 4122, 4124, 4221, 4778, 7269, 4324, 4225, 4322, 4323",12
"4224",4224,"4124, 4024, 7119, 4424, 4325, 4226, 4323, 9810, 6597, 4324, 4225, 8615",12
"4225",4225,"4125, 4224, 4025, 4124, 4126, 4223, 1644, 4425, 4227, 4324, 4325, 4226",12
"4226",4226,"4126, 4225, 4026, 4125, 4127, 4224, 4426, 4327, 4228, 4325, 6693, 4227",12
"4227",4227,"2657, 4127, 4226, 4027, 4126, 4128, 4225, 4427, 4328, 4229, 4326, 4530, 4327",13
"4228",4228,"4128, 4028, 4127, 4129, 4226, 4428, 4329, 4230, 4303, 4229, 6601",11
"4229",4229,"4129, 4004, 4029, 4128, 4130, 4227, 4228, 6410, 4429, 4330, 4231, 4328, 9362, 4329, 6921",15
"4230",4230,"4130, 4030, 4129, 4131, 4228, 4430, 4331, 4232, 4329, 4330, 4231",11
"4231",4231,"4131, 4230, 4031, 4130, 4132, 4229, 1011, 4431, 8193, 4233, 4331, 4232",12
"4232",4232,"4132, 4231, 4131, 4230, 7057, 4432, 4333, 4234, 4332, 4233",10
"4233",4233,"667, 4133, 4232, 4033, 4231, 4433, 4334, 4235, 4332, 4333, 4234",11
"4234",4234,"4134, 4233, 4034, 4133, 4135, 4232, 5440, 4434, 4335, 4236, 4333, 7538, 6378, 4334, 4235",15
"4235",4235,"3667, 4135, 4234, 4035, 4134, 4136, 4233, 4435, 4336, 4237, 4334, 5231, 4524, 4335",14
"4236",4236,"906, 4036, 4135, 4137, 4234, 4436, 4238, 4335, 4237, 7653",10
"4237",4237,"4137, 4236, 473, 4037, 4138, 4235, 4136, 4437, 4338, 4239, 4336, 8144",12
"4238",4238,"4137, 4139, 4236, 3695, 3000, 4138, 7623, 5833, 4438, 4240, 4338, 4239",12
"4239",4239,"1173, 4139, 4238, 4039, 4138, 4140, 4237, 4439, 4241, 4338, 4240",11
"4240",4240,"4140, 4040, 4139, 4141, 4238, 4239, 4440, 4341, 4242, 4339, 4340, 4241",12
"4241",4241,"4141, 4240, 4041, 4140, 4142, 4239, 6204, 4243, 8171, 4341, 4242",11
"4242",4242,"4142, 4241, 2220, 4042, 4141, 1769, 4240, 7770, 4442, 4343, 4244, 4341, 4342, 4243",14
"4243",4243,"4143, 4242, 4043, 4142, 4144, 4241, 4443, 4245, 4342, 4343, 4244",11
"4244",4244,"4144, 4243, 4143, 4242, 2178, 6202, 4345, 4246, 4343, 8255, 6605, 9662",12
"4245",4245,"4145, 4045, 4144, 4146, 4243, 6397, 9674, 7823, 4445, 4346, 4247, 4344, 7152, 4246",14
"4246",4246,"1307, 4146, 4245, 3043, 4046, 4145, 4147, 4244, 324, 4446, 4347, 4248, 4476, 4346",14
"4247",4247,"4047, 4146, 4148, 4245, 4348, 4346, 4347, 4248, 7659, 9698",10
"4248",4248,"3957, 4247, 626, 3209, 4048, 4147, 4149, 4246, 1815, 1491, 6602, 4598, 7250, 4349, 4250, 4347, 8276, 4249",18
"4249",4249,"4149, 4248, 4049, 4148, 4150, 118, 8453, 4449, 4350, 4348, 5111, 4349, 4250",13
"4250",4250,"4150, 4249, 1397, 4050, 4149, 4151, 4248, 4450, 4351, 4252, 4350, 4251",12
"4251",4251,"3845, 4250, 4051, 4152, 1978, 4451, 4352, 4253, 4350, 6318, 4351",11
"4252",4252,"4152, 1042, 4052, 4151, 4153, 4250, 1639, 4452, 4353, 4254, 9016, 4352, 4253",13
"4253",4253,"4153, 4252, 4053, 4154, 4251, 2033, 4453, 4255, 4352, 4353, 4254",11
"4254",4254,"2765, 4154, 4253, 4054, 309, 4155, 4252, 4454, 4355, 4256, 4353, 4255",12
"4255",4255,"4254, 4055, 4154, 4156, 4253, 5222, 4356, 4257, 4354, 4355, 8929, 7554",12
"4256",4256,"4056, 4157, 4254, 4456, 4357, 4258, 4356, 4257",8
"4257",4257,"4157, 4256, 4057, 4156, 4158, 4255, 1991, 9818, 4457, 4358, 4259, 6590, 4357",13
"4258",4258,"4158, 4058, 4198, 4256, 4458, 4359, 4260, 4357, 7637, 4358, 4259",11
"4259",4259,"704, 1270, 4159, 4258, 1737, 4059, 4158, 4160, 4257, 4459, 4360, 4261, 4358, 5316, 4359, 4593",16
"4260",4260,"1558, 4060, 4161, 4258, 5900, 4901, 4460, 4361, 4359, 4360, 4261",11
"4261",4261,"679, 4161, 4260, 4061, 4160, 4259, 7312, 4362, 4263, 4360, 4361, 4262",12
"4262",4262,"4261, 4062, 4161, 4163, 2143, 2265, 6423, 4462, 4363, 4264, 4361, 4263",12
"4263",4263,"4262, 4063, 4162, 4164, 4261, 9281, 4463, 4364, 4362, 4363",10
"4264",4264,"2171, 4164, 4064, 4163, 4165, 4262, 6908, 4464, 8977, 4266, 7247, 4364, 4265, 7991",14
"4265",4265,"4165, 4264, 1046, 4065, 4166, 4164, 6758, 4465, 4366, 4267, 4364, 9451, 4365, 4266",14
"4266",4266,"4166, 4265, 1311, 4066, 4165, 4264, 4466, 7210, 4268, 6892, 4366, 4267",12
"4267",4267,"4167, 4266, 4067, 4166, 4168, 4265, 5761, 4467, 4368, 4269, 4268",11
"4268",4268,"1423, 4168, 2034, 4068, 4167, 1681, 4266, 4267, 4468, 4369, 4270, 4367, 4368, 4269",14
"4269",4269,"4169, 4268, 4069, 2638, 4267, 7964, 4370, 4271, 6356, 4369, 4270",11
"4270",4270,"4170, 4269, 2057, 4169, 4171, 4268, 175, 4470, 4371, 4369, 4370, 4271",12
"4271",4271,"4171, 4270, 4071, 4172, 4269, 4471, 4372, 4273, 4370, 4272",10
"4272",4272,"4172, 4271, 4072, 4173, 2449, 576, 4472, 4372",8
"4273",4273,"4173, 4073, 4172, 4174, 4271, 4473, 4374, 4275, 4372, 4274",10
"4274",4274,"2632, 4174, 4273, 333, 4074, 4173, 4175, 3615, 4474, 4375, 4276, 4373, 4374, 4275",14
"4275",4275,"932, 4175, 4274, 4174, 4176, 4273, 4475, 4376, 4277, 4374, 4276",11
"4276",4276,"409, 4176, 4175, 4177, 4274, 1681, 4275, 5103, 4377, 4278, 4375, 4376, 4277",13
"4277",4277,"4177, 4276, 4077, 4178, 4275, 1695, 3676, 4477, 4378, 9381, 4377, 4278",12
"4278",4278,"4033, 4178, 4277, 1640, 4078, 4177, 4179, 4276, 1753, 4478, 4379, 4280, 4377, 9832",14
"4279",4279,"1414, 3241, 3874, 4179, 3390, 4079, 4178, 4180, 4479, 4380, 4281, 4378, 4379, 4280",14
"4280",4280,"4180, 4279, 4080, 4179, 4278, 7120, 8317, 5051, 4480, 4381, 4282, 4379, 4380, 4281",14
"4281",4281,"4181, 4280, 4081, 4182, 4279, 4180, 5850, 4481, 4382, 4283, 4380, 9085, 4381, 4282",14
"4282",4282,"4281, 3946, 4082, 4181, 4183, 4280, 2606, 9964, 4482, 4284, 4381, 6830, 4382, 4283",14
"4283",4283,"4109, 4183, 4282, 1707, 4083, 4184, 4281, 4483, 4384, 4285, 4382, 4383, 4284",13
"4284",4284,"4184, 4283, 4084, 4183, 4185, 4282, 7182, 4484, 4385, 4286, 4383, 4384, 4285",13
"4285",4285,"4185, 4284, 4014, 4184, 4186, 4283, 4485, 4386, 4287, 4384, 4385, 4286",12
"4286",4286,"4186, 4285, 78, 4185, 4187, 4284, 4486, 4387, 4288, 4386, 8499",11
"4287",4287,"4187, 4087, 4186, 4188, 4285, 4487, 4386, 4288",8
"4288",4288,"4188, 4287, 4088, 4187, 4189, 4286, 4488, 4290, 4387, 4289",10
"4289",4289,"4189, 4288, 4089, 4188, 4190, 2988, 7771, 4489, 4390, 4388, 9338, 9207, 4389, 4290",14
"4290",4290,"4190, 4289, 4090, 4189, 2760, 4288, 4490, 4292, 4389, 4390, 4945",11
"4291",4291,"1966, 4091, 4190, 4192, 4491, 4392, 4293, 4390, 8057, 4391, 4292",11
"4292",4292,"4192, 4291, 940, 4092, 4193, 4290, 4191, 4393, 4294, 4391, 4392, 4293",12
"4293",4293,"4193, 4292, 4093, 4192, 4291, 9957, 4493, 4394, 4295, 4392, 4393, 4294",12
"4294",4294,"986, 4293, 4094, 4193, 4195, 4292, 9343, 4494, 4395, 4296, 4393, 4394, 4295",13
"4295",4295,"4195, 4294, 4095, 4194, 4196, 4293, 6296, 4767, 4396, 4394, 4395, 4296",12
"4296",4296,"4196, 4295, 4096, 4195, 4197, 4294, 4496, 4298, 4395, 4396, 4297",11
"4297",4297,"4296, 4196, 5366, 6697, 9361, 4497, 4398, 4299, 4396, 8959, 4397, 4298",12
"4298",4298,"4198, 4297, 772, 4197, 4199, 3148, 4296, 6491, 9164, 4397, 4398, 4299",12
"4299",4299,"4199, 4298, 4099, 4200, 4297, 4499, 4400, 4398, 4474, 4300",10
"4300",4300,"4200, 4100, 2679, 4299, 4500, 4399, 6117, 4400",8
"4301",4301,"4101, 4202, 3999, 4501, 4402, 4302",6
"4302",4302,"118, 1071, 4202, 1915, 4102, 4201, 4301, 5390, 7674, 4502, 4403, 4304, 4401, 4402",14
"4303",4303,"499, 4103, 4202, 4204, 4228, 4503, 4404, 4305, 4402, 4403, 4304, 5096",12
"4304",4304,"4204, 4303, 3947, 4104, 4203, 4205, 4302, 27, 4504, 4306, 4403, 7224, 4404, 4305",14
"4305",4305,"4205, 4304, 4105, 4204, 4206, 4303, 4505, 4307, 4404, 4405, 4306",11
"4306",4306,"4206, 4305, 3681, 4106, 4304, 4205, 4506, 4407, 4877, 4405, 7203, 4406, 4307",13
"4307",4307,"2904, 4207, 4306, 4107, 4206, 4208, 4305, 9708, 4507, 4408, 4309, 4406, 4407, 4308",14
"4308",4308,"4208, 4307, 4108, 4207, 4209, 7749, 4409, 4310, 4407, 9708, 4408, 4309",12
"4309",4309,"4209, 4308, 1551, 4109, 4210, 4307, 4208, 9992, 4509, 4410, 4311, 4408, 4310",13
"4310",4310,"4210, 4309, 1428, 4110, 4209, 4211, 4308, 761, 5309, 8162, 4312, 8549, 4410, 4311",14
"4311",4311,"4310, 4210, 4309, 3348, 5651, 4511, 4313, 4410, 8667, 4411, 4312",11
"4312",4312,"4212, 4311, 4112, 4211, 4213, 4310, 4512, 4413, 4314, 4411, 6082, 4412, 4313",13
"4313",4313,"4213, 4312, 68, 152, 4113, 4212, 4214, 4311, 3061, 4513, 4414, 4315, 4412, 4413",14
"4314",4314,"1825, 4214, 4114, 4213, 4312, 1150, 9410, 4514, 4415, 4413, 4414, 4315",12
"4315",4315,"981, 3044, 4215, 4314, 4115, 4214, 4216, 4313, 9820, 8170, 4774, 4317, 4414, 4415, 4316",15
"4316",4316,"3241, 4216, 4315, 4116, 4215, 5069, 4516, 4417, 4318, 4415, 4416, 4317",12
"4317",4317,"4316, 4117, 4216, 4218, 4315, 6264, 6229, 4517, 4418, 4319, 4416, 4417, 4318",13
"4318",4318,"249, 4317, 4118, 4217, 4316, 4518, 4419, 4320, 4417, 9441, 4418, 4319",12
"4319",4319,"4219, 4318, 2109, 2687, 4119, 4218, 4220, 4317, 4519, 4420, 4321, 4418, 4419, 4320",14
"4320",4320,"2598, 4319, 4120, 4219, 4221, 4318, 7980, 4421, 4322, 4420, 4321",11
"4321",4321,"4221, 4320, 4121, 4220, 4222, 4319, 4521, 4422, 4323, 4420, 4421, 4322",12
"4322",4322,"3166, 4321, 4122, 4221, 4223, 4320, 7855, 4522, 4423, 4324, 4421, 4422, 4323",13
"4323",4323,"4223, 4322, 3112, 3113, 4222, 4224, 4321, 4523, 4424, 4325, 4422, 4423",12
"4324",4324,"4224, 4124, 4225, 4322, 4223, 6257, 6471, 4524, 9336, 4326, 4423, 4424, 4325, 8557",14
"4325",4325,"4225, 4324, 4125, 4224, 4226, 4323, 4525, 4327, 4424, 4326",10
"4326",4326,"4126, 4227, 4324, 4325, 4526, 4328, 4425, 4426, 4327",9
"4327",4327,"4227, 4326, 4127, 4226, 4325, 2870, 8761, 4527, 4329, 4426, 4427",11
"4328",4328,"4128, 4227, 4229, 4326, 4528, 4429, 4330, 4427, 4428, 4329, 6363",11
"4329",4329,"4229, 4328, 581, 4129, 4228, 4230, 4327, 4529, 4430, 4331, 4428, 4429, 4330",13
"4330",4330,"4230, 4329, 1531, 4130, 4229, 4328, 6499, 4530, 4431, 4332, 4429, 4430, 4331",13
"4331",4331,"2553, 4231, 4330, 3683, 4230, 4329, 1198, 7568, 6620, 4531, 4430, 7971, 4431, 4332",14
"4332",4332,"3022, 4232, 4331, 603, 4132, 4233, 4330, 4532, 4433, 4334, 4431, 4432, 4333",13
"4333",4333,"4233, 4332, 4133, 4232, 4234, 4533, 4434, 4335, 4432, 4433, 4334",11
"4334",4334,"4234, 4333, 3824, 4233, 4235, 4332, 2505, 5410, 4336, 4433, 9440, 5637",12
"4335",4335,"4235, 4135, 4234, 4236, 4333, 4436, 4337, 4434, 5033, 4336",10
"4336",4336,"4335, 4235, 4237, 4334, 5296, 4536, 4437, 4338, 4435, 4436, 4337",11
"4337",4337,"3692, 4336, 4137, 795, 4335, 1743, 4537, 4438, 4339, 4437, 4338",11
"4338",4338,"4238, 4337, 4138, 4237, 4239, 4336, 4538, 4340, 4437, 4438, 4339",11
"4339",4339,"4338, 4139, 4240, 4337, 5658, 7184, 4440, 4341, 4438, 4439, 4340",11
"4340",4340,"3026, 3218, 4240, 4339, 4140, 4338, 4540, 4441, 4342, 4439, 4754, 4440, 4341",13
"4341",4341,"4241, 4340, 4240, 4242, 4339, 4541, 4442, 4343, 4440, 4441, 4342",11
"4342",4342,"4242, 4341, 4142, 4243, 4340, 1410, 4542, 4443, 4441, 7859, 4442, 4343",12
"4343",4343,"4243, 4342, 715, 4143, 4242, 4244, 4341, 4408, 4345, 4442, 4344",11
"4344",4344,"4343, 4144, 4245, 2688, 4544, 4445, 5391, 9226, 4444, 4345",10
"4345",4345,"4344, 4244, 4343, 9673, 4446, 4347, 4444, 4445, 4346",9
"4346",4346,"4246, 4345, 876, 4146, 4245, 4247, 4546, 4447, 4348, 4445, 4347",11
"4347",4347,"4247, 4346, 3807, 2346, 4246, 4248, 4345, 3050, 4547, 4448, 4349, 4446, 4447",13
"4348",4348,"4148, 4249, 4346, 4247, 4548, 4449, 4350, 4448, 4349",9
"4349",4349,"4249, 4348, 4149, 4248, 4347, 8458, 4549, 4450, 4351, 9400, 8557, 4449, 4350",13
"4350",4350,"4250, 4349, 4150, 4249, 4251, 4348, 4444, 4550, 4451, 4352, 4449, 7009, 4450, 4351",14
"4351",4351,"4251, 4350, 4151, 4250, 4349, 5852, 4551, 4452, 8399, 4450, 4451, 4352",12
"4352",4352,"2188, 4252, 4351, 4251, 4253, 4350, 4453, 4354, 4451, 8238, 4452",11
"4353",4353,"4253, 1751, 4153, 4252, 4254, 6162, 4553, 4454, 4355, 4452, 4354",11
"4354",4354,"1195, 4154, 4255, 4352, 4353, 4554, 4455, 4356, 4453, 4454, 4355",11
"4355",4355,"4255, 4354, 1168, 4254, 4353, 9126, 9307, 6997, 4555, 4456, 4357, 4454, 4455, 4356",14
"4356",4356,"4256, 4355, 4156, 4255, 4354, 5065, 4457, 4358, 4455, 6804, 4456, 4357",12
"4357",4357,"4257, 4356, 656, 4256, 4258, 4355, 4557, 4458, 4952, 4456, 4358",11
"4358",4358,"4258, 4357, 4158, 4257, 4259, 4356, 7865, 7330, 4459, 4360, 4457, 4458, 4359",13
"4359",4359,"4259, 4358, 4159, 4258, 4260, 2091, 2909, 8441, 4559, 4458, 4459",11
"4360",4360,"4260, 3275, 4160, 4259, 4261, 4358, 1230, 4560, 4362, 4460, 4361",11
"4361",4361,"4261, 4360, 4161, 4260, 4262, 458, 9034, 4561, 4462, 4460, 4461, 4362",12
"4362",4362,"4361, 4263, 4360, 4261, 4562, 4463, 4364, 4461, 4462, 4363",10
"4363",4363,"3175, 4263, 4362, 4163, 4262, 4563, 4464, 4462, 7825, 6041, 4364",11
"4364",4364,"4264, 4363, 915, 4263, 4265, 4362, 7303, 4465, 4366, 4463, 4464, 8686",12
"4365",4365,"4265, 3058, 2867, 4466, 4367, 4464, 9302, 4465, 4366",9
"4366",4366,"4266, 4365, 2344, 1466, 4265, 3460, 4364, 3620, 4368, 4465, 4466, 4367",12
"4367",4367,"4366, 4175, 1164, 4167, 4268, 4365, 7738, 4567, 4468, 4369, 4466, 4368",12
"4368",4368,"4268, 4367, 4267, 4366, 8684, 4568, 4370, 4467, 4468",9
"4369",4369,"4269, 142, 792, 978, 4169, 4268, 4270, 4367, 2123, 337, 4569, 4470, 4468, 9632, 4469",15
"4370",4370,"4270, 4170, 4269, 4271, 4368, 6518, 5379, 4570, 4471, 4372, 4469, 4470, 4371",13
"4371",4371,"964, 1786, 4370, 4270, 6169, 4571, 4472, 4470, 4471, 4372",10
"4372",4372,"1949, 4272, 4371, 4172, 4271, 4273, 4370, 6347, 4572, 4473, 4374, 4471, 4472, 4373",14
"4373",4373,"3446, 4372, 3386, 4274, 4573, 4474, 4375, 4472, 9251, 4473",10
"4374",4374,"4274, 4174, 4273, 4275, 4372, 4574, 4475, 4376, 4473, 4474, 4375, 9949",12
"4375",4375,"4374, 4175, 4274, 4276, 4373, 6698, 4575, 4476, 4377, 4474, 4475, 4376",12
"4376",4376,"4276, 4375, 4176, 4275, 4374, 4811, 4576, 4477, 6789, 4476, 4377",11
"4377",4377,"4277, 4376, 4177, 4276, 4278, 4375, 3881, 4577, 8187, 4379, 4476, 7028, 4378",13
"4378",4378,"4377, 4178, 4277, 4279, 629, 4578, 5046, 4380, 4477, 4478, 4379",11
"4379",4379,"4279, 4378, 4179, 4278, 4280, 4377, 4579, 9694, 4381, 4478, 4479, 4380",12
"4380",4380,"4280, 4379, 4279, 4281, 4378, 4580, 4481, 4382, 5505, 4678, 4480",11
"4381",4381,"4281, 4181, 4280, 4282, 4379, 7547, 4581, 4482, 4383, 4481, 4382, 6166",12
"4382",4382,"4282, 4381, 3497, 4182, 4281, 4283, 4380, 1325, 878, 4582, 4483, 4384, 4482",13
"4383",4383,"4283, 4183, 4284, 4381, 4659, 4583, 4385, 4482, 8914, 4483, 4384",11
"4384",4384,"4284, 4383, 4184, 4283, 4285, 4382, 4584, 4485, 4386, 4483, 4484, 4385",12
"4385",4385,"4285, 4384, 398, 4185, 4284, 2306, 4383, 4585, 4486, 4387, 5043, 4485, 4386",13
"4386",4386,"4286, 4385, 4186, 4285, 4287, 4384, 7539, 4586, 4388, 4485, 4486, 4387",12
"4387",4387,"1396, 3922, 4386, 4286, 4288, 4385, 2969, 5104, 4488, 4389, 4486, 4388",12
"4388",4388,"4163, 4387, 4188, 4289, 4386, 4588, 4489, 4390, 8356, 8801, 4583, 4488, 4389",13
"4389",4389,"4289, 4388, 1353, 4189, 4290, 4387, 8788, 4589, 4490, 4391, 4488, 6369, 4390",13
"4390",4390,"4290, 3256, 4190, 4289, 4291, 4388, 4389, 9885, 6568, 4590, 4392, 4489, 4490, 4391",14
"4391",4391,"4291, 4390, 4292, 4389, 8794, 6602, 4591, 4492, 4393, 4490, 4491, 4392",12
"4392",4392,"1609, 4292, 4391, 4291, 4293, 4390, 8197, 4592, 4493, 4394, 4491, 7823, 9356, 4393",14
"4393",4393,"4293, 4392, 4193, 4292, 4294, 4391, 4593, 4494, 6727, 4492, 4493, 4394",12
"4394",4394,"4294, 4393, 4194, 4293, 4295, 4392, 2217, 4594, 4495, 4396, 4493, 4395",12
"4395",4395,"4295, 4394, 4195, 4294, 4296, 4595, 4496, 4397, 4494, 5360, 4495, 4396",12
"4396",4396,"842, 1914, 4296, 4395, 4196, 4295, 4297, 4394, 4596, 4497, 4398, 4495, 4496, 4397",14
"4397",4397,"4297, 4396, 4197, 4298, 4395, 2373, 6264, 4597, 4498, 4399, 4496, 7624, 4497",13
"4398",4398,"176, 4298, 4198, 4297, 4299, 4396, 4499, 4497, 8221, 4399",10
"4399",4399,"4398, 4199, 3466, 4300, 4397, 1090, 4599, 4498, 4499, 4400, 5788",11
"4400",4400,"4300, 4399, 4200, 4299, 3015, 4600, 4499, 8846",8
"4401",4401,"1595, 1793, 2012, 4084, 4302, 1589, 8304, 4601, 4502, 4403, 4501, 7112",12
"4402",4402,"4302, 4202, 4301, 4303, 4526, 4602, 4404, 4501, 4502, 4403",10
"4403",4403,"4303, 4402, 4203, 4302, 4304, 4401, 4603, 4405, 6309, 4503, 4404",11
"4404",4404,"4304, 4403, 3825, 4204, 4303, 4305, 4402, 4604, 4505, 4406, 7422, 6107, 4504, 4405",14
"4405",4405,"4305, 4404, 4306, 4403, 9167, 4605, 4506, 4407, 4504, 4505, 4406",11
"4406",4406,"4306, 4405, 4206, 2504, 4307, 4404, 4606, 4507, 4505, 4506, 4407",11
"4407",4407,"4307, 4406, 4207, 4306, 4308, 4405, 3148, 7496, 5460, 4607, 4409, 4506, 6630, 4408",14
"4408",4408,"4308, 4407, 4343, 4307, 4309, 5580, 4608, 4509, 4410, 4507, 5634, 4508, 4409",13
"4409",4409,"3444, 4408, 3553, 4308, 4407, 2068, 4609, 4510, 4508, 5817, 7881, 4410",12
"4410",4410,"4310, 4409, 126, 4210, 4309, 4311, 4408, 5429, 4610, 4511, 4412, 4509, 6403",13
"4411",4411,"4311, 4211, 4312, 1340, 4611, 4512, 4413, 4510, 4850, 4412",10
"4412",4412,"4312, 4411, 4212, 4313, 4410, 6642, 4612, 4414, 4511, 9190, 4512, 4413",12
"4413",4413,"4313, 4412, 4213, 4312, 4314, 4411, 6454, 6642, 4415, 4512, 9497, 4513, 4414",13
"4414",4414,"4314, 4413, 4313, 4315, 4412, 4614, 4416, 4514, 4415",9
"4415",4415,"4315, 4414, 3926, 4215, 4314, 4316, 4413, 7824, 4729, 4615, 4516, 4417, 4514, 4515, 7952",15
"4416",4416,"4316, 1602, 4216, 4317, 4414, 4043, 5322, 4616, 4517, 4418, 4417",11
"4417",4417,"4317, 4416, 3942, 4217, 4316, 4318, 4415, 1687, 4419, 4516, 4517, 4418",12
"4418",4418,"1033, 4318, 4417, 293, 4218, 4317, 4319, 4416, 8380, 4618, 6486, 4420, 4517, 6599, 4518, 4419",16
"4419",4419,"4319, 4418, 710, 898, 4318, 4417, 5953, 4619, 4520, 4421, 4518, 4519, 4420",13
"4420",4420,"4320, 4419, 1551, 3611, 4220, 4319, 4321, 4418, 6011, 4620, 8122, 5328, 9659, 4520",14
"4421",4421,"4321, 3589, 2649, 2702, 4320, 4322, 4419, 4621, 4522, 4423, 4520, 6756, 6540, 4521, 4422",15
"4422",4422,"4322, 4421, 3847, 4222, 4321, 4323, 9735, 4622, 7808, 4424, 4423",11
"4423",4423,"4323, 4422, 4199, 4322, 4324, 4421, 4126, 5302, 4623, 4524, 4522, 4523",12
"4424",4424,"4324, 2007, 4224, 4323, 4325, 4422, 4624, 4525, 4523, 4425",10
"4425",4425,"4424, 2018, 4225, 4326, 3726, 9661, 9378, 4625, 4526, 4427, 4524",11
"4426",4426,"4326, 2606, 4226, 4327, 3108, 4626, 4527, 4428, 7201, 6473, 4427",11
"4427",4427,"4327, 4426, 4227, 4328, 4425, 2455, 8572, 4627, 4528, 4526, 8620, 4527, 4428",13
"4428",4428,"4328, 4427, 4228, 1262, 4329, 4426, 7648, 4628, 4529, 4527, 8083, 4801",12
"4429",4429,"4329, 2973, 4229, 4328, 4330, 4629, 4530, 4431, 4528, 4529",10
"4430",4430,"4330, 4230, 4329, 4331, 2029, 3027, 4630, 4531, 4432, 4530, 4431, 9719",12
"4431",4431,"4331, 4430, 4231, 4330, 4332, 4429, 8114, 4796, 4631, 4532, 4433, 4530, 4531, 5188",14
"4432",4432,"4332, 4232, 4333, 4430, 8097, 4632, 4434, 4531, 4532",9
"4433",4433,"4333, 4233, 4332, 4334, 4431, 4633, 4534, 4435, 4563, 6888, 4533, 4434, 8320",13
"4434",4434,"4433, 4234, 4333, 4335, 4432, 4634, 4436, 4533, 9244",9
"4435",4435,"4235, 4336, 4433, 4635, 4536, 4437, 4436",7
"4436",4436,"4336, 2404, 4236, 4434, 4335, 4435, 4636, 5825, 4438, 4535, 8401, 4536, 4437",13
"4437",4437,"4337, 4436, 4237, 4336, 4338, 4435, 4637, 4538, 4439, 4536, 4537, 4438",12
"4438",4438,"1400, 4338, 4437, 4238, 4337, 4339, 4436, 4638, 4539, 4440, 4537, 4538, 4439",13
"4439",4439,"4339, 4438, 4239, 3577, 4340, 4437, 7408, 4639, 4540, 4441, 4538, 4539, 4440",13
"4440",4440,"4157, 4340, 4439, 4240, 4339, 4341, 4438, 4640, 4541, 4442, 4539, 4540, 4441",13
"4441",4441,"2419, 3646, 4341, 4440, 811, 4340, 4342, 4439, 9857, 6871, 4443, 4540, 4541, 4442",14
"4442",4442,"4342, 4441, 4242, 4341, 4343, 4440, 1970, 2570, 989, 5237, 4642, 4543, 4938",13
"4443",4443,"3215, 777, 4243, 4342, 4441, 9395, 4643, 4544, 6379, 4542, 9932, 4444",12
"4444",4444,"4344, 4443, 4345, 4350, 3851, 4644, 4446, 4543, 4544, 4445",10
"4445",4445,"4345, 4444, 4245, 4344, 4346, 7116, 4645, 4546, 4447, 5127",10
"4446",4446,"755, 4246, 4345, 4347, 4444, 4646, 7579, 4448, 4545, 4546, 4447, 8813",12
"4447",4447,"1282, 4347, 4446, 4346, 4445, 8581, 5720, 4647, 4449, 4546, 4547, 4448",12
"4448",4448,"4348, 4447, 4347, 4446, 8304, 5407, 4648, 4549, 4450, 4547, 4548, 4449",12
"4449",4449,"4349, 4448, 4074, 4249, 4348, 4350, 4447, 1443, 7548, 4649, 4550, 4451, 4548, 4450",14
"4450",4450,"4350, 4449, 4250, 4349, 4351, 4448, 3796, 3100, 5439, 4650, 4551, 4550, 4451",13
"4451",4451,"4351, 4450, 2273, 4251, 4350, 4352, 4449, 4552, 4453, 4550, 8847, 4551, 4452",13
"4452",4452,"4352, 4451, 4252, 4351, 4353, 9045, 4652, 4553, 4454, 7244, 4552",11
"4453",4453,"4253, 4352, 4354, 4451, 6479, 4653, 4554, 4455, 4552, 4553, 4454, 5792",12
"4454",4454,"4354, 4453, 1591, 4254, 4353, 4355, 4452, 849, 9038, 4555, 4456, 6170, 4554, 4455",14
"4455",4455,"4355, 4454, 4106, 2590, 4354, 4356, 4453, 4655, 4556, 4457, 4555, 4456",12
"4456",4456,"4356, 4455, 4256, 4355, 4357, 4454, 1335, 7735, 7945, 4656, 4557, 4555, 4556, 4457",14
"4457",4457,"3619, 4456, 4257, 4358, 4455, 4356, 5968, 4657, 4558, 4459, 4556, 4557, 4458",13
"4458",4458,"4358, 4457, 1986, 4258, 4357, 4359, 4658, 4559, 4460, 4557, 4558, 4459",12
"4459",4459,"4359, 4458, 4259, 4457, 4358, 4659, 4560, 4461, 4558, 7554, 4559, 4460",12
"4460",4460,"3537, 3978, 4360, 4459, 4260, 4361, 4458, 639, 4660, 4561, 4462, 4559, 4560, 4461",14
"4461",4461,"4361, 4460, 62, 4362, 4459, 1395, 8797, 4661, 4562, 4560, 4956, 4561, 4462",13
"4462",4462,"4362, 4461, 4262, 4361, 4363, 4460, 3125, 465, 4662, 4561, 4562",11
"4463",4463,"450, 4263, 4362, 4364, 2081, 7675, 4564, 4465, 4562, 4563",10
"4464",4464,"4364, 4264, 4363, 4365, 8465, 5542, 4664, 4565, 4466, 4563, 4465, 8997",12
"4465",4465,"561, 4365, 4464, 4265, 4364, 4366, 4463, 5840, 4566, 4467, 4564, 7456, 4565, 4466",14
"4466",4466,"4366, 4465, 4266, 4365, 4367, 4464, 9408, 6149, 4666, 4468, 4565, 4566, 4467",13
"4467",4467,"4466, 4267, 2857, 4368, 4465, 7529, 4667, 4568, 8973, 4566, 6532, 4567, 4468",13
"4468",4468,"1090, 4368, 4467, 4268, 4367, 4369, 2284, 4466, 4668, 4470, 6526, 4535, 4568, 4469",14
"4469",4469,"4369, 4468, 3729, 4370, 6793, 4570, 4471, 4568, 4569, 4470",10
"4470",4470,"4370, 4469, 4270, 4369, 4371, 4468, 3386, 4670, 4472, 4569, 4570, 4471",12
"4471",4471,"4371, 4470, 4271, 4370, 4372, 4469, 4671, 4572, 4473, 4570, 4571, 4472",12
"4472",4472,"4372, 4471, 4272, 4371, 4373, 4470, 4672, 4573, 4474, 4571, 4572",11
"4473",4473,"4373, 4273, 4372, 4374, 4471, 4574, 4475, 4572, 4573, 8422, 7469",11
"4474",4474,"4374, 4299, 4274, 4373, 4375, 4472, 4674, 4575, 4476, 4574",10
"4475",4475,"4375, 4275, 4374, 4473, 5378, 4614, 4675, 4576, 4477, 4574, 4575",11
"4476",4476,"4376, 4246, 4375, 4377, 4474, 4676, 4577, 4478, 4575, 6378, 4576",11
"4477",4477,"3137, 2041, 4277, 4376, 4378, 4475, 4677, 4578, 4479, 4576, 4577, 4478, 5505",13
"4478",4478,"4378, 4477, 4278, 4379, 4476, 4678, 4579, 4577, 4578, 4479",10
"4479",4479,"3712, 4379, 4478, 3875, 4279, 4477, 4679, 4580, 8429, 4578, 4579, 7878",12
"4480",4480,"4380, 2617, 4055, 4280, 3941, 260, 8092, 4680, 4581, 4482, 4579, 4580, 4481",13
"4481",4481,"4381, 4480, 4281, 4380, 2511, 6966, 4582, 4483, 4829, 4623, 4581, 4482",12
"4482",4482,"4382, 4481, 4282, 4381, 4383, 4480, 4682, 4583, 4484, 4581, 4582, 4483",12
"4483",4483,"4383, 4482, 4283, 4382, 4384, 4481, 4584, 4485, 4582, 4484",10
"4484",4484,"4384, 4483, 4284, 4482, 7516, 9616, 4585, 4486, 4583, 4872, 4584, 4485",12
"4485",4485,"4385, 4484, 4285, 4384, 4386, 4483, 4685, 4586, 4487, 4584, 5620, 4585, 4486",13
"4486",4486,"4386, 4485, 4286, 4385, 4387, 4484, 4686, 6765, 6540, 4586, 4487",11
"4487",4487,"4486, 4287, 4485, 290, 7513, 4687, 4588, 4489, 4857, 4587, 4488",11
"4488",4488,"4388, 4487, 4288, 4387, 4389, 4688, 4589, 4490, 4943, 4588, 4489",11
"4489",4489,"4488, 4289, 4388, 4390, 4487, 9042, 7256, 4689, 4590, 4588, 7668, 4589, 4490",13
"4490",4490,"4390, 4489, 4290, 4389, 4391, 4488, 4591, 7017, 4589, 4590, 4491",11
"4491",4491,"4391, 4490, 3592, 4291, 4392, 1881, 8822, 4691, 4592, 4493, 4590, 7495, 5530, 7107",14
"4492",4492,"184, 4391, 4393, 6186, 4593, 4494, 4591, 4592, 4493",9
"4493",4493,"2410, 4393, 4492, 4293, 4392, 4394, 4491, 4693, 4594, 4495, 7487, 4494",12
"4494",4494,"1347, 4493, 4294, 4393, 4395, 4492, 4694, 4496, 4593, 4495",10
"4495",4495,"4395, 4394, 4396, 4493, 4494, 4695, 4596, 4497, 4594, 7694, 4595, 4496",12
"4496",4496,"4396, 4495, 4296, 4395, 4397, 4494, 5111, 4696, 4597, 4498, 4595, 6222, 4497",13
"4497",4497,"4397, 4496, 4297, 4396, 4398, 4495, 1232, 4697, 4598, 4499, 4597",11
"4498",4498,"836, 4397, 4399, 4496, 4698, 4599, 4500, 5035, 4598, 4499",10
"4499",4499,"4399, 4498, 3511, 4299, 4398, 4400, 4497, 4699, 4598, 4599, 4500",11
"4500",4500,"4499, 3447, 4300, 4498, 4700, 4599, 4600",7
"4501",4501,"4401, 4301, 4402, 8914, 4701, 4602, 4503, 4601, 4502",9
"4502",4502,"4402, 4501, 1882, 4302, 4401, 827, 9859, 6217, 4702, 8023, 4601, 4602",12
"4503",4503,"4403, 4303, 3100, 4501, 2638, 6986, 4703, 4604, 5445, 4603, 4504, 6605",12
"4504",4504,"2742, 4404, 4503, 4304, 845, 4405, 4603, 4604, 4505",9
"4505",4505,"4405, 4504, 4305, 4404, 4406, 3829, 8017, 4705, 4606, 4507, 4605",11
"4506",4506,"4406, 4306, 4405, 4407, 2143, 4706, 4607, 4508, 4605, 6875, 4606, 4507",12
"4507",4507,"4506, 4307, 4406, 4408, 4505, 4707, 4608, 4509, 4606, 4607, 4508",11
"4508",4508,"4408, 4507, 4409, 4506, 5886, 4708, 4609, 4510, 4607, 4608, 4509",11
"4509",4509,"475, 4508, 4309, 4408, 4410, 4507, 1515, 4511, 6764, 4609, 4510",11
"4510",4510,"4509, 3107, 4409, 4411, 4508, 1963, 4834, 4710, 4512, 4609, 4610, 4511",12
"4511",4511,"4510, 4311, 4410, 4412, 4509, 4711, 4612, 4513, 4610, 4611",10
"4512",4512,"4412, 4312, 4411, 4413, 4510, 1791, 4712, 4613, 4514, 4611, 4513",11
"4513",4513,"4413, 4512, 3766, 4313, 3842, 3439, 4511, 7812, 4713, 4614, 4515, 4612, 4613, 4514",14
"4514",4514,"4414, 4513, 4314, 4415, 4512, 2001, 4714, 4615, 7489, 4614, 4515",11
"4515",4515,"4415, 4514, 3925, 346, 4513, 4715, 4616, 4517, 4614, 5421",10
"4516",4516,"4316, 4415, 4417, 1374, 2636, 4716, 4617, 4518, 4615, 4616, 4517",11
"4517",4517,"4417, 4516, 4317, 4416, 4418, 4515, 9530, 4717, 4618, 4519, 4616, 4617",12
"4518",4518,"4418, 4318, 3393, 4419, 4516, 4718, 4619, 4520, 5815, 4618",10
"4519",4519,"2551, 3515, 4419, 2934, 4319, 4517, 2629, 5415, 4620, 4521, 4618, 4619, 4520, 8350",14
"4520",4520,"4420, 4519, 4419, 4421, 4518, 4720, 4621, 4522, 4619, 7138, 4620, 4521",12
"4521",4521,"4421, 4520, 4321, 3987, 4519, 4106, 6608, 4622, 4621",9
"4522",4522,"948, 4322, 4421, 4423, 4520, 4722, 4623, 4524, 4621, 4622, 4523",11
"4523",4523,"4423, 4522, 4323, 4424, 766, 8467, 4723, 4624, 4525, 4622, 5012, 4623, 4524",13
"4524",4524,"4235, 4523, 4324, 4423, 4425, 4522, 616, 2213, 4724, 6790, 4623, 8196, 5322, 4525",14
"4525",4525,"3533, 4524, 4325, 4424, 2087, 4523, 9180, 6043, 4725, 4626, 4527, 4624, 4625, 4526",14
"4526",4526,"1641, 4525, 4326, 4425, 4427, 4402, 4726, 4528, 4625, 4626, 4527",11
"4527",4527,"4427, 4526, 4327, 4426, 4428, 4525, 192, 4727, 4628, 4529, 4626, 4627, 4528",13
"4528",4528,"607, 4527, 2342, 4328, 4427, 4429, 4526, 4728, 4629, 4530, 4627, 4851",12
"4529",4529,"4429, 4329, 4428, 4527, 3551, 4729, 4630, 4531, 4543, 5857, 4629",11
"4530",4530,"4430, 4227, 2397, 4330, 4429, 4431, 4528, 4730, 4532, 4629, 9085, 4630, 4531",13
"4531",4531,"847, 4431, 4530, 1035, 2851, 4331, 4430, 4432, 4529, 4731, 4632, 4533, 4631, 4532",14
"4532",4532,"3390, 4432, 4531, 999, 4332, 4431, 4530, 4732, 4633, 6359, 4631, 4632, 4533",13
"4533",4533,"4433, 4532, 3465, 4333, 1305, 4434, 4531, 707, 4535, 4632, 4534",11
"4534",4534,"1446, 4533, 4433, 3569, 9984, 4734, 4635, 4536, 4633",9
"4535",4535,"4108, 581, 4436, 4533, 4468, 4911, 4735, 4636, 4537, 4634, 4536",11
"4536",4536,"4436, 4535, 4336, 4435, 4437, 4534, 4736, 4637, 4538, 4635, 4636",11
"4537",4537,"4437, 4337, 4438, 4535, 9596, 4737, 4638, 4636, 4637, 4538, 5944",11
"4538",4538,"4438, 4537, 4338, 4437, 4439, 4536, 6600, 4738, 4639, 4540, 4637, 4638, 4539",13
"4539",4539,"4439, 4538, 1287, 4438, 4440, 1568, 5209, 4739, 4640, 4541, 4638, 8083, 4639",13
"4540",4540,"4440, 4340, 4439, 4441, 4538, 7278, 4565, 4740, 4641, 4542, 4639, 9894, 4640, 4541",14
"4541",4541,"4441, 4540, 4341, 4440, 4539, 3237, 4642, 4543, 4640, 4641, 6929",11
"4542",4542,"2610, 4342, 4443, 4540, 7645, 4742, 4643, 4544, 4641, 4642",10
"4543",4543,"4529, 4442, 4444, 4541, 1648, 4743, 4644, 4545, 4643, 4544, 7081",11
"4544",4544,"4444, 4543, 634, 4344, 4443, 4542, 5774, 4744, 4645, 4546, 4643, 8678, 4644, 4545",14
"4545",4545,"3798, 4544, 2082, 4446, 4543, 4646, 4547, 4644, 4645, 4546",10
"4546",4546,"4446, 4545, 4346, 4445, 4447, 4544, 4746, 4647, 4548, 4645, 4646, 4547",12
"4547",4547,"2587, 4447, 4546, 4347, 4448, 4545, 4747, 4648, 4646, 4647, 4548",11
"4548",4548,"4448, 4547, 4172, 4348, 4449, 4546, 152, 9930, 5968, 4649, 5518, 4647, 7689, 4549",14
"4549",4549,"4548, 4349, 4448, 9123, 9980, 4749, 4551, 4648, 7314, 4649, 4550",11
"4550",4550,"4450, 4549, 142, 4350, 4449, 4451, 7592, 4750, 4651, 4552, 4649, 4650, 4551",13
"4551",4551,"4451, 4550, 3439, 4351, 4450, 4549, 6292, 4751, 4652, 4650, 4651",11
"4552",4552,"4452, 611, 4451, 4453, 4550, 9544, 8013, 7734, 4752, 8564, 4554, 4651, 4652, 4553, 7971",15
"4553",4553,"4453, 4552, 3552, 4353, 4452, 5856, 4753, 4654, 4555, 4652, 5333, 4653, 4554",13
"4554",4554,"4454, 4553, 2577, 4354, 4453, 4552, 1053, 1444, 7114, 5112, 4655, 4653, 4654, 4555",14
"4555",4555,"2764, 4455, 4554, 4355, 4454, 4456, 4553, 7621, 8341, 4755, 4656, 4557, 4654, 4655, 4556",15
"4556",4556,"4456, 4555, 4455, 4457, 1611, 7841, 4756, 4558, 4655, 4656, 4557",11
"4557",4557,"4457, 4556, 4357, 4456, 4458, 4555, 4757, 4658, 4559, 4656, 4657, 4558",12
"4558",4558,"4458, 4557, 4457, 4459, 4556, 2201, 7904, 4758, 4659, 4560, 4658, 4559",12
"4559",4559,"4459, 4558, 4359, 4458, 4460, 4557, 4759, 4660, 4561, 4658, 4659, 4560",12
"4560",4560,"4460, 4559, 4360, 4459, 4461, 4558, 4760, 4661, 4562, 4659, 4660, 4561",12
"4561",4561,"4461, 4560, 4361, 4460, 4462, 4559, 8564, 4761, 4662, 4563, 4660, 4661, 4562",13
"4562",4562,"4462, 4561, 4362, 4461, 4463, 4560, 6792, 4762, 4663, 4662, 4563",11
"4563",4563,"4463, 4562, 4363, 4433, 4464, 4561, 4763, 4664, 4565, 4662, 4663, 4564",12
"4564",4564,"4563, 299, 2777, 4463, 4465, 2624, 4764, 4665, 4566, 4663, 4664, 4565",12
"4565",4565,"4465, 4564, 2582, 4464, 4466, 4563, 4540, 4765, 4664, 4665, 4566",11
"4566",4566,"4466, 4565, 4465, 4467, 4564, 8081, 4766, 4667, 4568, 4665, 4709, 4666, 8300",13
"4567",4567,"4467, 4367, 4767, 4569, 4628, 6139, 4667, 4568",8
"4568",4568,"4468, 4567, 4368, 4467, 4469, 4566, 4768, 9335, 4570, 4667, 4668, 5445",12
"4569",4569,"4469, 4369, 4470, 4567, 4984, 4769, 4670, 4571, 4668, 4669, 4570",11
"4570",4570,"2522, 4470, 4569, 4370, 4469, 4471, 4568, 6917, 4671, 4572, 4669, 7522, 4670, 4571",14
"4571",4571,"2240, 4471, 4570, 4371, 4472, 4569, 4771, 4672, 8185, 8398, 4572",11
"4572",4572,"4472, 2342, 4372, 4471, 4473, 4570, 4571, 4673, 4574, 4671, 4672, 4573",12
"4573",4573,"4473, 4572, 1024, 4373, 4472, 1405, 2110, 5674, 4773, 4674, 4575, 4672, 7421, 4673",14
"4574",4574,"4474, 2190, 4374, 4473, 4475, 4572, 1847, 8847, 4675, 4576, 4673, 4674, 4575",13
"4575",4575,"4475, 4574, 4375, 4474, 4476, 4573, 6850, 4775, 4676, 4577, 4674, 7820, 4675",13
"4576",4576,"4476, 4376, 4475, 4477, 4574, 2208, 4776, 4677, 4675, 4676, 4577, 5674",12
"4577",4577,"4477, 4576, 4073, 4377, 4476, 4478, 4575, 4777, 4678, 4579, 4677",11
"4578",4578,"4064, 4478, 2602, 4378, 4477, 4479, 2261, 5868, 4778, 4580, 4677, 4678, 4579",13
"4579",4579,"4479, 4578, 1288, 4379, 4478, 4480, 4577, 4779, 4680, 4581, 4678, 4679, 4580",13
"4580",4580,"2491, 4480, 4579, 2041, 4380, 4479, 4578, 2693, 4780, 8454, 4582, 4679, 4680, 4581",14
"4581",4581,"4481, 4580, 4381, 4480, 4482, 4579, 4781, 4682, 4583, 4680, 4681, 4582",12
"4582",4582,"1826, 4482, 4581, 4382, 4481, 4483, 4580, 2893, 4782, 7207, 4584, 4681, 4682, 4583",14
"4583",4583,"4388, 4582, 2750, 4383, 4482, 4484, 4581, 1778, 9677, 4783, 4585, 4682, 4683, 4584",14
"4584",4584,"4484, 4583, 1608, 3273, 4384, 4483, 4485, 4582, 4685, 4683, 4684, 4585",12
"4585",4585,"4485, 4584, 2914, 4385, 4484, 4583, 4785, 4684",8
"4586",4586,"4486, 4386, 4485, 6721, 4729, 4588, 4685, 4686, 4587",9
"4587",4587,"4487, 4586, 2906, 2259, 2984, 9584, 4787, 4688, 4589, 9571, 4687, 4588",12
"4588",4588,"4488, 4587, 4388, 4487, 4489, 4586, 1689, 4689, 4590, 4687, 4688, 4589",12
"4589",4589,"4489, 4588, 4389, 4488, 4490, 4587, 1889, 4789, 4688, 4689, 4590",11
"4590",4590,"4490, 4589, 4390, 4489, 4491, 4588, 4790, 4691, 4592, 4689, 4591",11
"4591",4591,"1196, 4590, 959, 4391, 4492, 4490, 6200, 6872, 4593, 4690, 4691",11
"4592",4592,"4492, 4392, 4491, 4590, 4712, 7122, 4974, 4693, 4594, 4691, 6798, 4692, 4593, 6016",14
"4593",4593,"4259, 4592, 4393, 4494, 4591, 4492, 9024, 4793, 4694, 4595, 4692, 8420, 4594",13
"4594",4594,"4593, 4394, 4493, 4495, 4592, 7652, 4794, 4695, 4596, 4693, 4694, 4595",12
"4595",4595,"4495, 4594, 703, 4395, 4496, 4593, 7404, 4795, 4694, 9972, 4695",11
"4596",4596,"793, 222, 4396, 4495, 3985, 4594, 31, 9464, 4796, 4697, 4598, 6297, 4696, 4597",14
"4597",4597,"4497, 4596, 4397, 4496, 4797, 4698, 4599, 4696, 4697, 4598",10
"4598",4598,"4498, 4597, 4248, 4497, 4499, 4596, 9748, 9508, 4699, 9829, 4697, 4698, 4599",13
"4599",4599,"4499, 4598, 4399, 4498, 4500, 4597, 1534, 4799, 4700, 4699, 4600",11
"4600",4600,"4500, 4599, 4400, 1881, 4800, 4699, 6244, 4700",8
"4601",4601,"4501, 3692, 4401, 4502, 7172, 4702, 4603, 8318",8
"4602",4602,"4502, 4402, 4501, 1627, 9409, 4703, 5253, 4701, 4702, 4603",10
"4603",4603,"4503, 4602, 4403, 4504, 4601, 2674, 4803, 4704, 4605, 4702, 4703",11
"4604",4604,"4504, 4404, 4503, 197, 4606, 4703, 9344, 4704, 4605",9
"4605",4605,"4505, 4604, 4405, 4506, 4603, 6616, 4805, 4706, 4607, 4704, 9858, 4606",12
"4606",4606,"4506, 2012, 4406, 4505, 4507, 4604, 4605, 4806, 4707, 4608, 4705, 4607",12
"4607",4607,"4507, 4407, 4506, 4508, 4605, 4606, 4807, 4708, 4609, 4707, 4608",11
"4608",4608,"4508, 4607, 4408, 4507, 4606, 862, 4808, 4709, 4610, 4707, 4609",11
"4609",4609,"4509, 4608, 4409, 4508, 4510, 4607, 5031, 4809, 4710, 4611, 5622",11
"4610",4610,"192, 4410, 4511, 4608, 4510, 4810, 4711, 4709, 4710, 4611, 6259",11
"4611",4611,"4511, 4610, 4411, 4512, 4609, 3825, 305, 4712, 4613, 4710, 4711",11
"4612",4612,"1404, 4412, 4511, 4513, 4056, 4713, 4614, 4711, 8100, 4613",10
"4613",4613,"3625, 4513, 4512, 4611, 4612, 5381, 4813, 4714, 4615, 4712, 4713, 4614",12
"4614",4614,"4514, 4613, 4475, 4414, 4513, 4515, 4612, 5692, 4814, 4715, 4616, 4713, 4714, 4615",14
"4615",4615,"4614, 4415, 4514, 4516, 4613, 5942, 4815, 4716, 4617, 4714, 7659, 4715, 4616",13
"4616",4616,"4615, 4416, 4515, 4517, 4614, 3117, 4516, 4816, 4618, 4715, 9209, 4716, 4617",13
"4617",4617,"4517, 4616, 4516, 4615, 8348, 4817, 4718, 4619, 4716, 4717, 4618",11
"4618",4618,"4518, 4617, 4418, 4517, 4519, 4616, 99, 4818, 4719, 4717, 4718, 4619",12
"4619",4619,"2534, 4519, 4618, 4419, 4518, 4520, 4617, 4819, 4720, 4621, 4719",11
"4620",4620,"4520, 859, 2465, 4420, 4519, 33, 6166, 4820, 4721, 4622, 4719, 8892, 4621, 5382",14
"4621",4621,"4521, 4620, 2753, 4421, 4520, 4522, 4619, 5051, 4821, 4722, 4623, 7553, 4721, 4622",14
"4622",4622,"4522, 4621, 4422, 4521, 4523, 4620, 367, 4822, 4723, 4624, 4721, 4722",12
"4623",4623,"4523, 4481, 4423, 4522, 4524, 4621, 9808, 4823, 4724, 4625, 4722, 4723, 4624",13
"4624",4624,"3365, 4623, 4424, 4523, 4525, 4622, 4041, 9702, 4725, 4626, 4723, 9790, 4625",13
"4625",4625,"4525, 4624, 2184, 4425, 4526, 4623, 4627, 4724, 4725, 4626",10
"4626",4626,"4526, 4625, 1475, 4426, 4525, 4527, 4624, 9615, 4826, 4727, 4628, 4725, 4726, 4627",14
"4627",4627,"4527, 4626, 4427, 4528, 4625, 9150, 8924, 4827, 4728, 4629, 7049, 4727, 4628",13
"4628",4628,"4627, 4428, 4527, 4567, 4626, 8416, 6654, 8052, 4828, 4729, 4727, 6653",12
"4629",4629,"4529, 4429, 4528, 4530, 4627, 4829, 4730, 7730, 4728, 4729, 4630",11
"4630",4630,"4530, 4629, 4430, 4529, 3054, 7925, 4830, 4731, 4632, 5001, 4730, 4631",12
"4631",4631,"4531, 4630, 988, 4431, 641, 4532, 1536, 4831, 4732, 4633, 4730, 4731",12
"4632",4632,"440, 4532, 4432, 4531, 4533, 4630, 4832, 4634, 4731, 4732, 4633",11
"4633",4633,"4632, 4433, 4532, 4534, 4631, 4833, 4635, 4732, 9649, 4733, 4634",11
"4634",4634,"1832, 4633, 4434, 4535, 4632, 8457, 4931, 4834, 4735, 4636, 4733, 4635",12
"4635",4635,"4634, 3890, 4435, 4534, 4536, 4633, 4835, 4736, 4637, 4734, 4735",11
"4636",4636,"4536, 1857, 4436, 4535, 4537, 4634, 6111, 4836, 4638, 4735, 4736, 4637",12
"4637",4637,"4537, 4636, 4437, 4536, 4538, 4635, 1571, 4729, 5002, 4837, 4738, 4639, 4736, 8284",14
"4638",4638,"4538, 4438, 4537, 4539, 4636, 4838, 4739, 4640, 4737, 4738, 4639",11
"4639",4639,"4539, 4638, 2983, 4439, 4538, 4540, 4637, 2066, 4839, 4740, 4641, 4738, 4739",13
"4640",4640,"518, 2626, 4540, 4440, 4539, 4541, 4638, 4840, 4741, 4642, 4739, 4740",12
"4641",4641,"4541, 1696, 1571, 937, 4540, 4542, 4639, 4841, 4742, 4740, 4741, 4642",12
"4642",4642,"4542, 4641, 4442, 4541, 4640, 2125, 5310, 4842, 4644, 4742, 4643",11
"4643",4643,"4543, 4642, 4443, 4542, 4544, 4843, 4744, 4645, 4742, 8231, 4743, 4644",12
"4644",4644,"2580, 4544, 4643, 4444, 4543, 4545, 4642, 4844, 4745, 7159, 4743, 4744, 4645",13
"4645",4645,"4545, 4644, 4445, 4544, 4546, 4643, 7593, 7452, 4746, 4647, 4744, 4745, 4646",13
"4646",4646,"4546, 4645, 4446, 4545, 4547, 4846, 4747, 4648, 4746, 4647",10
"4647",4647,"4547, 4646, 1808, 4447, 4546, 4548, 4645, 4847, 4748, 4649, 4746, 8524, 4648",13
"4648",4648,"4647, 4448, 4547, 4549, 4646, 9176, 6316, 5690, 5414, 4848, 4650, 4747, 4748, 4649",14
"4649",4649,"4549, 4648, 4449, 4550, 4647, 4548, 1303, 7693, 4849, 4750, 4651, 4748, 4650",13
"4650",4650,"3263, 4550, 4649, 4450, 94, 4551, 4648, 4850, 4751, 4652, 4749, 4883, 4750, 7862",14
"4651",4651,"4551, 1881, 2013, 4550, 4552, 4649, 6252, 4752, 4653, 4750, 5947, 8776, 4652",13
"4652",4652,"4552, 4651, 538, 4452, 4551, 4553, 4650, 3611, 4753, 4654, 4751, 4752, 4653",13
"4653",4653,"4553, 4652, 4453, 4554, 4651, 9386, 8892, 4754, 4655, 4752, 4753, 4654",12
"4654",4654,"4554, 4653, 3590, 4553, 4555, 4652, 4854, 4755, 4656, 4753, 5154, 4655",12
"4655",4655,"4555, 4654, 4455, 4554, 4556, 4653, 6776, 4855, 4756, 4657, 4754, 4755, 4656",13
"4656",4656,"4556, 4655, 4456, 4555, 4557, 4654, 1690, 4856, 4757, 4658, 4756, 4657",12
"4657",4657,"4557, 4656, 1101, 4457, 4655, 8092, 4857, 4758, 8917, 4756, 4853, 4757, 4658",13
"4658",4658,"4558, 4657, 4458, 4557, 4559, 4656, 4858, 4759, 4660, 4758, 4659",11
"4659",4659,"4559, 4658, 4459, 4558, 4560, 4383, 420, 4859, 4661, 4758, 4759, 4660",12
"4660",4660,"4560, 4659, 4460, 4559, 4561, 4658, 7209, 4662, 4759, 4760, 4661",11
"4661",4661,"4561, 4660, 457, 4461, 4560, 1557, 4659, 4861, 4762, 4663, 4760, 4662",12
"4662",4662,"4562, 1271, 4462, 4561, 4563, 4660, 3711, 4661, 9693, 8235, 4862, 7843, 4664, 4761, 4762",15
"4663",4663,"3178, 4563, 3285, 4562, 4564, 4661, 4863, 4764, 4665, 4762, 4763",11
"4664",4664,"4564, 626, 4464, 4563, 4565, 4662, 5574, 4864, 4765, 4666, 4763, 4764, 4665",13
"4665",4665,"4565, 4664, 2639, 2225, 4564, 4566, 4663, 5230, 4865, 4667, 4764, 4666",12
"4666",4666,"4566, 4665, 4466, 3816, 4664, 4866, 4668, 4765, 4766, 4667",10
"4667",4667,"4567, 4666, 4467, 4566, 4568, 4665, 4867, 4768, 4669, 4766, 4767, 4668",12
"4668",4668,"4568, 4667, 4468, 4569, 4666, 6498, 4868, 4769, 5431, 4669",10
"4669",4669,"4569, 4570, 4667, 367, 4668, 8030, 4869, 4671, 4768, 4769, 4670",11
"4670",4670,"4570, 4669, 656, 4470, 4569, 4870, 4771, 4672, 4769, 4770, 4671",11
"4671",4671,"4670, 1573, 4471, 4570, 4572, 4669, 8712, 6148, 4772, 9384, 4770, 4672",12
"4672",4672,"2109, 4572, 4671, 3230, 4472, 4571, 4573, 4670, 4872, 4773, 4674, 4771, 4772",13
"4673",4673,"2742, 3609, 4573, 2298, 4572, 4574, 4873, 8614, 4675, 5842, 7595, 4773, 4674, 8014",14
"4674",4674,"4574, 4673, 4474, 4573, 4575, 4672, 4874, 4775, 4676, 5568, 4774, 4675",12
"4675",4675,"4575, 4674, 4475, 4574, 4576, 4673, 5062, 4776, 9850, 4774, 4775, 4676",12
"4676",4676,"4576, 4675, 4476, 4575, 4674, 9885, 4876, 4777, 4678, 4775, 4776, 4677",12
"4677",4677,"4577, 4676, 107, 4477, 4576, 4578, 4877, 4778, 4679, 4777, 4678",11
"4678",4678,"4578, 4677, 4380, 4478, 4577, 4579, 4676, 4878, 4779, 4680, 4778, 4679",12
"4679",4679,"4579, 4678, 4479, 4580, 4677, 7730, 4879, 4780, 4681, 4778, 8097",11
"4680",4680,"4580, 1799, 4480, 4579, 4581, 4678, 4880, 4781, 4682, 4779, 8948, 4780, 8997",13
"4681",4681,"4581, 1978, 4582, 4679, 3986, 4822, 4782, 4683, 4780, 7964, 4781, 9707",12
"4682",4682,"4582, 4482, 4581, 4583, 4680, 2313, 4882, 4684, 4781, 4782, 4683",11
"4683",4683,"4583, 4682, 4180, 3541, 4584, 4681, 4883, 4784, 4685, 9540, 4783, 4684",12
"4684",4684,"4584, 4683, 4585, 4682, 4884, 4785, 4686, 4784, 4685",9
"4685",4685,"433, 3633, 4684, 4485, 4586, 4683, 4584, 5890, 4885, 4786, 4687, 4785, 4686",13
"4686",4686,"4586, 4685, 4132, 4486, 1537, 4684, 3255, 4821, 4886, 4688, 4785, 4786, 4687",13
"4687",4687,"4587, 4686, 4487, 1402, 4588, 4685, 4887, 4788, 4689, 4786, 4787",11
"4688",4688,"656, 4588, 1645, 4488, 4587, 4589, 4686, 9142, 4888, 4789, 4690, 4787, 4689, 8109",14
"4689",4689,"4589, 4688, 4489, 4588, 4590, 4687, 4889, 4790, 4691, 4788, 4690",11
"4690",4690,"3385, 4591, 4688, 4689, 4791, 4692, 4789, 8293, 4790, 4691",10
"4691",4691,"4591, 4690, 4491, 4590, 4592, 4689, 8102, 4792, 4693, 5764, 4791, 4692",12
"4692",4692,"4592, 4691, 4593, 4690, 4694, 4892, 4791, 7147, 4792, 4693",10
"4693",4693,"4692, 4493, 4592, 4594, 4691, 9017, 8188, 7431, 4893, 4794, 4792, 4793, 4694",13
"4694",4694,"4594, 4693, 4494, 4593, 4595, 4692, 4894, 4795, 4696, 4793, 4794, 4695",12
"4695",4695,"4595, 4694, 4495, 4594, 1420, 4895, 4697, 4794, 4795, 4696",10
"4696",4696,"3477, 4596, 4695, 4496, 4597, 4694, 9487, 8690, 4896, 9407, 4698, 4795, 8599, 4796, 4697",15
"4697",4697,"4597, 4696, 3407, 4497, 4596, 4598, 4695, 3382, 4897, 4699, 4796, 4797, 4698",13
"4698",4698,"4598, 4697, 4498, 4597, 4696, 1592, 4799, 4700, 4797, 4798, 4699",11
"4699",4699,"4599, 4698, 4499, 4598, 4600, 4697, 4899, 4800, 4798, 4799, 4700",11
"4700",4700,"4600, 4699, 4500, 4599, 4698, 6962, 4799",7
"4701",4701,"2967, 4501, 4602, 4802, 4801, 9442",6
"4702",4702,"4602, 4502, 4601, 4603, 4991, 8633, 4758, 4803, 4704, 8126, 9939, 4703",12
"4703",4703,"4603, 4702, 4503, 4602, 4604, 1342, 4804, 4705, 4803, 4704",10
"4704",4704,"4604, 4703, 4603, 4605, 4702, 4904, 4805, 4706, 4803, 4804, 4705",11
"4705",4705,"4704, 1331, 4505, 1678, 4606, 4703, 2865, 6619, 4905, 4806, 4804, 7099, 4805, 4706",14
"4706",4706,"4705, 3945, 4506, 4605, 4704, 8987, 6053, 4906, 4807, 4708, 4805, 4806, 4707",13
"4707",4707,"4607, 4706, 4507, 4606, 4608, 7027, 4808, 9675, 4806, 9573, 4708",11
"4708",4708,"4707, 4508, 4607, 1303, 4706, 4908, 4710, 4807, 4808, 4709",10
"4709",4709,"1495, 4708, 4608, 4610, 4566, 6686, 4909, 4810, 4711, 4808, 4809",11
"4710",4710,"4610, 4510, 4609, 4611, 4708, 4910, 4811, 4712, 4809, 4812, 4810, 4711",12
"4711",4711,"4611, 4710, 4511, 4610, 4612, 4709, 4911, 4812, 4713, 4810, 4811, 4712",12
"4712",4712,"4711, 4592, 4512, 4611, 4613, 4710, 5623, 4912, 4813, 7890, 4811, 7212, 4812, 4713",14
"4713",4713,"4613, 4712, 4513, 4612, 4614, 4711, 4913, 4814, 4715, 7084, 4813, 4714",12
"4714",4714,"4614, 4713, 4514, 4613, 4615, 5748, 4914, 4815, 4716, 4813, 4814, 4715",12
"4715",4715,"4615, 4714, 4515, 4614, 4616, 4713, 4915, 4816, 4717, 4814, 4815, 9639",12
"4716",4716,"4616, 749, 4516, 4615, 4617, 4714, 4916, 4817, 4718, 4815, 5286",11
"4717",4717,"4617, 424, 4517, 4618, 4715, 4917, 4818, 4719, 4816, 5130, 4817, 4718",12
"4718",4718,"4618, 4717, 4518, 4617, 3243, 4716, 4918, 4720, 4817, 4818, 4719",11
"4719",4719,"4619, 4718, 4618, 4620, 4717, 4919, 4820, 4818, 5865, 4720",10
"4720",4720,"4719, 3563, 4520, 4619, 4718, 4920, 4821, 4722, 4819, 4820, 4721",11
"4721",4721,"4621, 4720, 488, 4620, 4622, 2372, 4921, 4822, 7194, 4821, 4722",11
"4722",4722,"2063, 4622, 4721, 1813, 4522, 4621, 4623, 4720, 4922, 4823, 4724, 4821, 4822, 4723",14
"4723",4723,"4623, 4722, 4523, 4622, 4624, 8738, 6228, 4923, 4824, 4725, 4822, 4823, 4724",13
"4724",4724,"4723, 4524, 4623, 4625, 4722, 9818, 4924, 4825, 4726, 4823, 6052, 4725",12
"4725",4725,"4625, 4724, 4525, 4624, 4626, 4723, 4929, 4925, 4826, 4727, 4824, 4825, 4726",13
"4726",4726,"4626, 4725, 2141, 4526, 1581, 2249, 4724, 7665, 4926, 4827, 4728, 4825, 4826, 4727",14
"4727",4727,"699, 4627, 4726, 4527, 4626, 4628, 4725, 8047, 5639, 4927, 4828, 4729, 4826, 4728",14
"4728",4728,"971, 4727, 4528, 4627, 4629, 4726, 2980, 4928, 4829, 4827, 7701, 4729",12
"4729",4729,"4629, 4529, 4586, 4628, 4637, 4727, 4415, 4728, 4830, 4731, 4828, 4829",12
"4730",4730,"3938, 4630, 981, 4530, 4629, 4631, 2926, 9882, 7057, 6948, 4930, 4831, 4732, 4829, 5333",15
"4731",4731,"4631, 990, 4531, 4630, 4632, 4729, 41, 8955, 7979, 4931, 8293, 4733, 4830, 7866, 4732",15
"4732",4732,"4632, 4731, 4532, 4631, 4633, 4730, 2064, 4833, 4734, 4831, 4832, 4733",12
"4733",4733,"4633, 4732, 1329, 4634, 4731, 4933, 4834, 4735, 4832, 4833, 4734",11
"4734",4734,"3564, 4733, 4534, 4635, 4732, 4934, 4736, 9148, 4834, 6999",10
"4735",4735,"4635, 4535, 4634, 4636, 4733, 3856, 4836, 9567, 4834, 4835, 4736",11
"4736",4736,"913, 4636, 4735, 4536, 4635, 4637, 4734, 5557, 4936, 4738, 4836, 4737",12
"4737",4737,"4736, 4537, 748, 4638, 269, 4937, 4739, 4836, 4837, 4738",10
"4738",4738,"4638, 4737, 3184, 4538, 4637, 4639, 4736, 6442, 4839, 4740, 4837, 4838, 4739",13
"4739",4739,"4639, 4738, 4539, 4638, 4640, 4737, 3329, 5334, 4939, 4840, 4741, 4838, 4740",13
"4740",4740,"4640, 4739, 751, 4540, 4639, 4641, 4738, 4940, 4841, 4742, 4839, 4840, 4741",13
"4741",4741,"4641, 4740, 4640, 4739, 7203, 4941, 4842, 9899, 4840, 8159, 7454, 4841",12
"4742",4742,"4642, 663, 4542, 4641, 4643, 4740, 2620, 4942, 4843, 4841, 4842",11
"4743",4743,"4643, 4543, 4644, 7897, 7489, 4844, 4745, 4842, 4843, 4744",10
"4744",4744,"4644, 4743, 4544, 4643, 4645, 6198, 4944, 4845, 4746, 5951, 4844, 4745",12
"4745",4745,"4645, 4744, 4644, 4743, 6887, 9049, 4846, 4747, 4844, 7119, 4984, 4845",12
"4746",4746,"4646, 4546, 4645, 4647, 4744, 7751, 4946, 4847, 4748, 4845, 6994, 4846, 4747, 7393",14
"4747",4747,"973, 4746, 4547, 4646, 4648, 4745, 4947, 8462, 4749, 4846, 4847, 4748",12
"4748",4748,"4648, 4747, 3898, 4647, 4649, 4746, 9437, 4948, 4849, 4847, 4848, 4749",12
"4749",4749,"4748, 3044, 4549, 4650, 4747, 4949, 4850, 4751, 4848, 5015, 4849, 4750",12
"4750",4750,"3909, 4650, 4749, 4550, 4649, 4651, 3532, 4950, 4851, 4752, 4849, 8333, 4751",13
"4751",4751,"4750, 584, 4551, 4650, 4652, 4749, 6157, 4951, 4852, 4753, 4850, 4851, 4752",13
"4752",4752,"4652, 4751, 4552, 4653, 4750, 4651, 4952, 4851, 4852, 4753",10
"4753",4753,"4653, 4752, 4553, 4652, 4654, 4751, 4919, 4854, 4755, 4852, 4853, 4754",12
"4754",4754,"4753, 1429, 4340, 4653, 4655, 4954, 4855, 4756, 4853, 9567, 6976, 4755",12
"4755",4755,"4655, 4555, 4654, 4753, 4754, 5917, 5050, 4955, 4757, 4854, 4855, 4756",12
"4756",4756,"2467, 4656, 4755, 4556, 4655, 4657, 4754, 4956, 4857, 4758, 4855",11
"4757",4757,"4657, 4557, 4656, 4755, 71, 8429, 4858, 4759, 4856, 4758",10
"4758",4758,"4658, 4757, 4558, 4657, 4659, 4756, 4702, 4958, 4760, 8560, 4858, 4759",12
"4759",4759,"40, 1534, 2691, 4659, 4758, 1594, 4559, 4658, 4660, 4757, 2526, 4959, 4860, 4761, 4858, 4760",16
"4760",4760,"4660, 4759, 4560, 4661, 4758, 8432, 4861, 4762, 4859, 8675, 4761",11
"4761",4761,"4760, 4561, 4662, 4759, 9229, 4961, 4862, 4763, 4860, 7263, 4861, 4762",12
"4762",4762,"4662, 4761, 4562, 4661, 4663, 4760, 1320, 9904, 4962, 4863, 4764, 4861, 4763",13
"4763",4763,"1144, 4120, 4663, 4762, 4563, 4664, 4761, 4963, 4864, 4765, 4862, 4764",12
"4764",4764,"4664, 919, 3225, 4564, 4663, 4665, 4762, 1762, 4763, 4964, 4865, 4863, 8111, 4864",14
"4765",4765,"432, 2945, 4565, 4664, 4666, 4763, 9248, 4965, 4866, 4767, 4864, 6155, 4865, 4766",14
"4766",4766,"4666, 4765, 3922, 4566, 4667, 4867, 4768, 4865, 7777, 8063, 4767",11
"4767",4767,"4667, 4766, 4295, 4567, 4765, 4967, 4868, 4769, 4866, 7330, 4867, 4768",12
"4768",4768,"4767, 4568, 4667, 4669, 4766, 1695, 6640, 4968, 4869, 4770, 4867",11
"4769",4769,"4669, 4569, 4668, 4670, 4767, 9962, 8550, 5345, 4969, 4771, 4868, 4869, 4770",13
"4770",4770,"4670, 4769, 4671, 4768, 2712, 4970, 4871, 4772, 4870, 4771",10
"4771",4771,"503, 3909, 4770, 2063, 4571, 4670, 4672, 3713, 4769, 4971, 4773, 4870, 5368, 4871, 4772",15
"4772",4772,"4672, 4771, 765, 1130, 4671, 4770, 1160, 4972, 4873, 4774, 4872",11
"4773",4773,"4673, 145, 2514, 4573, 4672, 4771, 35, 4973, 4874, 4775, 4873",11
"4774",4774,"4674, 4315, 4675, 4772, 4974, 4875, 4873, 4874, 4775, 5400",10
"4775",4775,"4675, 4774, 4575, 4674, 4676, 4773, 3229, 4876, 4777, 4874, 4875, 4776",12
"4776",4776,"4676, 4775, 3754, 4576, 4675, 1282, 3639, 4976, 4877, 4778, 4875, 5754, 4876",13
"4777",4777,"2170, 4677, 622, 3766, 4577, 4676, 3212, 4775, 3861, 6437, 4779, 4876, 4877, 4778",14
"4778",4778,"4223, 4678, 4777, 4578, 4677, 4679, 4776, 7395, 4978, 4782, 8490, 4878, 4779",13
"4779",4779,"638, 4778, 4579, 4678, 4680, 4777, 4880, 4781, 4879, 4780",10
"4780",4780,"4680, 4779, 4580, 4679, 4681, 4074, 5893, 4881, 4782, 4879, 4880, 4781",12
"4781",4781,"4681, 4780, 2459, 4581, 4680, 4682, 4779, 4882, 4783, 4880, 4881, 4782",12
"4782",4782,"4682, 4781, 4582, 4681, 4778, 4780, 1240, 4982, 4883, 4784, 8377, 8387, 4882",13
"4783",4783,"4683, 4583, 4781, 6270, 4983, 4884, 4785, 4882, 4883, 8003",10
"4784",4784,"4684, 4683, 4782, 6934, 5182, 4984, 7225, 4786, 4883, 6140, 4884, 7963, 9129",13
"4785",4785,"4685, 4585, 4684, 4686, 4783, 4885, 4985, 4886, 4787, 4884",10
"4786",4786,"4686, 434, 4685, 4687, 4784, 4986, 4887, 4788, 4885, 4886, 4825",11
"4787",4787,"4687, 4587, 4688, 4785, 6961, 4987, 4888, 4789, 4886, 4887, 4788",11
"4788",4788,"267, 12, 4787, 4687, 4689, 4786, 7197, 4889, 4790, 4887, 4888, 4789",12
"4789",4789,"4788, 4589, 4688, 4690, 4787, 7354, 4989, 4890, 4791, 4888, 4889",11
"4790",4790,"4690, 4590, 4689, 4788, 7285, 4990, 4891, 4792, 4890, 4791",10
"4791",4791,"4691, 4790, 1909, 4692, 4789, 4690, 5368, 4991, 4892, 4793, 4890, 4891, 4792",13
"4792",4792,"4692, 4791, 4691, 4693, 4790, 4992, 4794, 4891, 4892, 4793",10
"4793",4793,"4693, 4792, 1117, 4593, 4694, 4791, 2792, 8237, 6836, 4993, 4894, 4795, 4892, 5269, 4794",15
"4794",4794,"4694, 4793, 4594, 4693, 4695, 4792, 5775, 5934, 4895, 4796, 9041, 4894, 4795",13
"4795",4795,"4695, 4794, 4595, 4694, 4696, 4793, 6434, 4995, 4896, 4797, 4894, 4895, 4796",13
"4796",4796,"3145, 4696, 4795, 4596, 4431, 4697, 4794, 3744, 6694, 4996, 4798, 9942, 4896, 4797",14
"4797",4797,"4697, 4796, 4597, 4698, 4795, 168, 6984, 6381, 4997, 4799, 4896, 4897, 4798",13
"4798",4798,"4698, 4797, 558, 4699, 4796, 4998, 4899, 4800, 4897, 4898, 4799",11
"4799",4799,"332, 4798, 4599, 4698, 4700, 4797, 1274, 4699, 4900, 4899, 4800",11
"4800",4800,"4799, 4600, 4699, 4798, 5000, 4900, 8368",7
"4801",4801,"4428, 4701, 5776, 8802, 4803, 4901, 4802",7
"4802",4802,"563, 4801, 1769, 2555, 4701, 5124, 5866, 5002, 8990, 4804, 4901, 5522, 4902, 4803",14
"4803",4803,"4703, 4802, 4603, 4704, 4801, 4702, 4904, 4805, 7832, 4903, 4804",11
"4804",4804,"4704, 4803, 381, 970, 2444, 4705, 4802, 4703, 2523, 5004, 4905, 4806, 4903, 4805",14
"4805",4805,"4705, 4804, 4605, 4704, 4706, 4803, 5970, 5005, 4906, 4904, 7978",11
"4806",4806,"4706, 4606, 4705, 4707, 4804, 5006, 4907, 4808, 4906, 4807, 5293",11
"4807",4807,"2273, 4806, 4607, 4706, 4708, 5946, 5007, 4908, 4809, 6391, 4907, 4808",12
"4808",4808,"2204, 4708, 4807, 4608, 4707, 4709, 4806, 8315, 5008, 4907, 4908, 4809",12
"4809",4809,"4709, 4808, 4609, 1230, 4710, 4807, 5009, 4910, 4811, 4908, 4810",11
"4810",4810,"4710, 4610, 4709, 4711, 1411, 1916, 4809, 8410, 4911, 4909, 4910, 4811",12
"4811",4811,"597, 4376, 4711, 4810, 4710, 4712, 4809, 234, 8882, 5011, 4813, 4910",12
"4812",4812,"4712, 4710, 4711, 2903, 5957, 5012, 4913, 5135, 4911, 4813",10
"4813",4813,"4713, 4812, 4613, 4712, 4714, 4811, 5013, 4914, 4815, 4912, 4913, 4814",12
"4814",4814,"4714, 4813, 4614, 4713, 4715, 5853, 5014, 4915, 4913, 4914, 4815",11
"4815",4815,"4715, 4814, 4615, 4714, 4716, 4813, 4916, 4817, 7218, 6181, 4816",11
"4816",4816,"4815, 781, 2158, 4616, 4715, 4717, 3399, 9796, 5016, 4818, 4916, 5964",12
"4817",4817,"4717, 4617, 4716, 4718, 4815, 5017, 4918, 4819, 8710, 4917, 4818",11
"4818",4818,"4718, 4817, 4618, 4717, 4719, 4816, 8327, 4919, 4820, 7453, 4918, 4819",12
"4819",4819,"4818, 4619, 4720, 4817, 3424, 5019, 4920, 4821, 4918, 8167, 4820",11
"4820",4820,"4720, 4819, 1804, 4620, 4719, 4818, 9868, 5020, 4921, 4822, 4919, 7063, 4920, 4821",14
"4821",4821,"4721, 4820, 4621, 4720, 4722, 4819, 4686, 5021, 4922, 4920, 4921, 4822",12
"4822",4822,"4722, 4821, 4622, 4721, 4723, 4820, 4681, 6830, 4923, 4824, 4922, 4823",12
"4823",4823,"4723, 4822, 4623, 4722, 4724, 5023, 4924, 4825, 4923, 4824",10
"4824",4824,"2566, 4823, 4028, 4723, 4725, 4822, 3435, 5024, 4925, 4826, 4923, 8457, 4924, 4825",14
"4825",4825,"4725, 4786, 4824, 3241, 4724, 4726, 4823, 9344, 4926, 4827, 4925",11
"4826",4826,"4726, 1704, 4626, 4725, 4727, 4824, 5026, 4927, 4925, 5310, 4926, 4827",12
"4827",4827,"356, 4826, 2663, 4627, 4726, 4728, 4825, 5027, 4829, 4926, 4828",11
"4828",4828,"4827, 4628, 4727, 4729, 1987, 7623, 5028, 4929, 4830, 4927, 4928",11
"4829",4829,"534, 4729, 4481, 4629, 4728, 4730, 4827, 5029, 4930, 4831, 4928, 4929, 4830",13
"4830",4830,"4829, 4630, 4729, 4731, 4828, 5030, 4832, 4929, 4930, 4831",10
"4831",4831,"4830, 4631, 4730, 4732, 4829, 5031, 4932, 4833, 4930, 4931",10
"4832",4832,"4732, 4632, 4733, 4830, 2931, 5032, 4933, 4834, 4931, 8831, 4932, 7218",12
"4833",4833,"1978, 4733, 4633, 4732, 3580, 4831, 5033, 4934, 4835, 4932, 4933, 4834",12
"4834",4834,"4510, 4734, 4833, 4634, 4733, 4735, 4832, 5034, 4935, 4836, 4933, 4934, 4835",13
"4835",4835,"4735, 4834, 1668, 4635, 4833, 8779, 5221, 5035, 4936, 4837, 4934, 6228, 4935, 4836",14
"4836",4836,"4736, 4835, 4636, 4735, 4737, 4834, 554, 4937, 4838, 4935, 4936, 4837",12
"4837",4837,"4737, 4836, 4637, 4738, 4835, 7825, 6822, 5037, 4938, 4839, 4936, 8146, 4937, 4838",14
"4838",4838,"4738, 4837, 4638, 4739, 4836, 5038, 4939, 4840, 4937, 4938, 4839",11
"4839",4839,"4838, 4639, 4738, 4740, 4837, 5039, 4940, 4841, 4938, 4939",10
"4840",4840,"4740, 4640, 4739, 4741, 4838, 4940, 5040, 4941, 4842, 4939, 4841",11
"4841",4841,"4741, 4840, 4641, 4740, 4742, 4839, 3734, 5041, 4942, 4940, 9508",11
"4842",4842,"4742, 4642, 4741, 4743, 4840, 5042, 4943, 4844, 4941, 4843",10
"4843",4843,"4743, 2268, 4643, 4742, 4842, 9583, 6231, 5043, 4944, 4845, 4942, 6400, 4844",13
"4844",4844,"4744, 4843, 4644, 4745, 4842, 4743, 6873, 5044, 4945, 4943, 4944, 4845",12
"4845",4845,"4745, 4844, 4744, 4746, 4843, 7514, 4847, 4944, 4945",9
"4846",4846,"4746, 4646, 4745, 4747, 1267, 5046, 5964, 4848, 4945, 4946, 9116, 7449",12
"4847",4847,"1166, 4747, 716, 4647, 4746, 4748, 4845, 5047, 4849, 4946, 4947, 4848",12
"4848",4848,"4748, 4847, 4648, 4749, 4846, 5048, 6841, 4947, 4948",9
"4849",4849,"4749, 4649, 4748, 4750, 4847, 5049, 4950, 4851, 4948, 4949, 6071, 6944",12
"4850",4850,"145, 4411, 4650, 4749, 4751, 770, 6503, 5050, 4951, 4852, 4950, 4851",12
"4851",4851,"4528, 4751, 4850, 4750, 4752, 4849, 3305, 7205, 5051, 6777, 4853, 4950, 5053, 4852",14
"4852",4852,"567, 4752, 4851, 1889, 4751, 4753, 4850, 6398, 5052, 4854, 4951, 4952, 4853",13
"4853",4853,"197, 4753, 4852, 4657, 4754, 4851, 4139, 4954, 4952, 7570, 4953, 4854",12
"4854",4854,"4853, 4654, 4755, 4852, 4753, 6512, 5054, 4955, 4953, 4954, 4855",11
"4855",4855,"4755, 4854, 81, 1281, 2974, 4655, 4754, 4756, 2084, 5055, 4956, 4857, 4954, 6367, 6906",15
"4856",4856,"108, 1511, 4656, 4757, 5812, 5425, 5056, 4957, 8158, 4955, 7244, 8183, 4956, 4857",14
"4857",4857,"3379, 4856, 4487, 4756, 4855, 4657, 2087, 7956, 6809, 5057, 4958, 4859, 4956, 7985",14
"4858",4858,"4758, 4164, 4658, 4757, 4759, 3360, 5058, 4959, 7748, 4859",10
"4859",4859,"4858, 3237, 3265, 4659, 4760, 4857, 9877, 5059, 4960, 4861, 4958, 4959, 6305",13
"4860",4860,"481, 4759, 4761, 6548, 8544, 5060, 4961, 4862, 4959, 7892, 4960, 4861",12
"4861",4861,"4761, 4860, 3168, 4661, 4762, 4859, 4760, 7845, 4962, 4863, 4960, 4961, 4862",13
"4862",4862,"4861, 4662, 4761, 4763, 4860, 5062, 4963, 4864, 8839, 4863",10
"4863",4863,"4862, 4663, 4762, 4764, 4861, 6485, 5063, 4964, 4865, 4962, 4963, 4864",12
"4864",4864,"4764, 4863, 4664, 4763, 4765, 4862, 5064, 4965, 4866, 4964, 4865",11
"4865",4865,"62, 4765, 4864, 4665, 4764, 4766, 4863, 5039, 4867, 4964, 4965, 4866",12
"4866",4866,"4865, 4666, 4765, 4767, 4864, 7308, 5066, 4967, 4868, 4965, 4966, 4867",12
"4867",4867,"4767, 4866, 4667, 4768, 4865, 4766, 5660, 5067, 9705, 4869, 4966, 4967, 4868",13
"4868",4868,"2659, 4867, 4668, 4767, 4769, 4866, 526, 267, 5068, 4969, 5709, 4968",12
"4869",4869,"4769, 4669, 4768, 4867, 5069, 4970, 4871, 4968, 4969, 4870",10
"4870",4870,"4770, 4869, 4670, 4771, 5070, 4971, 4872, 4969, 4970, 4871",10
"4871",4871,"4771, 4870, 4770, 4869, 6883, 5071, 4873, 4970, 4971, 4872",10
"4872",4872,"4772, 4871, 4484, 4672, 4870, 5072, 4973, 4874, 4971, 8770, 4972, 4873",12
"4873",4873,"4773, 4872, 4673, 4772, 4774, 4871, 5073, 4974, 4875, 4972, 4973, 4874",12
"4874",4874,"4774, 4873, 4674, 4773, 4775, 4872, 5074, 4975, 4876, 4973, 4875",11
"4875",4875,"4775, 307, 3684, 3253, 4774, 4776, 4873, 3672, 4874, 5075, 4976, 4877, 4975, 4876",14
"4876",4876,"4776, 4875, 4676, 4775, 4777, 4874, 7627, 5076, 4977, 4878, 4975, 4976, 4877",13
"4877",4877,"4168, 4777, 4876, 300, 3938, 4306, 4677, 4776, 4875, 5077, 4978, 4879, 4976, 7843, 7116, 6152, 4977, 4878",18
"4878",4878,"4778, 4877, 4678, 4876, 9997, 5078, 4979, 4880, 4977, 4978, 4879",11
"4879",4879,"4779, 4878, 4679, 4780, 4877, 5079, 4980, 4881, 4978, 4979, 4880",11
"4880",4880,"4780, 4879, 4680, 4781, 4878, 4779, 9992, 5080, 4981, 4882, 4979, 6888, 4980, 4881",14
"4881",4881,"4781, 4880, 4780, 4879, 5780, 5081, 4982, 4980, 4981, 4882",10
"4882",4882,"4782, 4881, 854, 4682, 4781, 4783, 4880, 6541, 4983, 4884, 4981, 5056, 4982, 4883",14
"4883",4883,"4783, 4882, 3145, 4683, 4782, 4784, 1999, 2828, 4650, 5083, 4982, 9848, 4983, 4884",14
"4884",4884,"4784, 4883, 4684, 4783, 4785, 4882, 5570, 4985, 4886, 4983, 4885",11
"4885",4885,"4785, 4884, 4685, 4786, 5085, 4986, 4887, 4984, 4985, 4886",10
"4886",4886,"4786, 4885, 4686, 4785, 4787, 4884, 4987, 4888, 4985, 4986, 4887",11
"4887",4887,"4787, 4886, 4687, 4786, 4788, 4885, 6381, 5087, 4988, 4889, 4986, 4987, 4888",13
"4888",4888,"4887, 4688, 4787, 4789, 4886, 4788, 5088, 4989, 4987, 4988, 4889",11
"4889",4889,"4789, 4888, 4689, 1371, 4887, 4788, 4990, 4890",8
"4890",4890,"4790, 4889, 3158, 4789, 4791, 5090, 4991, 7951, 4989, 5839, 5694, 8558, 4891",13
"4891",4891,"4791, 4890, 4790, 4792, 5091, 4992, 4893, 4990, 6482, 4991, 7515",11
"4892",4892,"4792, 850, 3547, 4692, 4791, 4793, 5092, 4993, 4894, 4991, 4992, 4893",12
"4893",4893,"4892, 4693, 4891, 4994, 4992, 7071, 4993, 4894",8
"4894",4894,"4794, 4893, 4694, 4793, 4795, 4892, 5094, 4995, 4896, 4993, 6935, 4994, 6540",13
"4895",4895,"4795, 4695, 4794, 161, 692, 4897, 4994, 4995, 4896",9
"4896",4896,"4796, 4895, 4696, 4795, 4797, 4894, 4996, 5096, 4997, 4898, 4995, 8983, 4897",13
"4897",4897,"4797, 4896, 4697, 4798, 4895, 7145, 5097, 4998, 4899, 4996, 9706, 9653, 4997",13
"4898",4898,"4798, 4896, 9689, 5098, 4999, 4997, 4998",7
"4899",4899,"2423, 4799, 4699, 4798, 4897, 5099, 5000, 4998, 4999, 5645",10
"4900",4900,"4800, 1366, 4799, 6326, 5100, 4999, 6773, 5000",8
"4901",4901,"4801, 4260, 4802, 5101, 5002, 4903, 5001, 4902",8
"4902",4902,"4802, 4901, 5102, 5003, 4904, 5001, 5002, 4903",8
"4903",4903,"4094, 4803, 4902, 4804, 4901, 5220, 8360, 8888, 5103, 5004, 4905, 5003, 4904",13
"4904",4904,"698, 4903, 4704, 4805, 4902, 4803, 5104, 4906, 5003, 6001, 5004, 4905",12
"4905",4905,"1295, 4904, 4705, 4804, 4903, 7418, 5653, 5105, 5006, 4907, 5004, 5005, 4906",13
"4906",4906,"4806, 4905, 4706, 4805, 4904, 5031, 5106, 5007, 4908, 5005, 5006, 4907",12
"4907",4907,"4807, 4906, 2001, 4806, 4808, 4905, 5007, 8343, 5008, 4909, 5006",11
"4908",4908,"4808, 4708, 4807, 4809, 4906, 5108, 4910, 5007, 5008, 6546",10
"4909",4909,"4709, 4810, 4907, 6500, 5109, 5010, 6265, 5008, 7697, 5009, 4910",11
"4910",4910,"4810, 4909, 4710, 4809, 4811, 4908, 5110, 5011, 5009, 5311, 5255, 4911",12
"4911",4911,"4535, 1332, 4910, 2189, 4711, 4810, 4812, 3758, 5111, 5012, 4913, 6731, 4912",13
"4912",4912,"4204, 4911, 4712, 4813, 3244, 5112, 5013, 5011",8
"4913",4913,"4813, 1995, 4713, 4812, 4814, 4911, 5113, 5014, 4915, 5012, 5013, 8201, 8188",13
"4914",4914,"4814, 1634, 4714, 4813, 221, 1134, 7880, 5015, 5013, 9485, 5014, 4915",12
"4915",4915,"4914, 4715, 4814, 4913, 1683, 9094, 5115, 5016, 5014, 5500, 5015, 4916",12
"4916",4916,"4816, 4915, 4716, 4815, 2166, 5116, 5017, 4918, 5015, 5016, 7963",11
"4917",4917,"4817, 3661, 4717, 1382, 5117, 5018, 5847",7
"4918",4918,"4818, 4718, 4817, 4819, 4916, 304, 5854, 5019, 5017, 5018, 4919",11
"4919",4919,"4918, 220, 4719, 4818, 4820, 4753, 5119, 5020, 4921, 5018, 5019, 4920",12
"4920",4920,"4820, 4919, 4720, 4819, 4821, 5021, 4922, 5020, 4921",9
"4921",4921,"4821, 4920, 4721, 4820, 734, 4919, 5121, 5022, 4923, 5020, 8426, 7555, 5021, 4922",14
"4922",4922,"4822, 4921, 1678, 4722, 4821, 4920, 389, 6963, 5122, 5023, 5022, 4923",12
"4923",4923,"4823, 4922, 2154, 2984, 4723, 4822, 4824, 4921, 2310, 6336, 5123, 5024, 5022, 5023",14
"4924",4924,"4824, 4724, 4823, 179, 1621, 5025, 4926, 5023, 5024, 4925, 7806",11
"4925",4925,"4825, 4924, 4725, 4824, 4826, 5026, 4927, 5024, 8207, 5025, 4926",11
"4926",4926,"2704, 4826, 4925, 4726, 4825, 4827, 4924, 5126, 5027, 4928, 6972",11
"4927",4927,"4727, 4826, 4828, 4925, 121, 5127, 5028, 5027, 4928",9
"4928",4928,"4828, 4927, 150, 4728, 4829, 4926, 2353, 5128, 5029, 8283, 5028, 4929",12
"4929",4929,"4829, 4928, 1287, 4828, 4830, 4725, 5030, 5028, 5029",9
"4930",4930,"4830, 2287, 4730, 4829, 4831, 5130, 4932, 5029, 9559, 5030, 4931, 9132",12
"4931",4931,"4831, 4930, 4731, 4832, 4634, 5032, 4933, 5030, 6946, 5031, 4932",11
"4932",4932,"4832, 4931, 4831, 4833, 4930, 5132, 5033, 4934, 5031, 5032, 4933",11
"4933",4933,"4833, 4932, 4733, 4832, 4834, 4931, 5133, 4935, 8239, 5033, 4934",11
"4934",4934,"4834, 4933, 1442, 2229, 4734, 4833, 4835, 4932, 7186, 5035, 4936, 5033, 5034, 4935",14
"4935",4935,"4835, 4934, 4834, 4836, 4933, 5135, 5036, 4937, 5034, 5035, 4936",11
"4936",4936,"4836, 4935, 4736, 4835, 4837, 4934, 5136, 5037, 4938, 5035, 5036, 4937",12
"4937",4937,"4837, 4936, 4737, 4836, 4838, 4935, 6678, 5137, 5038, 4939, 5036, 4938",12
"4938",4938,"4442, 4838, 4937, 4837, 4839, 4936, 5138, 5039, 4940, 5037, 6114, 4939",12
"4939",4939,"4839, 4938, 851, 4739, 4838, 4840, 4937, 9389, 5040, 4941, 5038, 5039, 4940",13
"4940",4940,"4840, 4939, 267, 414, 4740, 4839, 4841, 4938, 8175, 5140, 5041, 5039, 5040, 4941",14
"4941",4941,"4006, 4940, 4741, 4840, 4842, 4939, 5042, 5040, 6280",9
"4942",4942,"4742, 4841, 4843, 893, 7399, 9258, 5142, 5043, 4944, 5041, 9973, 4943",12
"4943",4943,"4942, 4488, 4842, 4844, 5143, 5044, 4945, 5042, 8803, 5043, 4944",11
"4944",4944,"4844, 4943, 4744, 4843, 4845, 4942, 431, 9072, 5144, 5045, 5043, 7409, 5044, 4945",14
"4945",4945,"4290, 4845, 4944, 4844, 4846, 4943, 1560, 5145, 9489, 4947, 5045, 4946",12
"4946",4946,"1064, 4846, 4945, 4746, 4847, 9266, 5146, 4974, 4948, 5045, 9605, 5046, 4947",13
"4947",4947,"4847, 4946, 4747, 4848, 4945, 7742, 5147, 4949, 5046, 5047, 4948",11
"4948",4948,"4848, 4947, 4748, 4849, 4946, 5148, 5049, 4950, 5978, 5048, 4949",11
"4949",4949,"4849, 4948, 1205, 4749, 1245, 4947, 8094, 4951, 5048, 5049, 4950",11
"4950",4950,"4850, 4949, 4750, 4849, 4851, 4948, 9476, 5150, 4952, 5050, 4951",11
"4951",4951,"4950, 4751, 4850, 4852, 4949, 5151, 5052, 4953, 5506, 5051, 4952",11
"4952",4952,"4852, 4951, 4357, 4752, 4853, 4950, 6712, 5152, 5053, 4954, 5051, 4953",12
"4953",4953,"3664, 4853, 3457, 1845, 4854, 4951, 4952, 5505, 5153, 5054, 5656, 5052, 4954",13
"4954",4954,"4854, 4953, 3016, 4754, 4853, 4855, 4952, 7529, 5154, 5055, 5053, 5054, 4955",13
"4955",4955,"4954, 4755, 4854, 4856, 5155, 4957, 5054, 5055, 4956",9
"4956",4956,"2400, 4856, 4955, 4461, 4756, 4855, 4857, 2414, 671, 5466, 5156, 5057, 4958, 5055, 5056, 4957",16
"4957",4957,"4079, 4956, 1551, 4856, 4955, 9613, 5157, 5058, 4959, 5056, 5057, 4958",12
"4958",4958,"4957, 4758, 4857, 4859, 4956, 5158, 5059, 4960, 5057, 5946, 5058, 4959",12
"4959",4959,"4859, 4958, 4759, 4858, 4860, 4957, 3622, 8590, 5060, 4961, 5058, 5059",12
"4960",4960,"4860, 4859, 4861, 4958, 9872, 5160, 5061, 4962, 5059, 8932, 4961, 9808",12
"4961",4961,"4861, 4960, 4761, 4860, 4959, 5161, 4963, 5060, 5061, 4962",10
"4962",4962,"1602, 4961, 4762, 4863, 4960, 4861, 5063, 4964, 5061, 5062, 4963",11
"4963",4963,"1416, 4863, 4962, 4763, 4862, 4961, 6790, 8183, 5163, 5064, 4965, 5062, 5063, 4964",14
"4964",4964,"4864, 4963, 3721, 2009, 4764, 4863, 4865, 4962, 5164, 5065, 4966, 5063, 5064",13
"4965",4965,"4865, 743, 1888, 4765, 4864, 4866, 4963, 5456, 5165, 5066, 4967, 5064, 5065, 4966",14
"4966",4966,"4866, 4965, 4867, 4964, 1030, 7078, 5166, 7744, 5065, 8302, 5066, 4967",12
"4967",4967,"4867, 4966, 646, 4767, 4866, 4965, 5167, 5068, 4969, 5066, 7147, 4968",12
"4968",4968,"1238, 4868, 4768, 4869, 4967, 5168, 5069, 4970, 5067, 5068, 4969",11
"4969",4969,"4869, 4968, 2222, 4769, 4868, 4870, 4967, 5762, 5169, 5070, 4971, 5068, 9678, 5069, 4970",15
"4970",4970,"4870, 4969, 4770, 4869, 4871, 4968, 5170, 5071, 4972, 5069, 5070, 4971",12
"4971",4971,"4871, 4970, 428, 4771, 4870, 4872, 4969, 3016, 5072, 4973, 5070, 9480, 5071",13
"4972",4972,"419, 4872, 4772, 425, 4873, 4970, 5172, 5073, 4974, 5071, 4973",11
"4973",4973,"4873, 4773, 4872, 4874, 4971, 4972, 5173, 6379, 5072, 5073, 4974",11
"4974",4974,"4973, 4592, 4774, 4873, 4946, 4972, 1185, 6406, 5174, 5075, 4976, 5073, 5074",13
"4975",4975,"4875, 4874, 4876, 3189, 7813, 4977, 5074, 7899, 5075, 4976",10
"4976",4976,"2129, 4876, 4975, 4776, 4875, 4877, 4974, 5077, 6240, 4978, 5075, 5076, 4977",13
"4977",4977,"3288, 4877, 4976, 3271, 4876, 4878, 4975, 5177, 5078, 5491, 5076, 5077, 4978",13
"4978",4978,"4878, 4977, 1547, 4778, 4877, 4879, 4976, 5443, 5079, 4980, 5077, 4979",12
"4979",4979,"4879, 4978, 4878, 4880, 5549, 5179, 4981, 5078, 5079, 4980",10
"4980",4980,"4880, 4979, 2670, 4879, 4881, 4978, 1730, 5180, 9573, 4982, 5079, 4981",12
"4981",4981,"4881, 4980, 825, 3026, 4880, 4882, 1145, 4979, 8886, 6829, 7574, 5181, 5082, 4983, 5080, 4982",16
"4982",4982,"4882, 4981, 4782, 4881, 4883, 4980, 875, 5182, 5083, 4984",10
"4983",4983,"4883, 4783, 4882, 4884, 4981, 5183, 5084, 4985, 5082, 5083, 4984",11
"4984",4984,"4745, 4983, 4784, 4569, 4885, 4982, 6934, 5184, 5085, 5083, 5505, 5084, 4985",13
"4985",4985,"4885, 4984, 1240, 4785, 4884, 4886, 4983, 3187, 5601, 5185, 5086, 4987, 5084, 5085",14
"4986",4986,"4886, 4786, 4885, 4887, 465, 9724, 8325, 5186, 9530, 4988, 5085, 6454, 4987",13
"4987",4987,"4887, 4986, 4787, 4886, 4888, 4985, 5187, 5088, 4989, 5086, 5087, 4988",12
"4988",4988,"4888, 4987, 368, 4887, 4986, 9126, 5188, 5089, 4990, 5087, 6177, 4989",12
"4989",4989,"4789, 4888, 4890, 4987, 4988, 5189, 5090, 4991, 4990",9
"4990",4990,"4790, 4889, 4891, 4988, 3074, 4989, 7987, 5190, 9518, 4992, 5089, 5090",12
"4991",4991,"4891, 4791, 4890, 4892, 4989, 4702, 2473, 5191, 4993, 5090, 4992",11
"4992",4992,"4892, 4991, 462, 4792, 4891, 4893, 4990, 1615, 5093, 4994, 5091, 5092, 4993",13
"4993",4993,"4893, 4992, 4793, 4892, 4894, 4991, 4995, 5193, 5092, 5093, 4994",11
"4994",4994,"4894, 4993, 4895, 4992, 4893, 9047, 5194, 5095, 4996, 5093, 9242, 5094",12
"4995",4995,"4895, 2235, 4795, 4894, 4896, 4993, 5330, 5195, 5096, 4997, 5094, 5095, 4996",13
"4996",4996,"4896, 4995, 2831, 3308, 4796, 4897, 4994, 8211, 5097, 4998, 5095, 5731, 5096, 4997",14
"4997",4997,"4897, 4996, 4797, 4896, 4898, 4995, 1646, 5197, 4999, 9822, 4998",11
"4998",4998,"2955, 4898, 4997, 2848, 4798, 4897, 4899, 4996, 5198, 5099, 5000, 5097, 5098, 4999",14
"4999",4999,"4899, 4998, 3345, 4898, 4900, 4997, 3201, 6386, 5100, 5098, 8020, 5016, 5099, 5000",14
"5000",5000,"4900, 4999, 4800, 4899, 4998, 6713, 5200, 5099",8
"5001",5001,"4901, 4630, 4902, 5201, 5102, 5101, 5002",7
"5002",5002,"4902, 5001, 4802, 4901, 4637, 9054, 5202, 5103, 5004, 5629, 5102, 5003",12
"5003",5003,"4903, 5002, 4902, 4904, 1092, 6675, 6671, 5203, 5104, 5005, 5102, 5103, 5004",13
"5004",5004,"4904, 5003, 249, 4804, 4903, 4905, 5002, 3523, 9286, 5204, 5105, 5006, 5103, 5104",14
"5005",5005,"2429, 4905, 4805, 1019, 4906, 5003, 5819, 5205, 5106, 5007, 5104, 8798, 5105, 5006",14
"5006",5006,"4906, 5005, 4806, 4905, 4907, 5004, 5206, 5107, 5008, 6705, 5106, 5007",12
"5007",5007,"4907, 5006, 4807, 4906, 4908, 5005, 5207, 5009, 5106, 5107, 5008",11
"5008",5008,"4908, 5007, 3068, 4808, 4907, 4909, 5006, 5109, 5010, 5107, 5108, 5009",12
"5009",5009,"4909, 5008, 3045, 4809, 4910, 5007, 5110, 5011, 5108, 7739, 5010",11
"5010",5010,"5009, 4909, 5008, 463, 1982, 5111, 5012, 5110",8
"5011",5011,"4811, 4910, 4912, 5009, 7087, 5211, 5112, 5110, 5111, 5012",10
"5012",5012,"4523, 5011, 4812, 4911, 4913, 5010, 9045, 5113, 5014, 6998, 5112, 5013",12
"5013",5013,"4913, 5012, 4813, 4912, 4914, 9940, 5213, 5114, 5015, 5112, 5113",11
"5014",5014,"4914, 4814, 4913, 4915, 5012, 5214, 5115, 5016, 5113, 9571, 5114, 5015, 6810",13
"5015",5015,"4915, 5014, 4749, 4914, 4916, 5013, 5215, 5116, 5017, 5114, 5115",11
"5016",5016,"4916, 4999, 1760, 4816, 4915, 5014, 8977, 5216, 5018, 5115, 5806, 5116",12
"5017",5017,"3746, 4817, 4916, 4918, 5015, 2864, 5217, 5019, 5116, 5117, 5018, 8289",12
"5018",5018,"4918, 5017, 4917, 4919, 5016, 5218, 5119, 5020, 5117, 5118, 5019",11
"5019",5019,"4919, 5018, 4819, 4918, 5017, 319, 7667, 6875, 5219, 5120, 5021, 7643, 5020",13
"5020",5020,"1567, 4920, 4820, 4919, 4921, 5018, 5019, 5220, 5121, 5022, 5119, 5120, 5021",13
"5021",5021,"2642, 4921, 5020, 4821, 5019, 983, 4920, 2207, 5221, 5122, 5120, 5121, 5022",13
"5022",5022,"4922, 5021, 4921, 4923, 5020, 5222, 5123, 5024, 5121, 7715, 5023",11
"5023",5023,"4923, 5022, 4823, 4922, 4924, 5272, 5223, 5124, 5025, 5122, 5123, 5024",12
"5024",5024,"4924, 5023, 4824, 4923, 4925, 5022, 9745, 5224, 5125, 5026, 5123, 5124, 5025",13
"5025",5025,"4925, 5024, 3312, 4924, 3649, 5023, 5225, 5126, 5027, 5124, 5125, 5026",12
"5026",5026,"5025, 4826, 4925, 5024, 8534, 7131, 5226, 5127, 5028, 5125, 5126, 5027",12
"5027",5027,"4927, 5026, 2019, 4827, 4926, 5025, 8744, 8794, 5227, 5128, 9315, 5126, 6664, 5127, 5028",15
"5028",5028,"4928, 5027, 4828, 4927, 4929, 5026, 5596, 5228, 5030, 5127, 5128, 5029",12
"5029",5029,"4929, 5028, 4829, 4928, 4930, 2934, 6454, 5229, 5130, 5031, 9281, 5129",12
"5030",5030,"4930, 4830, 4929, 4931, 5028, 6813, 5230, 5131, 5032, 5129, 5130, 5031",12
"5031",5031,"4931, 5030, 4906, 4831, 4609, 4932, 5029, 3412, 6494, 5231, 5132, 5033, 5130, 5131, 5032",15
"5032",5032,"1902, 4932, 5031, 4832, 4931, 5030, 9807, 5232, 7953, 5034, 6524, 5132, 5033",13
"5033",5033,"4335, 4933, 5032, 4833, 4932, 4934, 5031, 1577, 2271, 5233, 5134, 5035, 5132, 5034",14
"5034",5034,"4934, 5033, 4834, 4935, 5032, 5234, 5135, 5133, 5969, 5134, 5035",11
"5035",5035,"4935, 5034, 4498, 4835, 4934, 4936, 5033, 5235, 5136, 5037, 5134, 5036",12
"5036",5036,"4936, 5035, 4935, 4937, 5236, 5137, 5038, 5135, 5136, 5037",10
"5037",5037,"4050, 5036, 4837, 4936, 4938, 5035, 5237, 5138, 5136, 8424, 5137, 5038",12
"5038",5038,"5037, 4838, 4937, 4939, 5036, 5238, 5139, 5040, 5137, 5138, 5039",11
"5039",5039,"152, 4939, 5038, 4839, 4938, 4940, 4865, 5140, 5041, 5138, 5139, 5040",12
"5040",5040,"4940, 5039, 4840, 4939, 4941, 5038, 89, 5240, 5141, 5042, 5139, 5041",12
"5041",5041,"2185, 5040, 4841, 4940, 4942, 5039, 5241, 5142, 5043, 5140, 5042",11
"5042",5042,"4034, 4842, 4941, 4943, 5040, 5041, 7928, 5242, 5143, 5044, 5141, 7617, 5142, 5043",14
"5043",5043,"4943, 5042, 4385, 4843, 4942, 4944, 5041, 5243, 5144, 5045, 5142, 5143, 5044",13
"5044",5044,"4944, 5043, 3293, 4844, 4943, 5042, 5244, 5145, 5046, 5143, 5144, 5045",12
"5045",5045,"4945, 5044, 4219, 4944, 4946, 5043, 5145, 5245, 5047, 5144, 5046",11
"5046",5046,"4946, 5045, 4378, 4846, 4947, 5044, 5246, 5147, 5048, 5145, 5146",11
"5047",5047,"4947, 4847, 5045, 8362, 5247, 5148, 5049, 5146, 5147, 5048",10
"5048",5048,"4948, 5047, 4848, 46, 4949, 5046, 8894, 5248, 5149, 5050, 5147, 5148, 5049",13
"5049",5049,"4949, 5048, 1796, 4849, 4948, 963, 5047, 9863, 5249, 5150, 5051, 5148, 5149",13
"5050",5050,"4950, 3709, 4171, 4850, 4755, 5048, 5151, 5052, 5149, 5150, 5051",11
"5051",5051,"3291, 4951, 5050, 1706, 3492, 4851, 4280, 4952, 5049, 4621, 7094, 5251, 5152, 5150, 5151, 5052",16
"5052",5052,"5051, 2053, 4852, 4951, 4953, 5050, 5187, 5252, 8469, 5054, 5151, 5152",12
"5053",5053,"1474, 4952, 4954, 4851, 5253, 5154, 5055, 5152, 5846, 5054, 8764",11
"5054",5054,"4954, 5053, 2483, 4854, 4953, 4955, 5052, 8813, 5254, 5056, 5153, 5154, 5055",13
"5055",5055,"4955, 5054, 704, 4855, 4954, 4956, 5053, 5255, 5156, 5057, 5154, 5155",12
"5056",5056,"4956, 4882, 4856, 4957, 5054, 5256, 5157, 5058, 5155, 9996, 8105, 5156",12
"5057",5057,"4957, 4857, 4956, 4958, 5055, 9626, 5257, 5158, 5156, 5058, 6786",11
"5058",5058,"4958, 5057, 4858, 4957, 4959, 5056, 8021, 5159, 5060, 5157, 5158, 5059",12
"5059",5059,"4959, 5058, 4859, 4958, 4960, 5259, 5160, 5061, 5158, 5287, 8874, 5511, 5159, 9739",14
"5060",5060,"3947, 4860, 4959, 4961, 5058, 5522, 5260, 9086, 5062, 5159, 5160, 5061",12
"5061",5061,"4961, 5060, 3702, 4960, 4962, 5059, 8605, 5162, 5063, 5160, 9569, 5161, 5062",13
"5062",5062,"4962, 5061, 905, 4862, 4675, 4963, 5060, 5262, 5163, 5064, 5161",11
"5063",5063,"4963, 4863, 4964, 5061, 4962, 5263, 5065, 5162, 5163, 5064, 6280",11
"5064",5064,"4964, 5063, 1310, 4864, 4963, 4965, 5062, 5264, 5165, 5066, 5163, 5164, 5065",13
"5065",5065,"4965, 5064, 4356, 4964, 4966, 5063, 5265, 5166, 5067, 5164, 9264, 5066",12
"5066",5066,"4966, 5065, 4866, 4965, 4967, 5064, 5266, 5167, 5165, 5166, 5067",11
"5067",5067,"5066, 4867, 4968, 5065, 6589, 5267, 5168, 5069, 5166, 5167, 5068",11
"5068",5068,"4968, 5067, 4868, 4967, 4969, 437, 5268, 5169, 5070, 5167, 5467, 5168, 5069",13
"5069",5069,"4969, 5068, 4128, 4869, 4968, 4970, 5067, 4316, 5269, 5071, 5168, 5169, 5070",13
"5070",5070,"4970, 5069, 4870, 4969, 4971, 5068, 5270, 5171, 5072, 5170, 5071",11
"5071",5071,"4971, 5070, 207, 4871, 4970, 4972, 5069, 5172, 5073, 5170, 6120, 5072",12
"5072",5072,"5071, 4872, 4973, 5070, 4971, 8419, 9617, 5272, 5173, 5074, 5171, 5172, 5286",13
"5073",5073,"4973, 4873, 4972, 4974, 5071, 5273, 5174, 5172, 5173, 5074",10
"5074",5074,"4974, 5073, 4874, 4975, 5072, 7525, 5175, 5076, 5173, 8482, 5075",11
"5075",5075,"4975, 5074, 4875, 4974, 4976, 4168, 9235, 5275, 9442, 5077, 5174, 5076",12
"5076",5076,"4976, 4876, 1890, 4977, 5074, 5075, 5276, 5078, 5176, 5077",10
"5077",5077,"4977, 5076, 3374, 4877, 4976, 4978, 5075, 5277, 5178, 9909, 5176, 5177, 5078",13
"5078",5078,"62, 5077, 4878, 4977, 4979, 5076, 5278, 8961, 5177, 5178, 5079",11
"5079",5079,"4979, 5078, 4879, 4980, 4978, 5279, 5180, 5081, 5179, 5080",10
"5080",5080,"5079, 4880, 4981, 7103, 5181, 5082, 5179, 9985, 9717, 5180",10
"5081",5081,"344, 1501, 3760, 4881, 5079, 6237, 5281, 5182, 5083, 5180, 5181, 5082",12
"5082",5082,"5081, 984, 4981, 4983, 5080, 6139, 5282, 5084, 5181, 5182, 5083",11
"5083",5083,"4983, 5082, 4883, 4982, 4984, 5081, 5579, 5283, 5184, 5085, 5182, 5183, 5084",13
"5084",5084,"3725, 4984, 5083, 3310, 4983, 4985, 4164, 5082, 240, 5183, 5085",11
"5085",5085,"4985, 5084, 4885, 4984, 4986, 5083, 3474, 5186, 5087, 5184, 5185, 5086",12
"5086",5086,"5085, 326, 2489, 2561, 4985, 4987, 6340, 5373, 5286, 5187, 5088, 5185, 5186, 5087",14
"5087",5087,"4987, 5086, 4887, 4988, 5085, 9988, 6211, 6147, 5287, 5188, 5089, 5186, 5187",13
"5088",5088,"4888, 4987, 5086, 8410, 7858, 5288, 5189, 5090, 5187, 5612, 5089",11
"5089",5089,"5088, 4988, 4990, 5087, 3659, 9038, 5289, 5190, 5091, 9788, 5189",11
"5090",5090,"3457, 4990, 4890, 4989, 4991, 5088, 7460, 5290, 5191, 8998, 5189, 5190, 5091",13
"5091",5091,"5090, 4891, 4992, 5089, 5291, 5192, 5093, 5190, 5191, 5092",10
"5092",5092,"4992, 5091, 4892, 3257, 4993, 5191, 5193, 6416, 5192, 5093",10
"5093",5093,"4993, 5092, 4992, 4994, 5091, 7074, 5293, 5095, 5192, 5193, 5094",11
"5094",5094,"4994, 5093, 4894, 4995, 9964, 5294, 5195, 5193, 5194",9
"5095",5095,"4995, 4994, 4996, 5093, 9597, 7875, 5295, 6693, 6902, 6791, 5195, 5096, 5961",13
"5096",5096,"4303, 4996, 5095, 815, 1860, 4896, 4995, 1596, 6097, 5197, 5098, 5195, 9142, 5196, 5097",15
"5097",5097,"2841, 3574, 5096, 2131, 4897, 4996, 4998, 5844, 5297, 5198, 5099, 5196, 5197, 5098",14
"5098",5098,"4998, 5097, 4898, 892, 4999, 5096, 4069, 7192, 5199, 5197, 5198, 5099",12
"5099",5099,"4999, 5098, 4899, 4998, 5000, 5097, 5299, 5200, 5198, 5199, 5100",11
"5100",5100,"5099, 4900, 4999, 5300",4
"5101",5101,"5001, 4901, 7052, 5301, 5202, 5103, 5201, 5102",8
"5102",5102,"5002, 5101, 4902, 5001, 5003, 5302, 5203, 5104, 6949, 5202, 5103",11
"5103",5103,"5003, 5102, 4903, 5002, 5004, 5101, 4276, 7671, 5303, 5105, 5202, 6479, 5104",13
"5104",5104,"5004, 5103, 4387, 1166, 4904, 5003, 5005, 5102, 5304, 5205, 5106, 5203, 5105",13
"5105",5105,"5005, 4905, 5004, 5103, 5104, 5305, 5206, 5960, 8436, 6408, 5106",11
"5106",5106,"5006, 5105, 4906, 5005, 5007, 5104, 1581, 5207, 5108, 5205, 5206, 5107",12
"5107",5107,"5007, 5106, 5006, 5008, 5307, 5208, 5109, 5206, 5787, 5108",10
"5108",5108,"2298, 5008, 5107, 4908, 5009, 5106, 5308, 5209, 5110, 5207, 7279, 5208, 5109",13
"5109",5109,"749, 5108, 4909, 5107, 5008, 8401, 5309, 5210, 5208, 5110",10
"5110",5110,"5010, 5109, 1291, 4910, 5011, 5108, 5009, 611, 5310, 5211, 5209, 5111",12
"5111",5111,"5011, 5110, 4249, 4911, 5010, 4496, 6442, 8507, 5212, 5113, 7625, 5211, 5112",13
"5112",5112,"5012, 5111, 2383, 4912, 5011, 5013, 356, 4554, 459, 5213, 5212, 5113",12
"5113",5113,"5013, 5112, 1163, 4913, 5014, 5111, 5012, 5313, 5214, 5115, 5212, 5213, 5114",13
"5114",5114,"5014, 5113, 3941, 5013, 5015, 68, 8486, 5422, 5314, 5215, 5116, 5213, 9113, 5214, 5115",15
"5115",5115,"5015, 5114, 4915, 5014, 5016, 5113, 8974, 5315, 5216, 5117, 5214, 5215",12
"5116",5116,"5016, 4916, 5015, 5017, 5114, 99, 6464, 5217, 5118, 5215, 5117, 9850",12
"5117",5117,"5017, 5116, 4917, 5018, 5115, 2261, 5317, 5218, 5119, 5216, 5217",11
"5118",5118,"727, 5018, 744, 5116, 7614, 5318, 5219, 5120, 5217, 5218, 5119",11
"5119",5119,"5118, 4919, 5018, 5020, 5117, 2455, 6670, 5319, 5220, 5121, 5219, 5120",12
"5120",5120,"5020, 5119, 3132, 5019, 5021, 5118, 5190, 8906, 5320, 5221, 5219, 5220, 5121",13
"5121",5121,"5021, 5120, 1935, 4921, 5020, 5022, 5119, 8894, 5321, 5222, 5123, 5220, 9670, 5122",14
"5122",5122,"5121, 4922, 5021, 5023, 1560, 5322, 5223, 5124, 5221, 5222",10
"5123",5123,"5023, 4923, 5022, 5024, 5121, 5323, 5224, 5223, 5124, 8359",10
"5124",5124,"5024, 5123, 4802, 1200, 5023, 5025, 5122, 1691, 8629, 5324, 5225, 5223, 9911, 5224, 5125",15
"5125",5125,"5025, 5124, 707, 5024, 5026, 1235, 5325, 5226, 5127, 5224, 5225, 5126",12
"5126",5126,"5026, 5125, 4926, 5025, 5027, 5326, 5227, 5128, 5225, 5226, 9476",11
"5127",5127,"5027, 4927, 5026, 5028, 5125, 4445, 5327, 5228, 5129, 5226, 6157",11
"5128",5128,"5028, 4928, 5027, 3226, 5126, 5328, 5229, 5130, 5227, 5358, 5228, 5129",12
"5129",5129,"5029, 5128, 5030, 5127, 5672, 5329, 5230, 5131, 5228, 8004, 6747",11
"5130",5130,"5030, 2372, 4930, 5029, 5031, 5128, 4717, 5330, 5231, 5132, 5229, 5230",12
"5131",5131,"372, 5031, 5030, 5129, 3191, 5663, 5232, 5230, 6736, 5231, 5132",11
"5132",5132,"5032, 5131, 4932, 5031, 5033, 5130, 5415, 5233, 5134, 5231, 5232, 5133",12
"5133",5133,"1636, 5132, 2409, 4933, 5034, 1609, 7965, 5135, 5232",9
"5134",5134,"5034, 5033, 5035, 5132, 5235, 6873, 5278, 5135",8
"5135",5135,"3811, 4812, 4935, 5034, 5036, 439, 5133, 5134, 5335, 5137, 5234, 5235, 5136",13
"5136",5136,"5036, 5135, 56, 4936, 5035, 5037, 5336, 5237, 5138, 5235, 5236, 5137",12
"5137",5137,"5037, 5136, 4937, 5036, 5038, 5135, 5337, 5238, 5139, 5236, 5237, 5138",12
"5138",5138,"5038, 5137, 4938, 5037, 5039, 5136, 5338, 5831, 5140, 5237, 5139",11
"5139",5139,"5039, 5138, 5038, 5040, 5137, 5339, 5240, 5141, 5238, 5239, 5140",11
"5140",5140,"5139, 4940, 5039, 5041, 5138, 5241, 5142, 5240, 5141",9
"5141",5141,"5140, 186, 3926, 1016, 5040, 5042, 5139, 7428, 5341, 5242, 5529, 5240, 5241, 5142",14
"5142",5142,"644, 5042, 5141, 4942, 5041, 5043, 5140, 5178, 5342, 5651, 5241, 5242",12
"5143",5143,"5043, 1707, 624, 4943, 5042, 5044, 2867, 5520, 5343, 5244, 8133, 5243, 5144",13
"5144",5144,"5044, 5143, 2715, 4024, 4944, 5043, 5045, 3526, 2198, 5344, 5245, 5244",12
"5145",5145,"5045, 3190, 409, 4945, 5044, 5046, 7675, 5246, 5147, 7733, 5245, 5146",12
"5146",5146,"1036, 5046, 5145, 4946, 5047, 5346, 5247, 5245, 6164, 5246, 5147",11
"5147",5147,"5047, 5146, 4947, 5046, 5048, 5145, 6404, 5248, 5149, 5246, 5247, 5148",12
"5148",5148,"5048, 5147, 4948, 5047, 5049, 1622, 5249, 5150, 5247, 5248, 5149",11
"5149",5149,"5049, 5148, 1014, 5048, 5050, 5147, 6397, 5349, 5250, 5151, 5248, 5150",12
"5150",5150,"5050, 5149, 3388, 4950, 5049, 5051, 5148, 5350, 5251, 5152, 5249, 5250, 5151",13
"5151",5151,"5051, 5150, 4951, 5052, 5149, 5050, 5351, 5252, 5153, 5250, 5251, 5152",12
"5152",5152,"3545, 5052, 5151, 4952, 5051, 5053, 5150, 5352, 5253, 5154, 5251, 5252, 5153",13
"5153",5153,"5152, 4953, 5054, 5151, 5252, 5353, 5254, 5253, 5154",9
"5154",5154,"4654, 5054, 5153, 4954, 5053, 5055, 5152, 5354, 6572, 5508, 5253, 5254, 5155",13
"5155",5155,"5055, 5154, 4955, 5056, 1628, 933, 5256, 5157, 5254, 5564, 5255",11
"5156",5156,"5056, 2981, 3845, 4956, 5055, 5057, 2718, 8005, 5356, 5158, 8935, 5157",12
"5157",5157,"472, 5156, 4957, 5056, 5058, 5155, 5357, 9812, 5159, 5256, 5257, 5833",12
"5158",5158,"5058, 4958, 5057, 5059, 5156, 9660, 5358, 5259, 5160, 5258, 5159",11
"5159",5159,"5059, 5158, 5058, 5060, 5157, 5359, 5260, 5161, 5258, 5259, 5160",11
"5160",5160,"5060, 5159, 3751, 4960, 5059, 5061, 5158, 7165, 5360, 5261, 5162, 5259, 5260, 5161",14
"5161",5161,"5061, 5160, 4961, 5062, 5159, 6287, 5361, 5262, 5163, 5260, 5261",11
"5162",5162,"1454, 5061, 5063, 5160, 8565, 8988, 5263, 5164, 5261, 5163, 9301",11
"5163",5163,"5063, 5162, 4963, 5062, 5064, 5161, 98, 163, 5264, 5165, 5262, 5263",12
"5164",5164,"5064, 3130, 4964, 5065, 5162, 5364, 5265, 5166, 5263, 9376, 8797, 5264, 5165",13
"5165",5165,"1549, 5164, 4965, 5064, 5066, 5163, 9189, 5365, 5266, 6889, 5264, 7809, 5265, 5166",14
"5166",5166,"5066, 5165, 4966, 5065, 5067, 5164, 8088, 5366, 5267, 5168, 5265, 5814, 5167",13
"5167",5167,"5067, 5166, 1906, 4967, 5066, 5068, 5367, 5268, 5169, 5266, 5327, 5267, 5168",13
"5168",5168,"5068, 5167, 1867, 4968, 5067, 5069, 5166, 1609, 5269, 5170, 5267, 5268, 5169",13
"5169",5169,"5069, 5168, 4969, 5068, 127, 5167, 822, 5369, 5270, 5171, 5268, 5170",12
"5170",5170,"5070, 5169, 2739, 4970, 5071, 5168, 5370, 5271, 5269, 5171",10
"5171",5171,"2790, 3489, 5170, 5070, 5072, 5169, 1547, 7278, 5371, 5173, 5270, 6245, 5172",13
"5172",5172,"5072, 5171, 1715, 4972, 5071, 5073, 8119, 5372, 5273, 5174, 5271, 5272, 5173",13
"5173",5173,"5073, 5172, 4973, 5072, 5074, 5171, 3782, 8269, 7406, 5373, 5274, 5175, 5174",13
"5174",5174,"1265, 5173, 4974, 5073, 5075, 5172, 5374, 5275, 5176, 5273, 5274, 5175",12
"5175",5175,"5174, 5173, 5074, 5563, 9028, 5375, 5276, 5177, 5275, 5176",10
"5176",5176,"3937, 5076, 5175, 3531, 5077, 5174, 9605, 5277, 5178, 5275, 5276, 5177",12
"5177",5177,"3691, 5077, 5176, 2625, 4977, 826, 5078, 5175, 2074, 5278, 5179, 5276, 8190, 5178",14
"5178",5178,"5078, 5177, 5142, 5077, 1477, 5176, 5378, 5279, 5180, 5277, 5278, 5179",12
"5179",5179,"5079, 5178, 1959, 4979, 5080, 5177, 8825, 5379, 5280, 5181, 5278, 5279, 5180",13
"5180",5180,"5080, 5179, 4980, 5079, 5081, 5178, 69, 5380, 6157, 5280, 5181",11
"5181",5181,"5081, 5180, 3189, 4981, 5080, 5082, 5179, 5381, 5282, 5183, 6862, 7729, 5245, 5281, 5182",15
"5182",5182,"5082, 5181, 4784, 4982, 5081, 5083, 5382, 5283, 5184, 5281, 5282, 5183",12
"5183",5183,"5083, 5182, 4983, 5084, 5181, 5383, 5284, 6511, 5282, 7292, 5184",11
"5184",5184,"5183, 4984, 5083, 5085, 5182, 30, 9567, 5186, 7679, 5284, 5185",11
"5185",5185,"5085, 5184, 4985, 5086, 735, 5385, 5286, 5187, 5284",9
"5186",5186,"5086, 4986, 5085, 5087, 5184, 3570, 6132, 5386, 5287, 5285, 8688, 8498, 5187",13
"5187",5187,"947, 1614, 5052, 5087, 4987, 5086, 5088, 5185, 1469, 5186, 5387, 8654, 5189, 5286, 5287, 5188",16
"5188",5188,"4431, 3828, 5187, 4988, 5087, 5388, 5289, 5190, 5287, 5288, 5189",11
"5189",5189,"5089, 5188, 1502, 4989, 5088, 5090, 5187, 9929, 5389, 5290, 5191, 5288, 5289, 5190",14
"5190",5190,"5090, 5189, 1552, 5120, 4990, 5089, 5091, 5188, 9519, 8538, 6047, 6281, 5291, 5289, 5290, 5191",16
"5191",5191,"5091, 5190, 4991, 5090, 5092, 5189, 5391, 5292, 5882, 5290, 7368, 5192",12
"5192",5192,"5092, 5191, 5091, 5093, 3882, 1867, 5293, 5194, 5292, 5193",10
"5193",5193,"5093, 5192, 3435, 4993, 5092, 5094, 2863, 5393, 5195, 5292, 7843, 5194",12
"5194",5194,"5094, 5193, 3348, 4994, 5192, 3465, 7854, 5295, 5196, 5293, 6627, 5294, 5195",13
"5195",5195,"5095, 5194, 4995, 5094, 5096, 5193, 5395, 5296, 5197, 5294, 7527, 5196",12
"5196",5196,"5096, 5195, 4175, 1894, 5097, 5194, 3651, 5396, 5297, 5198, 5295, 5296, 5197",13
"5197",5197,"5097, 5196, 4997, 5096, 5098, 5195, 529, 5397, 5199, 5296, 5297, 5198",12
"5198",5198,"5098, 5197, 4998, 5097, 5099, 5196, 5398, 5299, 5200, 5297, 7160, 5199",12
"5199",5199,"5099, 5198, 5098, 5197, 5399, 5300, 5298, 6107, 5299, 5200",10
"5200",5200,"5199, 5000, 5099, 5198, 5400, 5299, 8896, 5300",8
"5201",5201,"5101, 5001, 171, 1251, 9604, 5401, 5302, 7857, 5202",9
"5202",5202,"5102, 5201, 375, 3758, 5002, 5101, 5103, 7266, 5402, 5303, 5204, 7695, 6261, 5302, 5203",15
"5203",5203,"3935, 5202, 5003, 5102, 5104, 5302, 5403, 5304, 5204",9
"5204",5204,"3401, 2765, 5004, 5202, 824, 5203, 7619, 5404, 5206, 5303, 5304, 5205",12
"5205",5205,"5204, 1709, 5005, 5104, 5106, 5405, 5306, 5207, 5304, 5305, 5206",11
"5206",5206,"5106, 5205, 3841, 5006, 5105, 5107, 5204, 5406, 7809, 5208, 5305, 5306, 5207",13
"5207",5207,"5206, 1502, 5007, 5106, 5108, 5205, 5407, 5308, 5209, 5306, 5307, 5208",12
"5208",5208,"5108, 5207, 5107, 5109, 5206, 5989, 5526, 5408, 5309, 5307, 5308, 5209",12
"5209",5209,"2483, 5208, 5108, 5110, 5207, 4539, 997, 5409, 5310, 5211, 9660",11
"5210",5210,"4195, 5109, 3010, 7806, 5410, 5311, 5212, 5309, 7573, 5310, 5211",11
"5211",5211,"5111, 5210, 5011, 5110, 5209, 8238, 5411, 5312, 5213, 5310, 5311, 5212",12
"5212",5212,"5112, 5211, 5111, 5113, 5210, 9322, 8344, 5412, 5313, 5214, 5311, 5347, 5312, 5213",14
"5213",5213,"5113, 5212, 5013, 5112, 5114, 5211, 913, 6776, 5314, 5215, 5312, 5313, 5214",13
"5214",5214,"5114, 5213, 5014, 5113, 5115, 5212, 9271, 5414, 5315, 5216, 5314",11
"5215",5215,"5115, 4049, 5015, 5114, 5116, 5213, 9213, 5316, 5217, 8414, 5315, 5216, 5690",13
"5216",5216,"2781, 5215, 5016, 5115, 5117, 5214, 5416, 5317, 5218, 5315, 5217",11
"5217",5217,"5117, 5216, 5017, 5116, 5118, 5215, 3832, 7681, 5318, 5219, 5316, 5317, 9764",13
"5218",5218,"5118, 5018, 5117, 5216, 5418, 5319, 5220, 5317, 5219",9
"5219",5219,"3988, 5119, 5218, 1537, 3458, 5019, 5118, 5120, 5217, 7776, 5419, 5320, 5221, 5318, 5319, 5220",16
"5220",5220,"361, 5120, 5219, 328, 4903, 5020, 5119, 5121, 5218, 1190, 5420, 5321, 5222, 9419, 7126",15
"5221",5221,"2237, 2209, 5021, 5120, 5122, 5219, 4835, 5421, 5322, 5223, 9722",11
"5222",5222,"5122, 2225, 5022, 5121, 4255, 5220, 5422, 5323, 5224, 5321, 5322, 5223",12
"5223",5223,"5123, 5222, 5023, 5122, 5124, 5221, 5423, 5324, 5225, 5323, 5224",11
"5224",5224,"5124, 5223, 5024, 5123, 5125, 5222, 4120, 5424, 5325, 5324",10
"5225",5225,"5125, 3297, 5025, 5124, 5126, 5223, 7560, 5326, 5227, 5324, 5325, 5771",12
"5226",5226,"5126, 2223, 5026, 5125, 5127, 9721, 8635, 5426, 5327, 5228, 5326, 7893",12
"5227",5227,"374, 920, 5027, 5126, 5128, 5225, 5427, 5328, 5229, 5326, 5327, 5228",12
"5228",5228,"5128, 5227, 550, 5028, 5127, 5129, 5226, 8610, 5329, 5230, 5327, 5328",12
"5229",5229,"3089, 3561, 5029, 5128, 5130, 5227, 3922, 5429, 5330, 5231, 5328, 5230",12
"5230",5230,"5130, 5229, 5030, 5129, 5131, 5228, 4665, 5331, 5232, 5329, 7726, 5330, 5231",13
"5231",5231,"5131, 5230, 5031, 5130, 5132, 5229, 4235, 5583, 5431, 5332, 5233, 5330, 8180",13
"5232",5232,"5032, 5131, 5133, 5230, 5132, 9571, 5432, 5333, 5234, 5331, 5551, 5332, 5233",13
"5233",5233,"5232, 5033, 5231, 5132, 5334, 5333, 5234",7
"5234",5234,"3526, 5233, 5034, 5135, 5232, 8104, 7854, 5434, 5335, 5236, 5333, 8246, 5334, 5235",14
"5235",5235,"5135, 5234, 5035, 5134, 5136, 5435, 5336, 5334, 5361, 9912, 5493, 5335, 5236",13
"5236",5236,"5136, 5235, 5036, 5137, 5234, 6455, 5436, 5337, 5238",9
"5237",5237,"5137, 5037, 5136, 5138, 4442, 2150, 7015, 5437, 5719, 5239, 5336, 5337, 5238",13
"5238",5238,"2046, 5237, 2818, 5038, 5137, 5139, 5236, 399, 5339, 5240, 9636, 8044, 5338, 5239",14
"5239",5239,"5139, 5238, 5237, 8373, 5340, 5338, 7238",7
"5240",5240,"2805, 5140, 1939, 5040, 5139, 5141, 5238, 5440, 5341, 5242, 5340, 5241",12
"5241",5241,"5141, 5240, 5041, 5140, 5142, 5441, 5342, 5243, 5340, 9242, 9945, 5341, 7495",13
"5242",5242,"5142, 5042, 5141, 5240, 5442, 5343, 5244, 5342, 5243",9
"5243",5243,"5143, 5242, 5043, 5241, 5443, 7306, 5245, 5342",8
"5244",5244,"5144, 5044, 5143, 131, 5242, 5444, 5345, 5246, 5343, 5344, 8322",11
"5245",5245,"5145, 5181, 5045, 5144, 5146, 5243, 5445, 5346, 5247, 5344, 5345, 5246",12
"5246",5246,"5146, 5245, 1084, 5046, 5145, 5147, 5244, 5446, 5347, 5248, 5345, 6098, 5346",13
"5247",5247,"5147, 5047, 5146, 5148, 5245, 5447, 5348, 5346, 5347, 5248, 8659",11
"5248",5248,"5148, 5247, 5048, 5147, 5149, 5246, 7591, 5337, 5448, 5349, 5250, 5347, 5348, 5249",14
"5249",5249,"3224, 5248, 3062, 5049, 5148, 5150, 8544, 5449, 5350, 5251, 8845, 5349, 5250",13
"5250",5250,"5150, 5249, 5149, 5151, 5248, 8257, 5450, 5351, 5252, 5349, 5350, 5251",12
"5251",5251,"5151, 5250, 2670, 5051, 5150, 5152, 5249, 5451, 5352, 5253, 5350, 5351, 5252",13
"5252",5252,"5152, 5251, 5052, 5151, 5153, 5250, 5452, 5353, 5254, 5351, 5253",11
"5253",5253,"5153, 5252, 1769, 4602, 5053, 5152, 5154, 5251, 5453, 5354, 5255, 5352, 5353, 5254",14
"5254",5254,"5154, 5253, 1856, 5054, 5153, 5155, 5252, 5454, 6878, 5256, 5353, 8557, 5255",13
"5255",5255,"4910, 5155, 5055, 5253, 5254, 5455, 5356, 5257, 5355, 5256",10
"5256",5256,"5255, 5056, 5155, 5157, 5254, 5456, 5258, 5355, 5356, 5257",10
"5257",5257,"5157, 5256, 2868, 5057, 2661, 1844, 5255, 1620, 8740, 5457, 5358, 5259, 5357, 5258",14
"5258",5258,"5158, 5257, 782, 5159, 5256, 3261, 5458, 5359, 5260, 5357, 5358",11
"5259",5259,"5159, 5059, 5158, 5160, 5257, 949, 5747, 5485, 5459, 5360, 5261, 5359, 5260",13
"5260",5260,"5160, 5259, 3423, 5060, 5159, 5161, 5258, 5460, 5361, 5262, 5359, 5360",12
"5261",5261,"5161, 5160, 5162, 5259, 5461, 5362, 5263, 5360, 5361, 5262, 5399",11
"5262",5262,"5261, 5062, 5161, 5163, 5260, 5462, 5363, 5264, 5361, 5362, 5263",11
"5263",5263,"5163, 5262, 5063, 5164, 5261, 3888, 5162, 5364, 5265, 5362, 5264",11
"5264",5264,"5164, 5263, 580, 5064, 5163, 5165, 5262, 5464, 5266, 5363, 5364, 5265",12
"5265",5265,"5165, 5264, 3423, 5065, 5164, 5166, 5263, 5427, 5465, 5366, 5267, 5364, 5365, 5266",14
"5266",5266,"5265, 5066, 5165, 5167, 5264, 5466, 5367, 5268, 5365, 8391, 5366, 5267",12
"5267",5267,"5167, 5266, 5067, 5166, 5168, 5265, 9219, 5467, 5269, 5366, 9872, 5268",12
"5268",5268,"998, 5168, 5267, 5068, 5167, 5169, 5266, 5468, 5369, 5270, 5367, 8450, 5368, 5269",14
"5269",5269,"1939, 4793, 5268, 5069, 5168, 5267, 5170, 9904, 5370, 5271, 5368, 8573, 5369, 5270",14
"5270",5270,"1061, 5269, 5070, 5169, 5171, 5268, 5470, 5371, 5272, 5369, 5370, 5271",12
"5271",5271,"640, 5270, 1414, 5170, 5172, 5269, 5471, 5372, 5273, 5370, 5371, 5272",12
"5272",5272,"5172, 5271, 5072, 5023, 5270, 5373, 5371, 8939, 5273",9
"5273",5273,"5272, 5073, 5172, 5174, 5271, 5984, 5473, 5374, 5275, 5372, 5373, 5274",12
"5274",5274,"5174, 5273, 5173, 1099, 5474, 5375, 5276, 6760, 5374, 5275",10
"5275",5275,"5175, 5274, 5075, 5174, 5176, 5273, 8502, 8521, 5475, 5376, 5277, 5374, 8436, 5375",14
"5276",5276,"5176, 1749, 5076, 5175, 5177, 5274, 143, 5476, 5377, 5278, 5375, 5277, 5454",13
"5277",5277,"5276, 5077, 5178, 5275, 5176, 5378, 5279, 5376, 5377, 5278",10
"5278",5278,"5178, 5277, 334, 5078, 5134, 5177, 5179, 5276, 5478, 5379, 5280, 5378, 8382",13
"5279",5279,"5179, 5079, 5178, 3519, 5277, 9614, 5378, 5280",8
"5280",5280,"5180, 5279, 5179, 5278, 5381, 5282, 5379, 8624, 5380, 5281",10
"5281",5281,"5181, 5280, 5081, 5182, 5481, 5283, 5380, 5381, 5282",9
"5282",5282,"5182, 5281, 5082, 5181, 5183, 5280, 9668, 5482, 7910, 5381, 8160, 5382, 5283",13
"5283",5283,"1830, 2799, 5282, 3019, 5083, 5182, 3484, 5281, 3746, 9122, 8154, 5483, 5285, 5382, 5284",15
"5284",5284,"5184, 5183, 5185, 2007, 5283, 6743, 5484, 5385, 5286, 5383, 5285",11
"5285",5285,"5284, 5186, 1393, 5283, 2447, 8697, 5386, 5384, 5385",9
"5286",5286,"4716, 5072, 5086, 5185, 5187, 5284, 9490, 5486, 5387, 5288, 5385, 5386, 5287",13
"5287",5287,"5187, 5286, 5059, 5087, 5186, 5188, 5487, 5289, 5386, 5387, 5288",11
"5288",5288,"5188, 5287, 5088, 5189, 5286, 5488, 5389, 5290, 5387, 5388, 5289",11
"5289",5289,"5189, 5288, 5089, 5188, 5190, 5287, 5489, 7918, 5388, 5389",10
"5290",5290,"5190, 5090, 5189, 5191, 5288, 2716, 9333, 5490, 5391, 5389, 5291, 6397",12
"5291",5291,"3573, 5091, 5190, 5290, 5604, 5491, 5392, 5293, 5390, 7157, 5391, 5292",12
"5292",5292,"5192, 5291, 1897, 5191, 5193, 1655, 5393, 5294, 5391, 5392",10
"5293",5293,"4806, 5093, 5192, 5194, 5291, 5808, 6806, 5394, 5295, 5392, 5393, 5294",12
"5294",5294,"5194, 5293, 5094, 5195, 5292, 5395, 5393, 8407",8
"5295",5295,"1071, 5095, 5194, 5196, 5293, 5396, 5297, 5394, 5395, 5296, 8296",11
"5296",5296,"5196, 5295, 4336, 5195, 5197, 3230, 5496, 5397, 5298, 5395, 7809, 5396",12
"5297",5297,"5197, 5097, 5196, 5198, 5295, 5497, 5398, 5299, 5396, 5397, 5298, 8487",12
"5298",5298,"5297, 2383, 3465, 5199, 5296, 5498, 5399, 5300, 5397, 5299",10
"5299",5299,"5199, 5099, 5198, 5200, 5297, 3931, 5298, 5499, 5400, 5398, 5399",11
"5300",5300,"3381, 5200, 5100, 5199, 5298, 5500, 5399, 5400",8
"5301",5301,"3482, 2966, 5101, 3259, 5402, 5303, 5401",7
"5302",5302,"5202, 4423, 5102, 5201, 5203, 9478, 5502, 9829, 5304, 5401, 5303, 7783",12
"5303",5303,"743, 1721, 5302, 2776, 5103, 5202, 5204, 5301, 5319, 5404, 8030, 5304",12
"5304",5304,"5204, 5303, 5104, 5203, 5205, 5302, 5504, 5405, 5403, 7954, 5404, 5305",12
"5305",5305,"5205, 5304, 5105, 5206, 1969, 1295, 5505, 5404, 6166, 5405, 5306",11
"5306",5306,"5206, 5305, 5205, 5207, 5506, 5407, 5405, 8642, 5307",9
"5307",5307,"5207, 5306, 5107, 5208, 5408, 5406, 9735, 5407, 5308",9
"5308",5308,"1911, 5208, 5307, 5108, 5207, 3852, 5508, 5409, 5310, 5407, 5620, 5408",12
"5309",5309,"5109, 5208, 5210, 4310, 3415, 5509, 5408, 5409",8
"5310",5310,"5210, 4826, 5110, 5209, 5211, 5308, 2063, 4642, 6821, 5510, 5411, 5410, 5311",13
"5311",5311,"1548, 2804, 5211, 5310, 5210, 5212, 4910, 5511, 5412, 5313, 5410, 5411, 5942",13
"5312",5312,"5212, 3447, 5211, 5213, 5512, 5413, 5411, 9886, 5412, 5313",10
"5313",5313,"5213, 5312, 5113, 5212, 5311, 8258, 6535, 5414, 5315, 5412, 5413, 5314",12
"5314",5314,"5214, 5313, 5114, 5213, 3457, 5514, 5316, 5413, 8815, 5414",10
"5315",5315,"5215, 1231, 5115, 5214, 5216, 5313, 5416, 5414, 5316",9
"5316",5316,"4259, 5217, 5314, 5215, 5315, 6787, 5516, 5417, 5318, 5415, 5416, 5317",12
"5317",5317,"5217, 5316, 5117, 5216, 5218, 5517, 5418, 5319, 5416, 8453, 5417, 5318",12
"5318",5318,"5317, 5118, 5217, 5219, 5316, 5518, 5419, 5320, 5417, 5418, 5319",11
"5319",5319,"5303, 5219, 5318, 5119, 5218, 5317, 5519, 6343, 5321, 5418, 5419, 5320",12
"5320",5320,"5319, 5120, 5219, 5318, 6041, 5520, 5421, 5322, 5419, 5420, 5321",11
"5321",5321,"2796, 5320, 5121, 5220, 5222, 5319, 5521, 5422, 5323, 5420, 5421, 5322",12
"5322",5322,"5222, 5321, 5122, 5221, 5320, 4416, 4524, 7681, 9144, 5423, 9956, 9100, 5323",13
"5323",5323,"1522, 1990, 5223, 5322, 5123, 5222, 5321, 8218, 5523, 5424, 5422, 5324",12
"5324",5324,"5224, 788, 5124, 5223, 5225, 5323, 9263, 5524, 5425, 5326, 5423, 5424, 5325",13
"5325",5325,"5225, 5324, 5125, 5224, 3546, 870, 7632, 5525, 5426, 5327, 5424, 5425, 5326",13
"5326",5326,"5226, 5325, 5126, 5225, 5227, 5324, 5526, 5427, 5425, 5327",10
"5327",5327,"1893, 5227, 5127, 5226, 5228, 5325, 5167, 5326, 5527, 5428, 5329, 5426, 5328",13
"5328",5328,"5228, 5327, 4420, 5128, 5227, 5229, 5429, 5330, 5427, 9435, 5428",11
"5329",5329,"5129, 5230, 5327, 5228, 1541, 5529, 5430, 5331, 5428, 5429, 7757",11
"5330",5330,"5230, 5130, 5229, 5231, 5328, 4995, 2714, 5589, 5332, 9105, 8419, 5430",12
"5331",5331,"5230, 5232, 5329, 5531, 5432, 5333, 5430, 5431, 5332, 7384",10
"5332",5332,"5232, 5331, 432, 5231, 5330, 6139, 5532, 5433, 5334, 5431, 9199, 5432, 5333",13
"5333",5333,"4730, 5233, 5332, 317, 4553, 5232, 5234, 5331, 6352, 5533, 5434, 5432, 5433, 8794",14
"5334",5334,"5234, 4739, 5235, 5332, 5233, 9165, 5534, 5435, 5336, 5433, 6099, 5434, 5335",13
"5335",5335,"3142, 5235, 5334, 5135, 5234, 1853, 6164, 5535, 5436, 5337, 5434, 6223, 9686, 5336",14
"5336",5336,"5335, 5136, 5235, 5237, 5334, 6216, 5536, 5437, 5338, 5436, 5337",11
"5337",5337,"5237, 5336, 5137, 5236, 5335, 5248, 5537, 5438, 5436, 9876",10
"5338",5338,"5238, 5138, 5239, 5336, 8418, 5538, 5439, 5340, 5437, 5438, 5339",11
"5339",5339,"5338, 2466, 3322, 5139, 5238, 1644, 7029, 5483, 5539, 5440, 5341, 5438, 8127, 5439",14
"5340",5340,"5240, 3793, 5239, 5241, 5338, 5441, 5342, 6211, 5440, 5341",10
"5341",5341,"5241, 5340, 5141, 5240, 2425, 5339, 5541, 7485, 5343, 5440, 6640, 5441, 5342",13
"5342",5342,"5242, 5341, 2094, 5142, 5241, 5243, 5340, 5542, 5344, 8530, 5442, 5343",12
"5343",5343,"3606, 5342, 5143, 5242, 5244, 5341, 6872, 5442, 9382, 5443, 5344",11
"5344",5344,"2125, 5244, 5343, 5144, 5245, 5342, 5544, 5445, 5346, 5712, 8812, 5928, 5345",13
"5345",5345,"5245, 5344, 5244, 5246, 4769, 5545, 5347, 5444, 5346",9
"5346",5346,"5246, 5345, 5146, 5245, 5247, 5344, 8564, 5546, 5447, 5348, 5445, 5446, 5347",13
"5347",5347,"5247, 5346, 5212, 5246, 5248, 5345, 8205, 5547, 5448, 5349, 6648, 7480, 5447, 5348",14
"5348",5348,"5248, 5347, 3356, 5247, 2753, 5346, 5548, 9476, 5350, 5447, 5349",11
"5349",5349,"5249, 5348, 5149, 5248, 5250, 5347, 5549, 5450, 5351, 5448, 5449, 5350",12
"5350",5350,"5250, 5349, 5150, 5249, 5251, 5348, 2713, 1467, 8433, 8382, 5445, 5352, 5449, 8482, 5450, 5351",16
"5351",5351,"5251, 5350, 3723, 5151, 5250, 5252, 5349, 7887, 5452, 5353, 5450, 5451, 5352",13
"5352",5352,"1461, 1693, 5351, 5152, 5251, 5253, 5350, 5552, 5453, 5451, 5452",11
"5353",5353,"5253, 5153, 5252, 5254, 5351, 5553, 5454, 5355, 5452, 9360, 5453, 5354, 9019",13
"5354",5354,"5353, 5154, 5253, 351, 6136, 5554, 5356, 5453, 9897, 5454, 5355",11
"5355",5355,"5255, 5354, 5256, 5353, 2712, 5555, 5456, 5357, 5454, 5356",10
"5356",5356,"5256, 5355, 5156, 5255, 5354, 1997, 5556, 5457, 6355, 5455, 6644, 8143",12
"5357",5357,"5257, 5157, 218, 5258, 5355, 5458, 5359, 5456, 5457",9
"5358",5358,"5258, 5158, 5257, 5128, 5558, 5459, 5360, 5457, 5359, 7408",10
"5359",5359,"5259, 5358, 5159, 5258, 5260, 5357, 5559, 5460, 5361, 5458, 5459, 5360",12
"5360",5360,"5260, 5359, 5160, 5259, 5261, 5358, 4395, 5560, 5461, 5362, 5459, 5819, 5361",13
"5361",5361,"876, 5261, 5360, 5161, 5235, 5260, 5262, 5359, 5561, 5462, 5363, 5460, 5461",13
"5362",5362,"5262, 5261, 5263, 5360, 1837, 9094, 5562, 5463, 5461, 5462, 5363, 9572",12
"5363",5363,"501, 5362, 5262, 5264, 5361, 5563, 5464, 5365, 5462, 9991, 8375, 5463, 5364",13
"5364",5364,"5264, 5363, 5164, 5263, 5265, 5564, 5465, 5464",8
"5365",5365,"5265, 3733, 5165, 5266, 5363, 5565, 5466, 5367, 9678, 5465, 5366",11
"5366",5366,"4297, 5266, 5365, 5166, 5265, 5267, 143, 5566, 5467, 5368, 5465, 9603, 5466, 5367",14
"5367",5367,"5366, 2705, 5167, 5266, 5268, 5365, 822, 8611, 5468, 5369, 5467",11
"5368",5368,"5268, 4771, 3647, 4215, 5269, 5366, 4791, 1671, 5469, 5370, 5467",11
"5369",5369,"3325, 5269, 5169, 5268, 5270, 5367, 4023, 5569, 5470, 5371, 5469, 5370",12
"5370",5370,"5270, 5369, 1087, 5170, 5269, 5271, 5368, 1868, 8476, 5570, 5471, 5372, 5469, 5371",14
"5371",5371,"3735, 5271, 5370, 5171, 5270, 5272, 5369, 5571, 5472, 5373, 5471, 5372",12
"5372",5372,"5371, 5172, 5271, 5273, 5370, 5572, 5374, 5472, 5373",9
"5373",5373,"5273, 5372, 5173, 1365, 5371, 5086, 5272, 5573, 5375, 5472, 7729, 5374",12
"5374",5374,"5274, 5373, 1943, 5174, 5273, 5275, 5372, 7590, 5475, 5376, 5473, 5474, 5375",13
"5375",5375,"5275, 5374, 5175, 5274, 5276, 5373, 5575, 5476, 5377, 5474, 5475",11
"5376",5376,"5275, 5277, 5374, 9123, 5576, 5477, 5378, 5475, 5476, 5377, 9193",11
"5377",5377,"5277, 5376, 540, 5276, 5375, 3366, 6686, 5478, 5379, 5476, 5477, 5378",12
"5378",5378,"1301, 5278, 5377, 4475, 5178, 5279, 5376, 5277, 5578, 5479, 5380, 5477, 5478",13
"5379",5379,"1969, 2007, 5179, 5278, 5280, 5377, 4370, 5579, 5480, 5381, 5479, 5380",12
"5380",5380,"5280, 5379, 5180, 5281, 5378, 7082, 5580, 5481, 5382, 5479, 8836, 5381",12
"5381",5381,"5281, 4613, 5181, 5280, 5282, 5379, 5380, 5581, 5482, 5383, 5480, 5481, 5382",13
"5382",5382,"4620, 5282, 5381, 4162, 5182, 4140, 5283, 5380, 5582, 5483, 5384, 5481, 6627, 5482, 5383",15
"5383",5383,"5382, 5183, 5284, 5381, 8108, 5583, 5385, 5482, 5483, 7572",10
"5384",5384,"1181, 5285, 5382, 5584, 5485, 5386, 5452, 5484, 5385",9
"5385",5385,"5285, 5384, 5185, 5284, 5286, 1218, 5383, 5486, 5387, 5484, 5485, 5386",12
"5386",5386,"5286, 5385, 3340, 5186, 5285, 5287, 5384, 4172, 5691, 5586, 5388, 5485, 7449, 5486, 5387",15
"5387",5387,"5287, 5386, 5187, 5286, 5288, 5385, 8967, 5587, 5488, 5389, 5486, 5487, 5388",13
"5388",5388,"5288, 5387, 5188, 5289, 5386, 7289, 5489, 5390, 5487, 8535, 5488, 5389",12
"5389",5389,"5289, 5388, 690, 5189, 5288, 5290, 5387, 5589, 5391, 5488, 5489, 5390",12
"5390",5390,"5389, 4302, 5291, 5388, 3502, 7104, 8263, 7079, 9676, 5491, 5392, 7355, 8717, 5391",14
"5391",5391,"5291, 5390, 4344, 5191, 5290, 5292, 5389, 5591, 5492, 5393, 5490, 5491, 5392",13
"5392",5392,"5292, 5391, 740, 5291, 5293, 5390, 3403, 6195, 5592, 5493, 5491, 5492, 5393",13
"5393",5393,"5293, 5392, 5193, 5294, 5391, 5292, 5593, 5395, 5492, 5493, 5394",11
"5394",5394,"5393, 5293, 5295, 5594, 5495, 5396, 5493, 5494, 5395",9
"5395",5395,"5295, 5394, 1161, 5195, 5294, 5296, 5393, 5595, 5496, 5397, 5396",11
"5396",5396,"5296, 5395, 5196, 5295, 5297, 5394, 3610, 5596, 5497, 5398, 5495, 5496",12
"5397",5397,"5297, 5197, 5296, 5298, 5395, 7748, 5498, 5399, 5496, 5398",10
"5398",5398,"5198, 5297, 5299, 5396, 5397, 8192, 5598, 5499, 5400, 5497, 5498, 8077",12
"5399",5399,"5261, 5299, 2255, 5199, 5298, 5300, 5397, 2603, 5599, 5500, 5498, 5400",12
"5400",5400,"4774, 5300, 5399, 5200, 5299, 5398, 9060, 5500",8
"5401",5401,"5301, 2128, 5201, 5302, 5601, 5501, 5402",7
"5402",5402,"175, 5401, 2404, 5202, 5301, 2129, 5602, 6164, 5404, 5502",10
"5403",5403,"2279, 5203, 5304, 1464, 5603, 5504, 5405, 5502, 5503, 5404, 9601",11
"5404",5404,"5304, 5403, 2486, 5204, 5303, 5305, 5402, 5505, 5406, 5503, 5490, 5504, 5405",13
"5405",5405,"5305, 5404, 5205, 5304, 5306, 5403, 8593, 5605, 5506, 8388, 5504, 8812, 5406",13
"5406",5406,"1362, 3094, 5405, 3761, 5206, 5307, 5404, 5606, 5507, 5505, 5506, 5407",12
"5407",5407,"5307, 5406, 1365, 5207, 5306, 5308, 4448, 5508, 5409, 5506, 6262, 5507, 5408",13
"5408",5408,"5308, 5407, 1789, 5208, 5307, 5309, 9772, 6689, 5432, 5608, 5410, 5507, 6653, 6806, 5508, 5409",16
"5409",5409,"5309, 5408, 5209, 5308, 5407, 5510, 5411, 5508, 8823, 5509, 5410",11
"5410",5410,"5310, 5409, 5210, 5311, 4334, 5408, 5511, 5412, 5509, 7790, 5510, 5411",12
"5411",5411,"5311, 5410, 5211, 5310, 5312, 5409, 3628, 7289, 5611, 5512, 5413, 5412",12
"5412",5412,"5312, 5411, 5212, 5311, 5313, 5410, 5612, 5513, 5511, 5512, 5413",11
"5413",5413,"5313, 5412, 5312, 5314, 5411, 5514, 5512, 5513, 5414",9
"5414",5414,"2115, 5314, 5413, 5214, 5313, 5315, 4648, 5614, 5515, 5416, 5513, 5514, 5415",13
"5415",5415,"5414, 685, 5316, 4519, 5132, 2621, 9485, 7016, 7437, 5615, 5417, 5514, 5515",13
"5416",5416,"5316, 5216, 5317, 5414, 5315, 5616, 5517, 5418, 5515, 5516, 5417",11
"5417",5417,"5317, 5416, 5316, 5318, 5415, 5518, 5419, 5516, 5517, 5418",10
"5418",5418,"5318, 5417, 2388, 5218, 5317, 5319, 5416, 5618, 9954, 5420, 5518, 5419",12
"5419",5419,"5319, 5418, 5219, 5318, 5320, 5417, 5619, 5520, 5518, 5519",10
"5420",5420,"5320, 3081, 5220, 5321, 5418, 5620, 5521, 5519, 5520, 5421",10
"5421",5421,"5321, 5420, 4515, 5221, 5320, 2907, 8725, 5824, 5621, 5423, 5521, 5422",12
"5422",5422,"5421, 5222, 5321, 5323, 942, 5114, 8614, 5622, 5523, 5521, 5522, 5423",12
"5423",5423,"5422, 3521, 5223, 5322, 5324, 5421, 7026, 5524, 5425, 5522, 8570, 5523, 5424",13
"5424",5424,"5324, 5423, 2206, 3997, 5224, 5323, 5325, 8156, 5624, 5525, 5426, 5523, 9662, 7843, 5425",15
"5425",5425,"5325, 4856, 5324, 5326, 5423, 5424, 7236, 5526, 5524, 5525, 5426",11
"5426",5426,"5425, 3231, 5226, 5325, 5327, 5424, 8436, 5626, 5527, 5428, 5526, 5427",12
"5427",5427,"5426, 5227, 5326, 5328, 5265, 9316, 5627, 5527, 5428",9
"5428",5428,"1439, 5328, 5427, 3907, 5327, 5329, 5426, 9268, 5628, 9333, 5527, 5429",12
"5429",5429,"5329, 5428, 2558, 5229, 4410, 5328, 9807, 5629, 5431, 5528, 5529, 5430",12
"5430",5430,"5330, 5429, 5329, 5331, 778, 8667, 5630, 5531, 5930, 5431",10
"5431",5431,"5331, 4668, 5231, 5332, 528, 5429, 5430, 5631, 5532, 5433, 8358, 5531, 8471",13
"5432",5432,"5332, 5232, 5331, 5333, 5408, 5632, 5533, 5531, 5532, 5433",10
"5433",5433,"5333, 5432, 5332, 5334, 5431, 8028, 9759, 5633, 5533, 5434",10
"5434",5434,"5334, 5433, 718, 5234, 5333, 5335, 5634, 5535, 5436, 5533, 6883, 5534, 5435",13
"5435",5435,"5434, 278, 759, 5235, 5334, 132, 5635, 5536, 5437, 5534, 7276, 5535",12
"5436",5436,"4030, 5336, 3655, 5236, 5335, 5337, 5434, 5636, 5537, 5437",10
"5437",5437,"1652, 5436, 3689, 5237, 5336, 5338, 5435, 5637, 5538, 5536, 5537, 5438",12
"5438",5438,"5338, 5437, 5337, 5339, 2684, 1495, 8230, 5638, 5440, 5537, 5538, 5439",12
"5439",5439,"5339, 5438, 4450, 5338, 5639, 5540, 6915, 5538, 8449, 5539, 5440",11
"5440",5440,"5340, 5439, 1439, 5240, 5339, 5341, 5438, 4234, 6616, 5442, 5539, 9531, 5540, 5441",14
"5441",5441,"5341, 5440, 5241, 5340, 6965, 5641, 5443, 5540, 5541, 5442",10
"5442",5442,"2475, 5342, 5441, 5242, 5343, 5440, 5642, 5543, 5444, 5541, 5542, 5443",12
"5443",5443,"5343, 5442, 5243, 4978, 5441, 6313, 5544, 8681, 5542, 5444",10
"5444",5444,"5443, 2260, 5244, 5345, 5442, 5644, 5545, 5871, 5544, 5445",10
"5445",5445,"4568, 291, 5444, 4503, 5245, 5344, 5346, 5350, 6430, 5645, 5544, 5545, 5446",13
"5446",5446,"5346, 5445, 5246, 3219, 1985, 7365, 5547, 5448, 5545, 5546, 5447",11
"5447",5447,"5347, 5446, 5247, 5346, 5348, 8496, 5647, 5548, 5449, 5546, 5547, 5448",12
"5448",5448,"3940, 5447, 5248, 5347, 5349, 5446, 7273, 5549, 5450, 5547, 5548, 5449",12
"5449",5449,"2671, 5349, 5448, 3534, 5249, 5350, 5447, 7621, 7371, 5649, 5451, 5548, 6402, 5549, 5450",15
"5450",5450,"5350, 5449, 5250, 5349, 5351, 5448, 1903, 8051, 7579, 5650, 5452, 5451",12
"5451",5451,"5351, 2618, 5251, 5352, 5449, 5450, 9786, 5651, 5552, 5453, 5550, 5452",12
"5452",5452,"5352, 5451, 5252, 5384, 5351, 5353, 5450, 5652, 5553, 5454, 5551, 5552, 5453",13
"5453",5453,"5353, 5452, 3537, 5253, 5352, 5354, 5451, 5554, 5455, 5552, 5553, 5454",12
"5454",5454,"3627, 5276, 5354, 5453, 5254, 5353, 5355, 5452, 5805, 5654, 5555, 5456, 5553, 5554, 5455",15
"5455",5455,"5454, 5255, 2879, 5356, 5453, 7315, 5655, 5556, 5457, 5554, 5555, 5456",12
"5456",5456,"5455, 3199, 5256, 5355, 5357, 5454, 4965, 3210, 5557, 5458, 5555, 7375, 5457",13
"5457",5457,"5357, 5456, 5257, 5356, 5358, 5455, 5657, 5558, 5459, 5556, 9733, 5557, 5458",13
"5458",5458,"5457, 2904, 5258, 5357, 5359, 5456, 5658, 5559, 5460, 5557, 5558, 5459",12
"5459",5459,"5359, 5458, 5259, 5358, 5360, 5457, 5659, 5560, 5461, 5558, 6597, 5559, 5460",13
"5460",5460,"5459, 5260, 5359, 5361, 5458, 4407, 9138, 5660, 5462, 5559, 5560, 5461",12
"5461",5461,"5361, 5460, 591, 5261, 5360, 5362, 5459, 1718, 2591, 5661, 5562, 5560, 5561",13
"5462",5462,"5362, 3094, 5262, 5361, 5363, 5460, 5662, 5563, 5464, 8993, 5562, 5463",12
"5463",5463,"5462, 5362, 5363, 7537, 5663, 5564, 5465, 5562, 9199, 5563, 5464",11
"5464",5464,"2354, 5364, 5463, 5264, 5363, 5462, 9188, 5565, 5466, 5563, 5564, 5465",12
"5465",5465,"5365, 5464, 5265, 5364, 5366, 5463, 8322, 5549, 5665, 5566, 5467, 5564, 6017, 5565, 5466",15
"5466",5466,"5366, 5465, 5266, 5365, 4956, 5464, 5666, 5567, 5468, 5565, 5566, 5467",12
"5467",5467,"2274, 5367, 5466, 5068, 5267, 5366, 5368, 5465, 9095, 5667, 5568, 5566, 5567, 5468",14
"5468",5468,"5467, 5268, 5367, 5466, 5668, 5569, 7157, 5568, 5469",9
"5469",5469,"5369, 5468, 787, 5368, 5370, 1313, 8261, 5669, 5570, 5471, 5568, 5569, 5470",13
"5470",5470,"5469, 5270, 5369, 816, 5670, 5571, 5472, 5569, 5570, 5471",10
"5471",5471,"2686, 5371, 5470, 3172, 5271, 5370, 5469, 5718, 5671, 5572, 5473, 5570, 5571, 5472",14
"5472",5472,"5372, 5471, 5371, 5373, 5470, 7476, 7124, 5573, 5474, 5572, 5473",11
"5473",5473,"5472, 5273, 5374, 5471, 5475, 5572, 9629, 5573, 5474",9
"5474",5474,"5374, 5473, 1176, 5274, 5375, 5472, 3407, 5674, 5575, 5476, 5573, 5574, 5475",13
"5475",5475,"5375, 5474, 5275, 5374, 5376, 5473, 5675, 5576, 5477, 5574, 6329, 5575, 5476",13
"5476",5476,"5376, 5475, 5276, 5375, 5377, 5474, 5676, 5577, 5478, 5575, 6437, 5640, 5576",13
"5477",5477,"3232, 5377, 5376, 5378, 5475, 9606, 5677, 5578, 5479, 5576, 6924, 5577, 8579",13
"5478",5478,"5378, 5278, 5377, 5476, 5678, 5480, 5577, 5578, 5479, 7828",10
"5479",5479,"5379, 5478, 5378, 5380, 5477, 8354, 5679, 5580, 5481, 5578, 5579, 5480",12
"5480",5480,"5479, 3071, 5379, 5381, 5478, 1054, 9180, 5680, 5581, 5482, 5579, 8495, 5580",13
"5481",5481,"5381, 211, 5281, 5380, 5382, 5479, 5681, 5582, 5483, 5482",10
"5482",5482,"5382, 5481, 5282, 5381, 5383, 5480, 8221, 5682, 5583, 5484, 5581, 5582, 5483",13
"5483",5483,"5383, 5482, 5283, 5382, 5339, 5481, 5683, 5584, 5485, 5582, 5583, 5484",12
"5484",5484,"5384, 5483, 5284, 5385, 5482, 5684, 5585, 5486, 5583, 9223, 5584, 5485",12
"5485",5485,"5385, 5484, 3268, 5259, 5384, 5386, 5483, 1317, 5685, 5586, 5584, 5585",12
"5486",5486,"5386, 5286, 5385, 5387, 5484, 3674, 5616, 5686, 5587, 5488, 5585, 5487",12
"5487",5487,"749, 5387, 5486, 5287, 5388, 2, 5687, 5588, 5586, 5587, 5488",11
"5488",5488,"5388, 5487, 5288, 5387, 5389, 5486, 5688, 6747, 5490, 5587, 5588",11
"5489",5489,"5389, 5289, 5388, 5689, 5590, 5491, 5588, 6716, 5589, 7219",10
"5490",5490,"3135, 1362, 5290, 5404, 5391, 5488, 5591, 5492, 5589, 8672",10
"5491",5491,"5391, 4977, 5291, 5390, 5392, 5489, 3644, 9355, 5592, 5590, 5591, 5492, 9358",13
"5492",5492,"5392, 5491, 2453, 5391, 5393, 5490, 8426, 5692, 5593, 5591, 5592",11
"5493",5493,"5393, 5235, 727, 5392, 5394, 3614, 3909, 5693, 5594, 5495, 5592, 5593",12
"5494",5494,"5394, 2287, 1156, 5694, 5595, 5496, 5593, 6653, 9065, 8250, 5594, 5495",12
"5495",5495,"5494, 1620, 2204, 5394, 5396, 5493, 8410, 5596, 5497, 5594, 5595, 5496",12
"5496",5496,"5396, 5495, 5296, 5395, 5397, 5494, 5696, 5597, 5498, 5596, 5497",11
"5497",5497,"5496, 5297, 5396, 5398, 5495, 9135, 5697, 5598, 5499, 7220, 9531, 5498, 8111",13
"5498",5498,"5398, 5497, 5298, 5397, 5399, 5496, 5698, 5599, 5500, 5597, 6990, 5983",12
"5499",5499,"5299, 5398, 5497, 5699, 5600, 5598, 5599, 5500",8
"5500",5500,"5400, 5499, 5300, 5399, 5498, 4915, 9641, 5599",8
"5501",5501,"5401, 8442, 5701, 5602, 5503, 5601, 5502",7
"5502",5502,"5402, 5501, 5302, 1478, 5403, 5702, 5603, 5504, 5601, 5690, 5602, 5503",12
"5503",5503,"5403, 5502, 5404, 5501, 7134, 5703, 5604, 5505, 5602, 5603, 5504",11
"5504",5504,"5404, 5503, 1371, 5304, 5403, 5405, 5502, 5704, 5605, 5506, 5603, 5604",12
"5505",5505,"4477, 4984, 2277, 4380, 4953, 5305, 5404, 5406, 5503, 8619, 5705, 5606, 5507, 5604, 5605, 5506",16
"5506",5506,"5406, 5505, 4951, 5306, 5405, 5407, 5504, 4047, 5607, 5508, 5605, 5606, 6888",13
"5507",5507,"5407, 3205, 1054, 5406, 5408, 5505, 5707, 5608, 5509, 5606, 5607, 5508",12
"5508",5508,"1909, 5408, 5507, 2946, 5154, 5308, 5407, 5409, 5506, 8779, 5708, 5609, 5510, 5607, 5608, 5509",16
"5509",5509,"5409, 5508, 1347, 5309, 5410, 5507, 5709, 5610, 5511, 5608, 5938, 6654, 5609, 5510",14
"5510",5510,"5410, 5509, 5310, 5508, 5409, 7718, 5710, 5611, 5512, 5609, 7609, 5610, 5511",13
"5511",5511,"5059, 5510, 5311, 5410, 5412, 5509, 5711, 5612, 5513, 5610, 7720, 5611",12
"5512",5512,"5412, 5312, 5411, 5413, 5510, 5712, 5514, 5611, 5523, 5612, 5513",11
"5513",5513,"5413, 5512, 5412, 5414, 5511, 5713, 5614, 5515, 6004, 6529, 5755, 5514",12
"5514",5514,"5414, 5513, 5314, 5415, 5512, 5413, 5714, 5615, 5516, 5613, 5614, 5515",12
"5515",5515,"5415, 5514, 5414, 5416, 5513, 9691, 5715, 5517, 5614, 5516",10
"5516",5516,"5416, 5515, 5316, 5417, 5514, 5716, 5617, 5518, 5615, 5616, 5517",11
"5517",5517,"5417, 5516, 5317, 5416, 4137, 5515, 488, 5717, 5616, 5617, 5518",11
"5518",5518,"5418, 5517, 4548, 5318, 5419, 5516, 5417, 5619, 5520, 5617, 9892, 5915, 5618, 5519",14
"5519",5519,"5419, 5518, 5319, 5420, 3625, 399, 8394, 5719, 5620, 5619, 5520",11
"5520",5520,"5420, 5519, 5320, 5419, 5143, 5518, 6315, 5720, 5621, 5522, 5619, 5620, 8009",13
"5521",5521,"2127, 5421, 5321, 5420, 5422, 5721, 5622, 5523, 5620, 5621",10
"5522",5522,"5422, 5423, 5520, 5060, 4802, 9072, 5722, 5802, 5621, 5523, 6182",11
"5523",5523,"5423, 5522, 5323, 5422, 5424, 5521, 5512, 5723, 5624, 5525, 5622, 8921, 5524",13
"5524",5524,"5523, 5324, 5425, 5423, 5670, 5724, 5625, 5526, 5623, 5624, 5525",11
"5525",5525,"5425, 5524, 5325, 5424, 5523, 8848, 5725, 5626, 5527, 5624, 5625, 5526",12
"5526",5526,"5426, 5525, 639, 5326, 5425, 5208, 5524, 5627, 6890, 6276, 5626, 5527",12
"5527",5527,"5427, 5526, 2608, 5327, 5426, 5428, 5525, 2318, 9914, 5727, 5628, 5626, 5627, 5528",14
"5528",5528,"5527, 2543, 521, 5429, 2427, 8759, 5629, 5530, 5627, 9878, 5529",11
"5529",5529,"5429, 5528, 5141, 5329, 3178, 5630, 5531, 5628, 5860, 8983, 5629, 5530",12
"5530",5530,"5529, 4491, 5528, 5730, 5631, 5532, 5629, 8799, 5630, 5531, 7255",11
"5531",5531,"5431, 5530, 5331, 5430, 5432, 5529, 5731, 6174, 5533, 5630, 5631, 5532",12
"5532",5532,"5432, 5531, 5332, 5431, 5530, 5732, 5633, 5534, 5631, 7240, 5632",11
"5533",5533,"5433, 655, 5333, 5432, 5434, 5531, 5733, 5634, 5535, 5633, 5534",11
"5534",5534,"2003, 5434, 5533, 5334, 3988, 5435, 5532, 5734, 5635, 5536, 5633, 5634, 5535",13
"5535",5535,"5435, 5534, 5335, 5434, 5533, 9740, 5735, 5537, 5634, 5635, 5536",11
"5536",5536,"3336, 5535, 5336, 5435, 5437, 5534, 8954, 5736, 5637, 5635, 5636, 5537",12
"5537",5537,"5437, 5536, 3108, 5337, 5436, 5438, 5535, 8297, 5638, 5539, 5636, 5637, 5538",13
"5538",5538,"5438, 5537, 5338, 5437, 5439, 2332, 2828, 5738, 5540, 5638, 5539",11
"5539",5539,"5439, 5538, 5440, 5537, 5339, 5739, 5640, 5541, 5638, 7271, 5540",11
"5540",5540,"5440, 5539, 5439, 5441, 5538, 6467, 5641, 5542, 5639, 5640",10
"5541",5541,"5441, 2036, 5341, 5442, 5539, 8895, 8673, 5741, 5642, 5543, 5640, 5542",12
"5542",5542,"3579, 5442, 5541, 5342, 5443, 5540, 4464, 1817, 5742, 5643, 5888, 6166, 5543",13
"5543",5543,"3979, 1874, 5542, 239, 3880, 5442, 5541, 1806, 7855, 6102, 5743, 5644, 5642, 5691, 5643, 5544",16
"5544",5544,"5444, 5543, 5344, 5443, 5445, 9161, 6909, 5744, 5645, 5546, 5643, 5644, 5545",13
"5545",5545,"5445, 5544, 5345, 5444, 5446, 5745, 5646, 5547, 5644, 5645, 5546",11
"5546",5546,"5446, 5545, 5346, 640, 5447, 5544, 7864, 5548, 5645, 5646, 5547",11
"5547",5547,"2425, 5447, 5546, 5347, 5448, 5545, 5446, 5648, 5549, 5647, 5548",11
"5548",5548,"5448, 5547, 5348, 5447, 5449, 5546, 5748, 5649, 5550, 5647, 6698, 5648, 5549",13
"5549",5549,"5449, 5548, 4979, 5349, 5448, 5547, 5465, 5749, 5650, 5551, 5648, 5649, 5550",13
"5550",5550,"5549, 5451, 5548, 9066, 9371, 5750, 5651, 5552, 5649, 9826, 5650, 5551",12
"5551",5551,"5232, 5550, 417, 5452, 5549, 9891, 5751, 5652, 5553, 8835, 5651, 5552",12
"5552",5552,"5452, 5551, 5352, 5451, 5453, 5550, 5752, 5653, 5554, 5652, 5553",11
"5553",5553,"5453, 5552, 5353, 5452, 5454, 5551, 7567, 5753, 5654, 5555, 5652, 5554",12
"5554",5554,"5454, 5553, 1682, 5354, 5453, 5455, 5552, 1471, 5754, 5655, 5556, 5555",12
"5555",5555,"3305, 5455, 5355, 5454, 5456, 5553, 5554, 5656, 5557, 5654, 5655, 5556",12
"5556",5556,"1285, 5555, 5356, 5455, 5457, 5554, 3143, 9387, 5756, 5657, 5655, 5656, 5557",13
"5557",5557,"5457, 5556, 4736, 5456, 5458, 5555, 6911, 5757, 5658, 5559, 5656, 5657, 5558",13
"5558",5558,"5458, 5557, 5358, 5457, 5459, 5758, 5659, 5560, 5657, 5658, 5559",11
"5559",5559,"5459, 5558, 4207, 5359, 5458, 5460, 5557, 5759, 5660, 5561, 5658, 5659, 5560",13
"5560",5560,"5460, 5559, 872, 5360, 5459, 5461, 5558, 563, 5661, 5659, 5660, 5561",12
"5561",5561,"5461, 5560, 5361, 5559, 5662, 5563, 6125, 5661, 5562",9
"5562",5562,"5462, 5561, 5362, 5461, 5463, 5762, 5663, 7164, 5662, 5563",10
"5563",5563,"5175, 5463, 5562, 5363, 5462, 5464, 5561, 6243, 5763, 5664, 5565, 7904, 7483, 5663, 5564",15
"5564",5564,"5464, 5563, 5155, 5364, 5463, 5465, 5764, 5566, 5663, 7990, 5664, 5565",12
"5565",5565,"5465, 5564, 5365, 5464, 5466, 5563, 5765, 5666, 5567, 8083, 5566",11
"5566",5566,"5466, 5366, 5465, 5467, 5564, 5565, 5766, 5667, 5568, 5665, 5666, 5567",12
"5567",5567,"5467, 5566, 3894, 5466, 5565, 7964, 5767, 5668, 5569, 5666, 5667, 5568",12
"5568",5568,"5468, 5567, 4674, 5467, 5469, 5566, 5768, 5669, 5570, 5667, 5668, 5569",12
"5569",5569,"3752, 5469, 5568, 1305, 5369, 5468, 5470, 5567, 5769, 5670, 5571, 5668, 5669, 5570",14
"5570",5570,"5470, 5569, 4884, 5469, 5471, 5568, 5370, 9551, 5671, 5572, 5670, 5571",12
"5571",5571,"5471, 5570, 4097, 5371, 5470, 5569, 9071, 7951, 5771, 5573, 5670, 5671, 5572",13
"5572",5572,"5472, 5571, 2409, 2195, 5372, 5471, 5473, 5570, 2302, 4103, 678, 5672, 5573",13
"5573",5573,"432, 5473, 5572, 5373, 5472, 5474, 5571, 8246, 8293, 8094, 5773, 5674, 5575, 5672, 5673, 5574",16
"5574",5574,"5474, 5573, 789, 4664, 5475, 5774, 8287, 9639, 5673, 8804, 5674, 5575",12
"5575",5575,"5475, 5574, 5375, 5474, 5476, 5573, 9708, 5775, 5676, 5577, 5674, 6693, 5675, 5576",14
"5576",5576,"5476, 5575, 1213, 1417, 2613, 2998, 5376, 5475, 5477, 6811, 6018, 5776, 5578, 5675, 5577",15
"5577",5577,"5477, 5576, 5476, 5478, 5575, 3649, 5777, 5678, 5579, 5677",10
"5578",5578,"5478, 5378, 5477, 5479, 5576, 5664, 6717, 5778, 5679, 5580, 5677, 5678, 5579, 7602",14
"5579",5579,"5479, 5578, 5379, 5083, 5480, 5577, 5779, 5581, 8588",9
"5580",5580,"5480, 5380, 5479, 5578, 4408, 8476, 5780, 5582, 5679, 9686, 9735",11
"5581",5581,"2483, 5381, 5480, 5482, 5579, 5781, 5682, 6192, 5680, 5681, 5582",11
"5582",5582,"5482, 5581, 5382, 5481, 5483, 5580, 8894, 5782, 5683, 5681, 5682, 5583",12
"5583",5583,"5483, 5582, 3870, 5383, 5482, 5484, 5231, 5783, 5585, 5682, 5683, 5584",12
"5584",5584,"5484, 5583, 5384, 5483, 5485, 3136, 5685, 5586, 5684, 5585",10
"5585",5585,"1918, 5485, 5584, 5484, 5486, 5583, 5785, 5684, 5685, 5586",10
"5586",5586,"1425, 2776, 5585, 5386, 5485, 5487, 5584, 2302, 5786, 5687, 5685, 7632, 5686, 5587",14
"5587",5587,"5487, 5586, 3977, 5387, 5486, 5488, 3314, 3765, 5787, 5688, 5589, 5686, 5588",13
"5588",5588,"5488, 5587, 5487, 5489, 7699, 5689, 5590, 5687, 5688, 5589",10
"5589",5589,"5489, 5588, 5330, 5389, 5490, 5587, 5789, 5690, 5591, 5688, 5689, 5590",12
"5590",5590,"5589, 3437, 1940, 3792, 5489, 5491, 5588, 2105, 5790, 5691, 5592, 5689",12
"5591",5591,"3650, 5491, 5391, 5490, 5492, 5589, 5791, 5692, 5593, 5592",10
"5592",5592,"3982, 5492, 5591, 987, 5392, 5491, 5493, 5590, 5792, 5693, 5691, 5692, 5593",13
"5593",5593,"5493, 5592, 5393, 5492, 5494, 5591, 5793, 7313, 5595, 5692",10
"5594",5594,"5494, 5394, 5493, 5495, 5794, 5695, 5596, 5693, 6266, 5694, 6341, 6565",12
"5595",5595,"5495, 5395, 5494, 1062, 5593, 420, 6931, 6215, 5698, 5795, 5696, 5694, 8319, 5695",14
"5596",5596,"3470, 5496, 538, 5396, 5495, 5594, 5028, 1721, 5796, 5697, 5695",11
"5597",5597,"3327, 5496, 5498, 6377, 8275, 5797, 5698, 5599, 5696, 8639, 5697, 5598",12
"5598",5598,"2384, 5597, 5398, 5497, 5499, 5798, 5699, 5600, 5697, 5698, 5599",11
"5599",5599,"5499, 5598, 2991, 5399, 5498, 5500, 5597, 5799, 5700, 5698, 5699, 5600",12
"5600",5600,"5599, 5499, 5598, 9503, 5800, 5699, 5700",7
"5601",5601,"5501, 3073, 4985, 5401, 5502, 7036, 5801, 5702, 5603, 5701",10
"5602",5602,"5502, 5402, 5501, 5503, 2966, 5802, 5778, 5604, 5603, 6132",10
"5603",5603,"5503, 5602, 5403, 5502, 5504, 5601, 5704, 5605, 5702, 5703, 5604",11
"5604",5604,"5504, 5603, 5291, 5503, 5505, 5602, 6882, 5804, 5705, 5703, 5704, 5605",12
"5605",5605,"5505, 5604, 5405, 5504, 5506, 5603, 5805, 5706, 5607, 5704, 5705",11
"5606",5606,"5506, 5406, 5505, 5507, 3938, 2347, 3294, 7071, 5608, 5706, 5856",11
"5607",5607,"102, 5507, 3025, 5506, 5508, 5605, 7324, 5807, 5708, 5609, 5706, 6670, 5707, 5608",14
"5608",5608,"5508, 5607, 5408, 5507, 5509, 5606, 5808, 5709, 5610, 5707, 5708, 5609",12
"5609",5609,"5509, 5608, 5508, 5510, 5607, 3584, 8040, 5611, 5708, 5709, 5610",11
"5610",5610,"5510, 5609, 1246, 5509, 5511, 5608, 848, 9116, 5804, 5810, 5711, 5709, 6524, 5710, 5611",15
"5611",5611,"5511, 5610, 5411, 5510, 5512, 5609, 5811, 5712, 5613, 5710, 5916, 5711",12
"5612",5612,"5512, 5412, 5511, 5088, 5812, 5713, 5614, 5711, 5712, 5737",10
"5613",5613,"5514, 5611, 6701, 5813, 5714, 5615, 5712, 5754, 5713, 5614",10
"5614",5614,"5514, 5613, 5414, 5513, 5515, 5612, 9346, 5814, 5715, 5616, 5713, 5714",12
"5615",5615,"5415, 5514, 5516, 5613, 3286, 6726, 5815, 5716, 5617, 5715, 5616, 9769",12
"5616",5616,"5516, 5615, 5416, 5486, 5517, 5614, 5816, 5717, 5618, 5715, 5716, 5617",12
"5617",5617,"5517, 5616, 5516, 5518, 5615, 6369, 5817, 5718, 5619, 9873, 5717, 5618",12
"5618",5618,"4003, 5518, 5617, 5418, 5616, 5818, 5719, 5620, 5717, 5718",10
"5619",5619,"5519, 1387, 809, 5419, 5520, 5617, 5518, 5819, 5720, 5621, 6765, 9750, 5719, 5620",14
"5620",5620,"5520, 5619, 4485, 5308, 5420, 5519, 5521, 5618, 5721, 5622, 5719, 5720, 5621",13
"5621",5621,"5521, 5620, 5421, 5520, 5522, 5619, 5821, 5722, 5623, 5720, 5721",11
"5622",5622,"947, 4609, 3991, 5422, 5521, 5523, 5620, 5822, 5723, 5624, 5721, 5722, 5623",13
"5623",5623,"4712, 5622, 5524, 5621, 8284, 5823, 5724, 5625, 5722, 5723, 5624",11
"5624",5624,"5524, 5623, 5424, 5523, 5525, 5622, 5824, 5725, 5626, 5723, 5724, 9390",12
"5625",5625,"5525, 5524, 5623, 2543, 5825, 5627, 9563, 7064, 5725, 5626",10
"5626",5626,"5526, 5625, 311, 5426, 5525, 5527, 5624, 4028, 5826, 5628, 5725, 8880, 5726, 5627",14
"5627",5627,"5527, 5626, 5427, 5528, 5625, 5526, 7660, 5827, 5728, 5629, 5726, 5727, 5628",13
"5628",5628,"2358, 2309, 3380, 5627, 5428, 5527, 5529, 5626, 5828, 7403, 5630, 5727, 5728, 5629",14
"5629",5629,"154, 5529, 5628, 3906, 5002, 5429, 5530, 5627, 5528, 5829, 5730, 5631, 5728, 5729, 5630",15
"5630",5630,"5530, 5629, 5430, 5529, 5531, 5628, 790, 5731, 5632, 5729, 9429, 9115, 5730, 5631",14
"5631",5631,"5531, 5630, 5431, 5530, 5532, 5629, 3512, 8650, 5831, 5633, 5731, 5742",12
"5632",5632,"1407, 5532, 1822, 5432, 3437, 5630, 5832, 5733, 5634, 5731, 5633",11
"5633",5633,"1482, 5533, 5632, 5433, 5532, 5534, 5631, 732, 5833, 5635, 5733, 5634",12
"5634",5634,"5534, 5633, 4408, 5434, 5533, 5535, 5632, 5834, 5735, 7452, 5733, 7652, 5734, 6845",14
"5635",5635,"290, 5535, 5435, 5534, 5536, 5633, 796, 5879, 5736, 5637, 5734, 9338, 5636",13
"5636",5636,"5536, 5635, 5436, 5537, 5836, 5737, 5638, 5735, 5736, 5637",10
"5637",5637,"1541, 1920, 4334, 5537, 5636, 5437, 5536, 5635, 5837, 5738, 5639, 5736, 9044, 5737, 5638",15
"5638",5638,"5538, 5637, 5438, 5539, 5636, 5537, 5838, 5739, 5640, 5737, 5738, 5639",12
"5639",5639,"5638, 5439, 4727, 5540, 5637, 5839, 5740, 7058, 5738, 5739",10
"5640",5640,"5540, 5476, 5539, 5541, 5638, 8339, 5840, 6061, 5642, 5739, 5740, 5641",12
"5641",5641,"876, 5640, 1920, 5441, 5540, 9491, 9394, 8530, 5841, 5742, 5643, 5741, 5642",13
"5642",5642,"5641, 5442, 5541, 5543, 5640, 7412, 5743, 5644, 5741, 5742, 5643",11
"5643",5643,"1551, 5543, 5642, 5542, 5544, 5641, 5843, 5744, 5645, 5742, 8267, 5743, 5644",13
"5644",5644,"5544, 5643, 5444, 5543, 5545, 5642, 5844, 5646, 5743, 5744, 5645",11
"5645",5645,"1226, 2597, 3620, 4899, 5545, 5644, 353, 5445, 5544, 5546, 5643, 5845, 5746, 5647, 5744, 5745, 5646",17
"5646",5646,"5546, 5645, 1474, 5545, 5644, 5761, 7970, 5846, 5747, 5648, 5745, 5746, 5647",13
"5647",5647,"5547, 5646, 5447, 3613, 5548, 5645, 5847, 5649, 5746, 5747, 5648",11
"5648",5648,"5548, 5647, 2660, 5547, 5549, 5646, 5749, 5650, 5747, 5748, 5649",11
"5649",5649,"5549, 5648, 4139, 5449, 5548, 5550, 5647, 703, 7391, 5849, 5750, 5651, 5748, 5650",14
"5650",5650,"5550, 5649, 5450, 5549, 5648, 7131, 5850, 5751, 5652, 5749, 5651",11
"5651",5651,"5551, 5650, 4311, 5142, 5451, 5550, 5649, 4147, 9145, 5851, 5653, 5750, 5751, 5652",14
"5652",5652,"5552, 5651, 5452, 5551, 5553, 5650, 5852, 5753, 5654, 5751, 5653",11
"5653",5653,"3064, 5652, 2151, 4905, 5552, 5651, 5853, 5754, 5655, 5752, 5753, 5654",12
"5654",5654,"5653, 5454, 5553, 5555, 5652, 2994, 940, 5903, 5755, 5656, 5754",11
"5655",5655,"5555, 5455, 5554, 5556, 5653, 7171, 5855, 5756, 5754, 5803, 5755, 5656",12
"5656",5656,"5556, 5655, 446, 4953, 5555, 5557, 5654, 1627, 8389, 5658, 5755, 5756, 5657",13
"5657",5657,"5557, 5656, 5457, 5556, 5558, 1505, 5857, 5758, 5659, 5757, 5658",11
"5658",5658,"4339, 5558, 5657, 5458, 5557, 5559, 5656, 7384, 5858, 7269, 5660, 5757, 5758, 5659",14
"5659",5659,"5559, 5658, 3527, 5459, 5558, 5560, 5657, 2331, 5859, 5760, 5661, 9704, 5759, 5660",14
"5660",5660,"5560, 5659, 5460, 5559, 5658, 4867, 5860, 5761, 5662, 5661",10
"5661",5661,"5561, 5461, 5560, 5659, 5660, 8777, 7229, 6472, 5663",9
"5662",5662,"4112, 5562, 5462, 5561, 5660, 9223, 8603, 5862, 5763, 5664, 5761, 5762, 5663, 6261",14
"5663",5663,"5563, 5662, 5131, 5463, 5562, 5564, 1401, 5661, 5863, 5764, 5665, 5762, 5763, 5664",14
"5664",5664,"5564, 5663, 2986, 5563, 5578, 5662, 5864, 5666, 5763, 5764",10
"5665",5665,"2121, 5465, 5566, 5663, 8128, 5865, 5766, 5667, 5764, 6238, 5765, 5666, 9507",13
"5666",5666,"3513, 5566, 5665, 524, 5466, 5565, 5567, 5664, 1821, 9760, 6407, 5866, 5767, 5668, 5766, 5667",16
"5667",5667,"5567, 5666, 5467, 5566, 5568, 5665, 5867, 5768, 5669, 5766, 5767, 5668",12
"5668",5668,"5568, 5667, 2162, 5468, 5567, 5569, 5666, 2130, 3747, 5868, 5769, 5670, 5767, 5669",14
"5669",5669,"5569, 5668, 1833, 5469, 5568, 5667, 3962, 8731, 5770, 5671, 5768, 5769, 5670",13
"5670",5670,"5524, 5570, 5669, 711, 5470, 5569, 5571, 5668, 5959, 5870, 5771, 5769, 5770, 5671",14
"5671",5671,"5571, 5670, 5471, 5570, 3926, 5669, 3475, 5871, 5673, 5770, 5771, 5672",12
"5672",5672,"5572, 5671, 3240, 5573, 5129, 894, 5872, 5773, 5771, 8662, 5772",11
"5673",5673,"5573, 5574, 5671, 7838, 5873, 5774, 5675, 5772, 5773, 5674",10
"5674",5674,"4576, 5574, 5673, 5474, 5573, 5575, 4573, 9751, 9592, 5874, 5676, 5774",12
"5675",5675,"5575, 5475, 5576, 5673, 7320, 5776, 5677, 5774, 9567, 5676, 6168",11
"5676",5676,"1492, 5675, 5476, 5575, 5674, 5777, 5678, 5776, 5677",9
"5677",5677,"5577, 5676, 1916, 5477, 5578, 5675, 5877, 5778, 5679, 5776, 9937, 7550, 5777, 5678",14
"5678",5678,"440, 5578, 5677, 5478, 5577, 5676, 2854, 5878, 5779, 5680, 5777, 5778",12
"5679",5679,"223, 5479, 5578, 5580, 5677, 6526, 5879, 7427, 5778, 8495, 5779, 5680",12
"5680",5680,"5679, 5480, 5581, 5678, 9856, 7615, 5880, 5781, 5682, 7107, 5780",11
"5681",5681,"5581, 2160, 5481, 5582, 5881, 5782, 5683, 6197, 5781, 5682",10
"5682",5682,"5582, 5681, 5482, 5581, 5583, 5680, 5882, 5783, 5781, 5683",10
"5683",5683,"5583, 5682, 5483, 5582, 5681, 7329, 5883, 5784, 5685, 5782, 5783, 5684",12
"5684",5684,"5584, 5683, 5484, 5585, 2156, 5805, 5884, 5785, 5686, 5783, 5784, 5685",12
"5685",5685,"5585, 5684, 3165, 5485, 5586, 5683, 5584, 5885, 5687, 5784, 5785, 5686",12
"5686",5686,"5586, 5685, 5486, 4062, 5587, 5684, 8589, 5886, 5787, 5688, 5785, 5786, 5687",13
"5687",5687,"5686, 5487, 5586, 5588, 5685, 5887, 5788, 5786, 5787, 7793",10
"5688",5688,"1529, 5588, 5488, 5587, 5589, 5686, 1963, 29, 5888, 5789, 5787, 5689",12
"5689",5689,"5589, 5688, 5489, 5588, 5590, 9372, 6588, 5790, 5691, 5788, 6406, 7006, 5789, 5690",14
"5690",5690,"5215, 5689, 5502, 5589, 2890, 4648, 5890, 5692, 5790, 5691",10
"5691",5691,"5543, 5690, 5386, 5590, 5592, 5689, 3856, 3317, 5891, 5693, 5791, 5692",12
"5692",5692,"5592, 5691, 1896, 5492, 5591, 5593, 5690, 4614, 5793, 6181, 5791, 9279, 5792, 5693",14
"5693",5693,"1214, 5692, 839, 5493, 5592, 5594, 5691, 436, 5794, 5695, 5793, 5694",12
"5694",5694,"5594, 5693, 2322, 4890, 5494, 5595, 8350, 5795, 5696, 5793, 8875, 5695",12
"5695",5695,"3212, 5595, 5694, 5594, 5596, 5693, 5895, 5796, 5697, 5794, 5795, 5696",12
"5696",5696,"5695, 5496, 5595, 5597, 5694, 5896, 5797, 5795, 5796, 5697",10
"5697",5697,"5597, 5696, 5497, 5596, 5598, 5695, 2264, 5699, 5897, 5796, 5797, 5698",12
"5698",5698,"4217, 5598, 5697, 5498, 5597, 5599, 5595, 2760, 8492, 5898, 5700, 5797, 5699",13
"5699",5699,"5599, 5698, 5499, 5598, 5600, 5697, 5899, 5800, 6750, 9962, 5799, 5700",12
"5700",5700,"5600, 5699, 3125, 1051, 5599, 5698, 5734, 5882, 5900, 5799, 5800",11
"5701",5701,"2345, 5601, 5501, 5901, 5802, 5703, 5801",7
"5702",5702,"2850, 3119, 5502, 5601, 5603, 5902, 5803, 5704, 5801, 5802, 7331",11
"5703",5703,"5603, 1080, 1558, 5503, 5604, 5701, 5903, 5804, 5705, 5802, 5704",11
"5704",5704,"5604, 5703, 5504, 5605, 5702, 5603, 3260, 9567, 8839, 5904, 5805, 5706, 5803, 5705",14
"5705",5705,"5605, 5704, 5505, 5604, 1097, 5703, 5905, 5984, 5707, 5804, 5805, 5706",12
"5706",5706,"5606, 5705, 5605, 5607, 5704, 9646, 5906, 5708, 5805, 8106, 9413, 5707",12
"5707",5707,"5607, 5706, 5507, 5608, 5705, 6994, 5907, 5808, 5709, 5806, 5807, 5708",12
"5708",5708,"3729, 5608, 5707, 3795, 5508, 5607, 5609, 5706, 5908, 5809, 5710, 8251, 5808, 5709",14
"5709",5709,"5609, 5708, 4868, 5509, 5608, 5610, 5707, 5909, 5810, 5711, 5808, 9456, 5809, 5710",14
"5710",5710,"1000, 5610, 5709, 5510, 5611, 5708, 4065, 5910, 5811, 5712, 5983, 5810",12
"5711",5711,"5611, 5511, 5610, 5612, 5709, 5911, 5812, 5713, 5810, 5712",10
"5712",5712,"5612, 5344, 5512, 5611, 5613, 5710, 1540, 5711, 9575, 5714, 5811, 5812, 5713",13
"5713",5713,"5613, 5712, 5513, 5612, 5614, 5711, 5913, 5814, 5715, 5812, 5714",11
"5714",5714,"3392, 5614, 5713, 5514, 5613, 5712, 7526, 5914, 5815, 5716, 5813, 5814",12
"5715",5715,"5615, 49, 5515, 5614, 5616, 5713, 5915, 5816, 5814, 6226, 5716",11
"5716",5716,"5616, 5715, 5516, 5615, 5714, 5916, 5817, 5718, 5815, 5816, 5717",11
"5717",5717,"5617, 5716, 5517, 5616, 5618, 362, 5917, 5818, 5719, 5816, 5817, 5718",12
"5718",5718,"5618, 5717, 5471, 5617, 5716, 8298, 8268, 5918, 6946, 5817, 9826, 9330, 7159, 5818, 5719",15
"5719",5719,"5619, 5718, 5237, 5519, 5618, 5620, 5717, 7692, 5919, 5820, 5818, 6923, 5819, 5720",14
"5720",5720,"847, 5620, 5719, 4447, 5520, 5619, 5621, 5920, 5821, 5722, 6759, 9403, 5721",13
"5721",5721,"5621, 5720, 5521, 5622, 408, 5620, 5921, 5822, 5723, 7660, 5821, 5722",12
"5722",5722,"5622, 5721, 5522, 5621, 5623, 5720, 5922, 5823, 5724, 5821, 8993, 5822, 5723",13
"5723",5723,"5623, 5722, 5523, 5622, 5624, 5721, 5923, 5824, 5725, 5822, 9421, 5823, 5724",13
"5724",5724,"5624, 5723, 5524, 5623, 578, 5722, 5924, 5825, 5823, 5824, 5725",11
"5725",5725,"5625, 5724, 5525, 5624, 5626, 5723, 5925, 5826, 5727, 5825, 5726",11
"5726",5726,"5626, 5725, 5627, 558, 9274, 6769, 5926, 5827, 5825, 5826",10
"5727",5727,"5627, 5527, 5628, 5725, 5927, 5828, 5729, 5826, 5827, 5728, 7113",11
"5728",5728,"5628, 5727, 5627, 5629, 7267, 5928, 5829, 5730, 5827, 9379, 5828, 5729",12
"5729",5729,"5629, 5728, 5630, 5727, 5929, 5830, 5731, 5828, 5829, 5730",10
"5730",5730,"5630, 5729, 5530, 5629, 5728, 5930, 5831, 5830, 5731",9
"5731",5731,"5631, 5730, 2126, 4996, 5531, 5630, 5632, 5729, 5931, 5733, 7127, 5831, 5732",13
"5732",5732,"806, 5731, 5532, 3452, 3837, 8986, 6255, 5932, 5833, 5734, 5831, 5832, 5733",13
"5733",5733,"5633, 5732, 5533, 5632, 5634, 5731, 6027, 5933, 5834, 5735, 5832, 7246, 5833, 8501",14
"5734",5734,"5634, 5700, 2244, 475, 5534, 5635, 5732, 8670, 5835, 5736, 5833, 5834",12
"5735",5735,"2449, 5535, 5634, 5636, 5733, 5935, 5836, 5737, 5834, 5835, 5736",11
"5736",5736,"3127, 5636, 5735, 5536, 5635, 5637, 5734, 5936, 5837, 5738, 5835, 5836, 5737",13
"5737",5737,"5612, 5637, 5736, 673, 5636, 5638, 5735, 2333, 7294, 5937, 5838, 5739, 5836, 5837",14
"5738",5738,"5638, 5538, 5637, 5639, 5736, 6644, 5938, 5839, 5740, 5837, 6918, 5739",12
"5739",5739,"5639, 5738, 5539, 5638, 5640, 5737, 8311, 5939, 5840, 5741, 5838, 5936, 5839, 5740",14
"5740",5740,"5640, 5739, 3092, 5639, 3980, 5738, 8791, 5940, 5841, 5742, 5839, 5840, 5741",13
"5741",5741,"5641, 5740, 5541, 5642, 5739, 5941, 5840, 5779",8
"5742",5742,"5631, 5642, 1590, 5542, 5641, 5643, 5740, 935, 3060, 7006, 5843, 5744, 5842, 5743",14
"5743",5743,"5643, 5742, 5543, 5644, 2138, 5642, 5982, 5943, 5844, 5745, 5842, 5843, 5744",13
"5744",5744,"5644, 5743, 5544, 5643, 5645, 5742, 5944, 5845, 5746, 5843, 5844, 5745",12
"5745",5745,"5645, 5744, 3067, 3143, 5545, 5646, 5743, 5945, 5846, 5747, 5844, 6837, 5845, 5746",14
"5746",5746,"2092, 5646, 5745, 5645, 5647, 5744, 8876, 5946, 5847, 5748, 5845, 5846, 5747",13
"5747",5747,"5647, 5746, 3138, 3259, 5259, 5646, 5648, 5745, 5846, 5947, 5848, 5847, 5748",13
"5748",5748,"5648, 5747, 5548, 4714, 5649, 5746, 2022, 5948, 5750, 5847, 5848, 5749",12
"5749",5749,"5748, 5549, 5650, 5648, 5949, 5850, 5751, 5849, 5750",9
"5750",5750,"1485, 5749, 3548, 4123, 5550, 5649, 5651, 5748, 5851, 5752, 5849, 5850, 5751",13
"5751",5751,"1361, 5651, 5750, 5551, 5650, 5652, 5749, 6574, 5951, 5852, 5753, 5850, 5851, 5752",14
"5752",5752,"652, 5751, 5552, 5653, 5750, 7435, 5754, 5851, 5852, 5753",10
"5753",5753,"5653, 5752, 5553, 5652, 5751, 5953, 5755, 5852, 5853, 5754",10
"5754",5754,"5654, 5753, 386, 4776, 5613, 5554, 5653, 5655, 5752, 5954, 5855, 5756, 5854, 5755",14
"5755",5755,"5513, 5655, 5754, 211, 5654, 5656, 5753, 5955, 5856, 5757, 5854, 5855, 5756",13
"5756",5756,"5656, 5755, 5556, 5655, 5754, 5857, 5758, 5855, 5856, 5757",10
"5757",5757,"5657, 5756, 2976, 5557, 5658, 5755, 5858, 5759, 5856, 5857, 5758",11
"5758",5758,"5658, 5757, 3997, 4216, 5558, 5657, 1556, 5756, 5958, 5859, 5760, 5857, 5858, 5759",14
"5759",5759,"3905, 5659, 5758, 2207, 5559, 582, 5757, 6813, 5959, 5860, 5761, 5858, 5859",13
"5760",5760,"5659, 5758, 5960, 5861, 5762, 5859, 9101, 5761, 8835, 6198",10
"5761",5761,"534, 1487, 5646, 3898, 5660, 5662, 5759, 4267, 5760, 5961, 5862, 5861, 5762",13
"5762",5762,"5662, 5761, 5562, 5663, 5760, 4969, 5763, 5962, 5764, 5861, 8407",11
"5763",5763,"5663, 5762, 5563, 5662, 5664, 5963, 5864, 5765, 5862, 5764",10
"5764",5764,"5664, 244, 4691, 5564, 5663, 5665, 5762, 5763, 8532, 5964, 5865, 5766, 5863, 9666, 5765",15
"5765",5765,"5665, 5764, 5565, 5763, 5965, 5866, 9799, 5864, 5865, 5766",10
"5766",5766,"5666, 5765, 5566, 5665, 5667, 5764, 2970, 5867, 6318, 5768, 5865, 5767",12
"5767",5767,"5667, 5766, 5567, 5666, 5668, 5967, 5868, 5769, 5866, 5867, 5768",11
"5768",5768,"5767, 2938, 5568, 5667, 5669, 5766, 7640, 8060, 5968, 5869, 5770, 5867, 5868, 5769",14
"5769",5769,"5669, 5768, 5569, 5668, 5670, 5767, 8359, 5969, 5870, 5771, 5868, 5770",12
"5770",5770,"5670, 5669, 5671, 5768, 5769, 6640, 5970, 5871, 5772, 5869, 5870, 5771",12
"5771",5771,"5225, 5671, 5770, 5571, 5670, 5672, 5769, 651, 5872, 5870, 5772",11
"5772",5772,"5672, 5771, 1388, 3452, 1327, 5673, 5770, 5972, 9008, 5871, 6879, 5773",12
"5773",5773,"5673, 5573, 5672, 3908, 1071, 1600, 5772, 5775, 8012, 5873, 5774",11
"5774",5774,"5674, 5773, 4544, 5574, 5673, 5675, 5974, 5875, 5776, 5873, 6895, 8445, 5874, 5775",14
"5775",5775,"5774, 5575, 4143, 4794, 5773, 5975, 5876, 5777, 5874, 9642, 5875, 5776",12
"5776",5776,"5676, 5775, 1390, 4801, 5576, 5677, 5774, 5675, 5976, 5877, 5778, 5777",12
"5777",5777,"360, 2958, 5677, 5776, 5577, 5678, 5775, 5676, 6557, 5977, 5878, 5779, 5877, 5778",14
"5778",5778,"5678, 5777, 3069, 5578, 5602, 5677, 5679, 5776, 5978, 5879, 8783, 7781, 5878, 5779",14
"5779",5779,"5679, 5741, 5778, 5579, 5678, 4080, 5777, 5979, 5880, 5781, 5878, 5879, 5780",13
"5780",5780,"5680, 5779, 5580, 4881, 1276, 6130, 5980, 5782, 5879, 9490, 5880, 5781",12
"5781",5781,"5681, 5780, 5581, 5680, 5682, 5779, 5882, 5783, 5880, 5881, 5782",11
"5782",5782,"453, 5781, 5582, 5681, 5683, 5780, 385, 5883, 5881, 5882, 5783",11
"5783",5783,"5683, 5782, 5583, 5682, 5684, 5781, 5983, 5884, 5785, 5882, 5883, 5784",12
"5784",5784,"1447, 5684, 5783, 5683, 5685, 1308, 7503, 5984, 5885, 5786, 5883, 5785",12
"5785",5785,"2140, 5685, 5585, 5684, 5686, 5783, 5784, 7169, 5985, 5886, 5787, 5884, 8651, 5885",14
"5786",5786,"5686, 2648, 5586, 4020, 5687, 5784, 5986, 5887, 5788, 5885, 5886, 5787",12
"5787",5787,"353, 5107, 5687, 5786, 5587, 5686, 5688, 5785, 5987, 5888, 5886, 8046, 5887, 5788",14
"5788",5788,"3332, 4399, 5787, 849, 5687, 5689, 5786, 7570, 5988, 5889, 9087, 5888, 7294",13
"5789",5789,"5689, 5589, 5688, 3872, 1417, 3383, 5989, 5890, 5791, 5888, 5790",11
"5790",5790,"5690, 5789, 5590, 5689, 5990, 5891, 5792, 5889, 5890, 5791",10
"5791",5791,"5691, 5790, 5591, 5692, 5789, 5991, 5892, 5793, 5890, 7354, 5891, 9404",12
"5792",5792,"4453, 5692, 5592, 794, 5790, 5992, 5893, 5794, 5891, 5892, 5793",11
"5793",5793,"5693, 5792, 5593, 5692, 5694, 5791, 6263, 5993, 5894, 5795, 5892, 5893, 5794",13
"5794",5794,"5793, 3727, 5594, 5693, 5695, 3559, 5792, 5796, 5893, 5894, 5795",11
"5795",5795,"1742, 2718, 5695, 5794, 3848, 5595, 5694, 5696, 5793, 5995, 5896, 5797, 5894, 5895, 5796",15
"5796",5796,"5696, 5795, 3695, 3779, 5596, 5695, 5697, 5794, 5897, 5798, 5895, 5896",12
"5797",5797,"5697, 3289, 858, 5597, 5696, 5698, 5795, 5997, 5898, 5799, 5896, 5798",12
"5798",5798,"2997, 5797, 5598, 5796, 5998, 5899, 5800, 5897, 5898, 5799",10
"5799",5799,"2954, 5699, 5798, 5599, 5700, 5797, 3625, 119, 5999, 5898, 5899",11
"5800",5800,"5700, 5600, 5699, 5798, 6000, 5899, 5900",7
"5801",5801,"5701, 5601, 5702, 6001, 5902, 5901, 5802",7
"5802",5802,"5702, 5801, 5522, 5602, 5701, 5703, 6002, 5903, 5804, 5901, 5902, 5803",12
"5803",5803,"5655, 5802, 5702, 5704, 6409, 5904, 5805, 5902, 6289, 5903",10
"5804",5804,"2797, 1100, 5604, 5703, 5705, 5802, 5610, 6004, 5806, 5903, 5904, 5805",12
"5805",5805,"5705, 5804, 3390, 5605, 5704, 5706, 5803, 5684, 5454, 6005, 5906, 5905, 5806",13
"5806",5806,"483, 5805, 5707, 5804, 5016, 7947, 6006, 5907, 5808, 5905, 8959",11
"5807",5807,"5707, 5607, 4174, 3579, 6007, 5908, 5906, 5907",8
"5808",5808,"5708, 4193, 5608, 5707, 5709, 5806, 5293, 9945, 5909, 5907, 7021, 5908, 5809",13
"5809",5809,"5709, 5808, 613, 5708, 6157, 6009, 5910, 5811, 5909, 5810",10
"5810",5810,"5710, 5809, 5610, 5709, 5711, 6010, 5911, 5812, 5910, 5811",10
"5811",5811,"5810, 5611, 5710, 5712, 5809, 9649, 6011, 5912, 5813, 5910, 5911, 5812",12
"5812",5812,"4856, 5712, 5811, 5612, 5711, 5713, 5810, 6012, 5913, 5814, 5911, 9157, 5912, 5813",14
"5813",5813,"5812, 5613, 5714, 5811, 6013, 5914, 5815, 5912, 6659, 9709",10
"5814",5814,"1169, 5166, 5714, 5614, 5713, 5715, 5812, 9268, 5816, 5913, 5914, 5815",12
"5815",5815,"5814, 5615, 5714, 5716, 5813, 4518, 6015, 5916, 5914, 5816",10
"5816",5816,"5716, 5815, 4118, 5616, 5715, 5717, 5814, 6637, 6016, 5818, 5915, 7939, 5817",13
"5817",5817,"5717, 5816, 1632, 2596, 5617, 5716, 5718, 74, 4409, 6017, 5918, 5916, 6205",13
"5818",5818,"5718, 5618, 5717, 5719, 5816, 1681, 9046, 9192, 6018, 5820, 5917, 8575, 5918, 5819",14
"5819",5819,"5719, 5818, 5619, 1787, 5005, 5360, 6019, 5920, 5821, 5918",10
"5820",5820,"5719, 5818, 9232, 6814, 6020, 5921, 5822, 5919, 5920, 5821",10
"5821",5821,"5721, 5820, 5621, 5720, 5722, 5819, 9857, 6085, 6021, 5922, 5823, 5920, 5921, 5822",14
"5822",5822,"5722, 5821, 5622, 5721, 5723, 5820, 6022, 5923, 5824, 5921, 5922, 6175",12
"5823",5823,"5723, 5623, 5722, 5724, 5821, 6023, 5924, 5922, 7835, 5923, 5824",11
"5824",5824,"5724, 5823, 4068, 5624, 5723, 3214, 5822, 5421, 6024, 5925, 5826, 5923, 6496, 5924, 5825",15
"5825",5825,"5725, 5824, 4436, 5625, 5724, 5726, 6025, 5926, 5827, 5924, 5925, 5826",12
"5826",5826,"3421, 5726, 5825, 5626, 5725, 5727, 5824, 6026, 5927, 5828, 7041, 5926, 8979",13
"5827",5827,"5727, 5627, 5726, 5728, 5825, 6438, 5928, 5829, 5926, 8986, 5927, 5828",12
"5828",5828,"5728, 5827, 5628, 5727, 5729, 5826, 6028, 5929, 5830, 5928, 5829",11
"5829",5829,"5729, 5828, 1214, 5629, 5728, 726, 5827, 6029, 5930, 5831, 5928, 6292, 5929, 5830",14
"5830",5830,"5730, 5829, 5729, 5828, 6030, 5931, 5832, 5929, 5831",9
"5831",5831,"5731, 5138, 5631, 5730, 5732, 5829, 1810, 5830, 5932, 5930, 5832",11
"5832",5832,"5732, 5831, 5632, 5733, 5830, 6032, 5933, 5834, 5931, 7375, 5833",11
"5833",5833,"5157, 5733, 5633, 5732, 5734, 3406, 4238, 5832, 8526, 6033, 9847, 5932, 5933, 5834",14
"5834",5834,"5734, 5833, 1435, 5634, 5733, 5735, 5832, 6034, 5935, 5933, 5835",11
"5835",5835,"5735, 5834, 320, 5734, 5736, 6035, 5936, 5837, 5836",9
"5836",5836,"5736, 5835, 5636, 5735, 5737, 5992, 5937, 5838, 5935, 7741, 5936",11
"5837",5837,"5737, 5637, 5736, 5738, 5835, 6037, 5938, 5839, 5936, 5937, 5838, 6767",12
"5838",5838,"5837, 5638, 5737, 5739, 5836, 6038, 5939, 5840, 5937, 5938, 5839",11
"5839",5839,"5739, 5838, 4890, 5639, 5738, 5740, 5837, 8606, 6039, 5940, 5841, 5938, 5939, 5840",14
"5840",5840,"3034, 5740, 5839, 5640, 5739, 5741, 5838, 4465, 9714, 5941, 5842, 5939, 5940, 5841",14
"5841",5841,"1031, 5840, 5641, 5740, 5839, 8782, 6041, 5942, 5843, 5940, 5842",11
"5842",5842,"5742, 5841, 4673, 2370, 5743, 5840, 6261, 6042, 5844, 5941, 5942, 5843",12
"5843",5843,"165, 5743, 5842, 2887, 5643, 5742, 5744, 5841, 6134, 5944, 5845, 5942, 5943",13
"5844",5844,"5744, 5644, 5743, 5745, 5097, 5842, 6044, 5846, 5845, 6339",10
"5845",5845,"1816, 5745, 3932, 5645, 5744, 5746, 5843, 5844, 6045, 5847, 5944, 5945",12
"5846",5846,"5053, 5746, 2162, 5646, 5745, 5747, 5844, 6050, 6046, 5947, 5848, 5945, 5946, 5847",14
"5847",5847,"5747, 5846, 4917, 5647, 5746, 5748, 5845, 6047, 5948, 5849, 5946, 5947, 5848",13
"5848",5848,"5748, 5847, 5747, 3981, 5846, 5989, 6048, 5949, 5850, 5947, 6957, 5948, 5849",13
"5849",5849,"5749, 5848, 5649, 5750, 5847, 8531, 9288, 6049, 5950, 5851, 5948, 7765, 7541, 5949, 5850",15
"5850",5850,"5750, 5849, 5650, 5749, 5751, 5848, 4281, 5951, 5852, 5949, 5851",11
"5851",5851,"5751, 1633, 5651, 5750, 5752, 5849, 5850, 9335, 7852, 6051, 5952, 5853, 7166, 5951, 5852",15
"5852",5852,"4351, 3812, 5752, 5851, 5652, 5751, 5753, 5850, 6739, 6052, 5951, 7550, 5853",13
"5853",5853,"5753, 5852, 2332, 3250, 5653, 4814, 5851, 7632, 6053, 5954, 5855, 5952, 8294, 5953, 5854",15
"5854",5854,"5754, 5853, 1290, 5755, 4918, 6054, 5856, 5953, 9004, 9490, 5954, 5855",12
"5855",5855,"5755, 5854, 2202, 5655, 5754, 5756, 5853, 6055, 5956, 5857, 5954, 9965, 5955, 5856",14
"5856",5856,"5606, 5756, 5855, 4553, 5755, 5757, 5854, 2061, 5957, 5955, 9567, 5956",12
"5857",5857,"1096, 5757, 4529, 508, 5657, 5756, 5758, 5855, 5958, 5859, 5956, 5957, 5858",13
"5858",5858,"5758, 5857, 5658, 5757, 5759, 551, 6058, 5860, 5957, 5958, 5859",11
"5859",5859,"5759, 5858, 5659, 5758, 5760, 5857, 2850, 6059, 5861, 5958, 5959, 5860",12
"5860",5860,"5859, 5529, 5660, 5759, 5858, 2643, 5886, 5961, 5862, 5960, 5861",11
"5861",5861,"5761, 5860, 1314, 5760, 5762, 5859, 1550, 8074, 6061, 5863, 5960, 5961",12
"5862",5862,"5662, 5761, 5763, 5860, 6062, 5864, 5961, 5962, 5863",9
"5863",5863,"5862, 5663, 5764, 5861, 8609, 6063, 5964, 5865, 5962, 5963, 7106",11
"5864",5864,"5664, 5763, 5765, 5862, 3462, 8661, 6064, 5965, 5866, 5963, 9192",11
"5865",5865,"4719, 5765, 5665, 5764, 5766, 5863, 6065, 5966, 5867, 5964, 5965, 5866",12
"5866",5866,"403, 5865, 5666, 5765, 5767, 5864, 4802, 6833, 6066, 5967, 5868, 5966, 5867",13
"5867",5867,"5767, 5866, 5667, 5766, 5768, 5865, 8907, 6067, 5968, 5869, 5966, 7431, 5967, 5868",14
"5868",5868,"5768, 5867, 5668, 5767, 5769, 5866, 4578, 6068, 5969, 5967, 5968, 5869",12
"5869",5869,"5868, 5768, 5770, 5867, 8384, 6206, 6069, 5970, 5871, 5968, 5969, 5870",12
"5870",5870,"2092, 5770, 5869, 5670, 5769, 5771, 6070, 5971, 5872, 5969, 5970, 5871",12
"5871",5871,"1431, 5444, 5870, 5671, 5770, 5772, 5869, 7425, 6071, 5972, 5873, 5970, 5971, 5872",14
"5872",5872,"5871, 5672, 5771, 1571, 5870, 7953, 6072, 5973, 5874, 5971, 5972, 5873",12
"5873",5873,"5773, 5872, 5673, 5774, 5871, 6073, 8692, 5875, 5972, 5973, 5874",11
"5874",5874,"5774, 5873, 5674, 5775, 5872, 2487, 6750, 6074, 5975, 5973, 5928, 5875",12
"5875",5875,"5775, 5874, 5774, 1904, 5873, 7135, 5877, 5974, 5975, 5876",10
"5876",5876,"1932, 5875, 5775, 7762, 6076, 5977, 5878, 5975, 7575, 5976, 6510",11
"5877",5877,"5777, 5677, 5776, 3356, 5875, 6077, 5978, 5976, 5977, 5878",10
"5878",5878,"5778, 5877, 5678, 5777, 5779, 5876, 6078, 5979, 5880, 5977, 5978, 5879",12
"5879",5879,"5779, 5878, 5679, 5778, 5780, 5635, 79, 1409, 5980, 5881, 5978, 5979",12
"5880",5880,"5780, 5680, 5779, 5781, 5878, 8277, 6080, 5981, 5882, 5980, 5881",11
"5881",5881,"5781, 5880, 3086, 5681, 5782, 5879, 3718, 6081, 5982, 5883, 9016, 5981, 5882",13
"5882",5882,"5782, 5881, 5700, 3138, 3910, 5191, 5682, 5783, 5880, 5781, 6082, 5983, 5884, 5981, 5982, 5883",16
"5883",5883,"5783, 5882, 2868, 5683, 5782, 5784, 5881, 2496, 5984, 5982, 5983, 5884",12
"5884",5884,"5883, 5684, 5783, 5785, 5882, 7684, 6084, 5985, 5886, 5983, 5984, 5885",12
"5885",5885,"5785, 5884, 5685, 5784, 5786, 6085, 5986, 5887, 5984, 5985, 5886",11
"5886",5886,"5860, 5786, 5885, 1014, 5686, 5785, 5787, 5884, 4508, 5987, 5888, 5985, 5986, 5887",14
"5887",5887,"5787, 5886, 1153, 5687, 5786, 5885, 5988, 5889, 5986, 5987",10
"5888",5888,"5788, 5542, 5688, 5787, 5789, 5886, 6297, 6086, 6088, 5989, 5890, 5987, 5988, 5889, 9101",15
"5889",5889,"5888, 5788, 5790, 5887, 6089, 5990, 5891, 5988, 5989, 5890",10
"5890",5890,"5790, 5889, 5690, 5789, 5791, 5888, 4685, 9434, 8595, 5991, 5892, 5989, 5990, 5891",14
"5891",5891,"5791, 5890, 5691, 5790, 5792, 5889, 6091, 5992, 5990, 5991, 5892",11
"5892",5892,"5792, 5891, 2103, 5791, 5793, 5890, 6092, 5993, 5991",9
"5893",5893,"5793, 5792, 5794, 4780, 6093, 5994, 5895, 5992, 5993, 5894",10
"5894",5894,"5794, 5893, 2615, 5793, 5795, 1132, 6294, 6094, 5995, 5896, 5993, 6149, 5994",13
"5895",5895,"5795, 5695, 5796, 5893, 8906, 6254, 6095, 5996, 5897, 5994, 8939, 5995, 5896, 9996",14
"5896",5896,"5796, 5895, 5696, 5795, 5797, 5894, 6096, 5997, 5898, 5995, 5996",11
"5897",5897,"3238, 3284, 5697, 5798, 5895, 5796, 8234, 6097, 5998, 5899, 5996, 8251, 5898, 9180",14
"5898",5898,"5798, 5897, 5698, 5797, 5799, 5896, 5997, 6098, 5999, 5998",10
"5899",5899,"5799, 2501, 4060, 5699, 5798, 5800, 5897, 6099, 6000, 5998, 5999, 5900",12
"5900",5900,"5800, 5899, 5700, 4260, 5999, 6000",6
"5901",5901,"5801, 1877, 5701, 5802, 6101, 6002",6
"5902",5902,"5802, 5702, 5801, 5803, 7126, 6003, 6001, 6002, 5903",9
"5903",5903,"1189, 5654, 5803, 5902, 5703, 5802, 5804, 3382, 28, 6103, 5905, 6002, 6003, 5904",14
"5904",5904,"4068, 5804, 5903, 2065, 3542, 5704, 5803, 2779, 6104, 6005, 5906, 6003, 6004, 5905",14
"5905",5905,"5805, 5904, 1941, 5705, 5806, 5903, 7617, 6105, 6006, 5907, 6004, 6005, 5906",13
"5906",5906,"5905, 5706, 5805, 5807, 5904, 9085, 6106, 6007, 5908, 6005, 6006, 5907",12
"5907",5907,"5807, 5906, 1532, 5707, 5806, 5808, 5905, 319, 6008, 5909, 6007, 5908",12
"5908",5908,"5808, 5907, 5708, 5807, 956, 5906, 6108, 6009, 5910, 6007, 5909",11
"5909",5909,"318, 5809, 5908, 5709, 5808, 1503, 5907, 3807, 9892, 6109, 6008, 6009, 5910",13
"5910",5910,"4052, 5810, 5909, 1068, 5710, 5809, 5811, 5908, 6569, 6110, 6011, 5912, 6009, 6010, 5911",15
"5911",5911,"3906, 5811, 5910, 1972, 5711, 5810, 5812, 9689, 6012, 6010, 6011, 5912",12
"5912",5912,"5812, 5911, 5811, 5813, 5910, 3659, 5914, 6011, 9644, 5913",10
"5913",5913,"3930, 5912, 5713, 5812, 5814, 6113, 6014, 5915, 6690, 6013, 5914",11
"5914",5914,"1053, 1417, 5814, 5913, 5714, 5813, 5815, 5912, 1981, 6114, 5916, 6013, 6014",13
"5915",5915,"5518, 5715, 5816, 5913, 6115, 6016, 5917, 6014, 7135, 6015",10
"5916",5916,"5611, 5716, 5815, 5817, 5914, 2410, 6017, 5918, 6015, 9741, 5917",11
"5917",5917,"1994, 5717, 4755, 5818, 5915, 5916, 6117, 6018, 5919, 6016, 6017, 5918",12
"5918",5918,"5818, 5917, 5718, 5817, 5819, 5916, 6118, 6019, 5920, 6017, 6018, 5919",12
"5919",5919,"5918, 5719, 767, 5820, 5917, 6119, 6020, 5921, 6019, 5920",10
"5920",5920,"3951, 5820, 5919, 5720, 5819, 5821, 5918, 6120, 6021, 5922, 6019, 6020, 5921",13
"5921",5921,"5821, 5920, 5721, 5820, 5822, 5919, 6121, 6022, 5923, 8419, 5922",11
"5922",5922,"5822, 5722, 5821, 5823, 5920, 5921, 6122, 6023, 5924, 6021, 6022, 5923",12
"5923",5923,"1756, 5823, 5922, 5723, 5822, 5824, 5921, 6123, 6024, 5925, 6022, 6023, 5924",13
"5924",5924,"5824, 5923, 5724, 5823, 5825, 5922, 6124, 6025, 5926, 6023, 6024",11
"5925",5925,"5825, 1123, 5725, 5824, 5923, 6125, 6026, 5927, 6024, 6025, 5926",11
"5926",5926,"5826, 5925, 5726, 5825, 5827, 5924, 6126, 5928, 6025, 6026, 5927",11
"5927",5927,"5827, 5926, 3584, 5727, 5826, 5925, 9869, 6127, 6028, 6053, 6027, 5928",12
"5928",5928,"5344, 5828, 5874, 5927, 3343, 5728, 5827, 5829, 5926, 2724, 6473, 6128, 5930, 6027, 6028, 5929",16
"5929",5929,"988, 5829, 5928, 5729, 5828, 5830, 2045, 6129, 6030, 5931, 6028, 6029, 5930",13
"5930",5930,"2940, 5929, 5430, 5730, 5829, 5831, 5928, 6206, 6130, 6031, 5932, 6029, 5931",13
"5931",5931,"5930, 5731, 5830, 5832, 5929, 9315, 6131, 6032, 5933, 6030, 6031, 5932",12
"5932",5932,"5931, 5732, 5831, 5833, 5930, 1382, 8542, 5934, 6132, 6031, 5933",11
"5933",5933,"5833, 5932, 5733, 5832, 5834, 5931, 6133, 6034, 5935, 6032, 6033, 5934",12
"5934",5934,"1019, 5933, 4794, 5932, 9423, 6035, 5936, 6033, 6034, 5935",10
"5935",5935,"3172, 5934, 36, 5735, 5834, 5836, 5933, 6135, 8082, 5937, 6034, 6035, 5936",13
"5936",5936,"5836, 5935, 5736, 5835, 5837, 5934, 5739, 6136, 6037, 5938, 6035, 6036",12
"5937",5937,"5837, 5737, 5836, 5838, 5935, 6137, 6038, 5939, 6036, 6037, 5938",11
"5938",5938,"1088, 5838, 5937, 5509, 5738, 5837, 5839, 5936, 1894, 1195, 6703, 5940, 6037, 9815, 6038, 5939",16
"5939",5939,"5839, 5938, 5739, 5838, 5840, 5937, 6139, 6040, 5941, 6038, 6039, 5940",12
"5940",5940,"4168, 5840, 5939, 5740, 5839, 5841, 5938, 6140, 6041, 5942, 6039, 6040, 5941",13
"5941",5941,"1609, 5940, 1141, 2887, 5741, 5840, 5842, 5939, 6141, 6042, 6040, 7040, 5942",13
"5942",5942,"4615, 5311, 5842, 5941, 5841, 5843, 5940, 6391, 8480, 6043, 5944, 6041, 6042, 5943",14
"5943",5943,"5843, 5942, 5743, 2449, 6143, 6044, 8388, 6042, 6401, 8299, 8198",11
"5944",5944,"4537, 5744, 5843, 5845, 5942, 6919, 6045, 5946, 6043, 8539, 6044, 5945",12
"5945",5945,"5845, 5944, 5745, 5846, 6145, 6046, 5947, 6044, 6045, 5946",10
"5946",5946,"5846, 5945, 2000, 2642, 5746, 4807, 5847, 5944, 4958, 6146, 5948, 6516, 6046",13
"5947",5947,"993, 5847, 5747, 5846, 5848, 5945, 4651, 6147, 6048, 5949, 6046, 6786, 6047",13
"5948",5948,"5848, 5748, 5847, 5849, 5946, 6148, 6049, 5950, 6047, 6048, 5949",11
"5949",5949,"5849, 5948, 5749, 5848, 5850, 5947, 6149, 5951, 6048, 6049, 5950",11
"5950",5950,"5949, 1360, 5849, 3772, 5948, 9398, 7112, 6051, 6062, 6049, 5951",11
"5951",5951,"5851, 5950, 4744, 5751, 5850, 5852, 5949, 6151, 6052, 5953, 6051, 5952",12
"5952",5952,"5951, 710, 5851, 5853, 5953, 7401, 6152, 6053, 5954, 6051",10
"5953",5953,"5853, 5952, 4419, 5753, 5854, 5951, 6153, 6054, 5955, 8596, 6053, 5954",12
"5954",5954,"5854, 5953, 5754, 5853, 5855, 5952, 6154, 6055, 5956, 6053, 6768, 6054, 5955",13
"5955",5955,"5855, 5954, 5755, 5856, 5953, 8682, 6155, 6056, 5957, 6054, 6055, 5956",12
"5956",5956,"2507, 5856, 5955, 3479, 5855, 5857, 5954, 6156, 6057, 6055, 6056, 5957",12
"5957",5957,"5857, 5956, 4812, 5856, 5858, 5955, 3689, 6058, 5958",9
"5958",5958,"5858, 5957, 798, 5758, 5857, 5859, 8196, 7573, 9446, 6059, 6057, 6058, 5959",13
"5959",5959,"5859, 5958, 5759, 5670, 3187, 6159, 5961, 6058, 9848, 5960",10
"5960",5960,"5860, 5959, 5105, 5760, 5861, 2132, 6160, 6061, 5962, 6059, 8621, 6060, 5961",13
"5961",5961,"5095, 5861, 5960, 5761, 5862, 5959, 5860, 8487, 6161, 6062, 6060, 6061, 5962",13
"5962",5962,"5862, 5961, 5762, 5863, 5960, 9942, 7414, 5964, 6061, 7820, 6062",11
"5963",5963,"5863, 2817, 2624, 5763, 5864, 2237, 6163, 6064, 9592, 6062, 8486, 5964",12
"5964",5964,"4816, 5963, 4846, 5764, 5863, 5865, 5962, 6164, 6065, 5966, 6467, 6064, 5965",13
"5965",5965,"5865, 5964, 5765, 5864, 6165, 5967, 6064, 9418, 8226, 6065",10
"5966",5966,"5866, 5865, 5867, 5964, 3690, 6166, 5968, 6065, 6066, 7311",10
"5967",5967,"5867, 1473, 5767, 5866, 5868, 5965, 6167, 7765, 5969, 6067, 8306",11
"5968",5968,"5868, 5768, 5867, 5869, 5966, 4457, 4548, 6067, 7993, 6068, 5969",11
"5969",5969,"5869, 5968, 3372, 5034, 5769, 5868, 5870, 5967, 931, 6169, 6070, 5971, 6069, 5970",14
"5970",5970,"5870, 5969, 5770, 5869, 5871, 4805, 6170, 6071, 5972, 6069, 6070",11
"5971",5971,"4149, 5871, 5870, 5872, 5969, 624, 6072, 5973, 6070, 5972, 8469",11
"5972",5972,"5872, 5971, 5772, 5871, 5873, 5970, 9195, 7889, 6172, 6073, 6071, 6627, 6072, 5973",14
"5973",5973,"5873, 5972, 5872, 5874, 5971, 3290, 7558, 6173, 6074, 5975, 6072, 6073",12
"5974",5974,"3093, 5774, 5875, 3202, 6174, 7214, 5976, 6073, 6074, 5975",10
"5975",5975,"5875, 5974, 610, 5775, 5874, 5876, 5973, 6175, 6076, 5977, 6074, 6075, 5976",13
"5976",5976,"5876, 5975, 5776, 5877, 5974, 6176, 6077, 5978, 6075, 6704, 6076, 5977",12
"5977",5977,"5877, 5976, 5777, 5876, 5878, 5975, 6177, 6078, 5979, 6076, 6077, 5978",12
"5978",5978,"5878, 5977, 4948, 5778, 5877, 5879, 5976, 6178, 6079, 5980, 6077, 6078, 5979",13
"5979",5979,"5879, 5978, 5779, 5878, 1813, 5977, 6179, 6080, 5981, 6078, 6079, 5980",12
"5980",5980,"5880, 5979, 5780, 5879, 5978, 6180, 6081, 5982, 6079, 6080, 5981",11
"5981",5981,"5881, 5980, 5880, 5882, 5979, 8985, 9025, 6181, 5983, 6080, 6081, 5982",12
"5982",5982,"5882, 5981, 5881, 5883, 5980, 5743, 6081, 6082, 5983",9
"5983",5983,"576, 5498, 5883, 5982, 5710, 5783, 5882, 5884, 5981, 8823, 7835, 6183, 6084, 5985, 6082, 9812",16
"5984",5984,"5884, 3543, 5705, 5784, 5883, 5885, 5273, 6184, 6085, 5986, 6083, 6084, 7429",13
"5985",5985,"5885, 259, 5785, 5884, 5886, 5983, 9342, 6185, 6086, 5987, 6084, 5986",12
"5986",5986,"5886, 5786, 5885, 5887, 5984, 5985, 6186, 6087, 5988, 6085, 6086, 5987",12
"5987",5987,"5887, 5986, 5787, 5886, 5888, 5985, 6187, 6088, 8742, 6086, 6087, 5988",12
"5988",5988,"5888, 5987, 1424, 5788, 5887, 5889, 5986, 1358, 6188, 6089, 5990, 6388, 6088, 5989",14
"5989",5989,"5889, 5988, 5208, 5848, 5789, 5888, 5890, 6189, 6090, 5991, 6088, 6089, 5990",13
"5990",5990,"5890, 5989, 5790, 5889, 5891, 5988, 6190, 6091, 5992, 6089, 6090, 5991",12
"5991",5991,"5891, 5990, 5791, 5890, 5892, 5989, 4016, 6092, 5993, 6090, 5992",11
"5992",5992,"2391, 2767, 5792, 5836, 5891, 5893, 5990, 5991, 6192, 6093, 5994, 6091, 6092",13
"5993",5993,"5893, 1150, 3038, 5793, 5892, 5894, 5991, 6643, 6193, 6094, 5995, 6092, 6093, 5994",14
"5994",5994,"5894, 5993, 3477, 39, 5893, 5895, 5992, 6194, 6095, 5996, 6093, 6094",12
"5995",5995,"5895, 4010, 5795, 5894, 5896, 5993, 6195, 5997, 6094, 6095, 5996, 8253",12
"5996",5996,"5896, 5995, 3252, 5895, 5897, 5994, 2111, 9836, 6196, 6097, 6095, 6096",12
"5997",5997,"1929, 5797, 5896, 5898, 5995, 6197, 6098, 5999, 6096, 5998",10
"5998",5998,"5898, 5798, 5897, 5899, 5997, 8991, 6198, 6099, 6000, 6098, 5999",11
"5999",5999,"2583, 5899, 5998, 1466, 5799, 5898, 5900, 5997, 6384, 6199, 6100, 6098, 6099, 6000",14
"6000",6000,"5900, 5999, 5800, 5899, 5998, 6200, 6099, 6100",8
"6001",6001,"4072, 5801, 5902, 4904, 6201, 6102, 6003, 6101",8
"6002",6002,"873, 5902, 5802, 5901, 5903, 8212, 6202, 6103, 6004, 6101, 6003",11
"6003",6003,"5903, 6002, 2732, 2157, 5902, 5904, 6001, 905, 6203, 6102, 6103, 6004",12
"6004",6004,"5904, 6003, 5513, 5804, 5905, 6002, 421, 3876, 6204, 9517, 8157, 6104",12
"6005",6005,"5905, 5805, 5904, 5906, 8859, 6205, 6106, 6007, 6104, 6105, 6006",11
"6006",6006,"5906, 6005, 5806, 5905, 3553, 6206, 6107, 6008, 6105, 6007",10
"6007",6007,"279, 5907, 6006, 1591, 5807, 5906, 5908, 6005, 6207, 6108, 6009, 6106, 6107, 6008",14
"6008",6008,"4182, 6007, 1141, 5909, 6006, 5907, 6208, 6109, 6010, 6107, 9594, 6009",12
"6009",6009,"1401, 5909, 6008, 5809, 5908, 5910, 6007, 6209, 6110, 6011, 6108, 6109, 6010",13
"6010",6010,"5910, 6009, 5810, 5911, 6008, 6210, 6111, 6012, 6109, 8215, 6110, 8716",12
"6011",6011,"5911, 5811, 5910, 5912, 6009, 1859, 4420, 6211, 6111, 6012",10
"6012",6012,"6011, 5812, 5911, 6010, 9287, 6212, 6113, 6014, 6117, 6112, 6013",11
"6013",6013,"5913, 6012, 5813, 5914, 6213, 6015, 6112, 6113, 6014",9
"6014",6014,"5914, 6013, 5913, 5915, 6012, 6214, 6115, 6016, 6113, 6114, 6015",11
"6015",6015,"5915, 6014, 2103, 5815, 5916, 6013, 6016, 6215, 6116, 6017, 6114",11
"6016",6016,"4592, 6015, 5816, 5915, 5917, 6014, 8624, 6216, 6117, 6018, 6115, 6116, 6017",13
"6017",6017,"5917, 6016, 2307, 5817, 5916, 5918, 6015, 3758, 5465, 6217, 6539, 6116, 6117",13
"6018",6018,"5918, 5818, 5917, 5576, 6016, 7397, 6218, 6119, 6020, 6117, 6019",11
"6019",6019,"5919, 6018, 5819, 5918, 5920, 4096, 6219, 6120, 6021, 6118, 6020",11
"6020",6020,"5920, 6019, 5820, 5919, 6018, 9731, 6470, 6220, 7003, 6022, 6119, 6120, 6021",13
"6021",6021,"6020, 5821, 5920, 5922, 6019, 6812, 6122, 6120, 6121, 6022",10
"6022",6022,"5922, 6021, 5822, 5921, 5923, 6020, 6222, 6123, 6024, 6121, 6267, 6023",12
"6023",6023,"5923, 6022, 5823, 5922, 5924, 6223, 8998, 6025, 6122, 7407, 8045, 6123, 6024",13
"6024",6024,"1269, 5924, 6023, 5824, 5923, 5925, 6022, 6224, 6125, 6026, 6123, 6124, 6025",13
"6025",6025,"5925, 6024, 5825, 5924, 5926, 6023, 6126, 9096, 6125, 6026",10
"6026",6026,"5926, 6025, 5826, 5925, 6024, 6440, 6226, 7231, 6028, 6125, 8478, 6126, 6027",13
"6027",6027,"5927, 6026, 4131, 1499, 5928, 5733, 6227, 6128, 6029, 6126, 9573, 6127, 6028",13
"6028",6028,"1494, 1431, 5928, 6027, 1965, 5828, 5927, 5929, 6026, 6228, 6129, 6030, 8056, 6128, 6029",15
"6029",6029,"5929, 6028, 5829, 5930, 6027, 3122, 6031, 6128, 6129, 6030",10
"6030",6030,"3383, 6029, 5830, 5929, 5931, 6028, 6230, 6131, 6032, 6129, 6130",11
"6031",6031,"5931, 3816, 2507, 5930, 5932, 6029, 6132, 6033, 6130, 6131, 6032, 9851",12
"6032",6032,"6031, 314, 5832, 5931, 5933, 6030, 3702, 7154, 6133, 6034, 6131, 6132, 6033",13
"6033",6033,"5933, 6032, 5833, 5934, 6031, 6233, 6134, 6035, 6132, 6034",10
"6034",6034,"5934, 2517, 5834, 5933, 5935, 6032, 6033, 6234, 6135, 6036, 6133, 6035",12
"6035",6035,"5935, 6034, 5835, 5934, 5936, 6033, 6235, 6873, 6037, 6134, 6135",11
"6036",6036,"5936, 3266, 5937, 6034, 3580, 9307, 6236, 6038, 6135, 6136",10
"6037",6037,"5937, 5837, 5936, 5938, 6035, 7821, 6237, 6138, 6039, 6136, 6523, 6038",12
"6038",6038,"5938, 6037, 746, 5838, 5937, 5939, 6036, 6238, 6139, 6040, 6137, 6138, 6039",13
"6039",6039,"2829, 5939, 6038, 5839, 5940, 6037, 6239, 6140, 6138, 6139, 6040",11
"6040",6040,"5940, 6039, 5939, 5941, 6038, 9492, 6240, 6141, 6042, 6139, 6140, 6041",12
"6041",6041,"4363, 2253, 6040, 5841, 5940, 5942, 5320, 6241, 8825, 6043, 6140, 6141, 6042",13
"6042",6042,"2812, 5942, 6041, 5842, 5941, 5943, 6040, 3565, 8949, 6242, 6143, 6044, 6142, 6043",14
"6043",6043,"6042, 596, 4525, 5942, 5944, 6041, 7415, 6243, 6144, 6045, 6143, 6044",12
"6044",6044,"5944, 6043, 5844, 5943, 5945, 6042, 6244, 6145, 6046, 6143, 6144, 6045",12
"6045",6045,"5945, 6044, 5845, 5944, 6043, 86, 2977, 6073, 9557, 6245, 6146, 6047, 6144, 6046",14
"6046",6046,"5946, 6045, 5846, 5945, 5947, 6044, 6246, 6147, 6048, 6146, 6047",11
"6047",6047,"5947, 6046, 5847, 5190, 5948, 6045, 6247, 6148, 6049, 6146, 6147, 6048",12
"6048",6048,"1021, 5948, 6047, 3588, 5848, 5947, 5949, 6046, 6248, 6050, 6147, 6148, 6049",13
"6049",6049,"5949, 6048, 5849, 5948, 5950, 6047, 7751, 7135, 6150, 6051, 6149, 6050",12
"6050",6050,"6049, 413, 357, 2794, 5846, 6048, 6250, 6151, 6052, 6149, 6150, 6051",12
"6051",6051,"5951, 6050, 5851, 5950, 5952, 6049, 8694, 6251, 6152, 6053, 6150, 6151, 6052",13
"6052",6052,"6051, 1025, 5852, 5951, 663, 6050, 4724, 6252, 6153, 6054, 6151, 6152",12
"6053",6053,"5953, 3648, 4706, 5853, 5927, 5952, 5954, 6051, 6253, 6154, 6055, 6152, 8499, 6153, 6054",15
"6054",6054,"346, 5954, 6053, 1265, 5854, 5953, 5955, 6052, 6254, 6155, 6153, 6154, 6055",13
"6055",6055,"5955, 6054, 993, 2934, 5855, 5954, 6053, 5956, 6255, 6156, 6057, 6154, 6155, 6056",14
"6056",6056,"5956, 6055, 3388, 1255, 5955, 1876, 1244, 6256, 6157, 6058, 6155, 8468, 7790, 6057",14
"6057",6057,"4218, 6056, 190, 5956, 5958, 6055, 6257, 6341, 6059, 6156, 6157, 6058",12
"6058",6058,"1082, 5958, 6057, 5858, 5957, 5959, 6056, 6258, 6159, 6060, 6158, 6059",12
"6059",6059,"6058, 5859, 5958, 5960, 6057, 8970, 6259, 6160, 6061, 6159, 6060",11
"6060",6060,"263, 5960, 6059, 5961, 6058, 9734, 6260, 6161, 6062, 6159, 6160, 6061",12
"6061",6061,"2099, 5961, 6060, 5640, 5861, 5960, 5962, 6059, 8380, 6162, 6063, 6160, 6161, 6062",14
"6062",6062,"5962, 6061, 5862, 5950, 5961, 5963, 6060, 6262, 9831, 6161, 9189, 6078, 6063",13
"6063",6063,"993, 6062, 5863, 2527, 6061, 6263, 6164, 6065, 6162, 6064",10
"6064",6064,"5964, 6063, 3462, 5864, 5963, 5965, 2003, 9771, 6740, 6264, 6165, 6066, 6163, 6065",14
"6065",6065,"5965, 6064, 1261, 5865, 5964, 5966, 6063, 944, 6166, 6067, 6164, 6165, 6066",13
"6066",6066,"5966, 6065, 2233, 5866, 6064, 9923, 9352, 6266, 6167, 6068, 6165, 9508, 6166, 6067",14
"6067",6067,"5967, 6066, 5867, 5968, 6065, 8611, 6854, 6267, 6168, 6069, 6166, 8290, 6167",13
"6068",6068,"5968, 1419, 5868, 6066, 6268, 6169, 6070, 6167, 6168, 6069",10
"6069",6069,"5969, 6068, 3175, 5869, 5970, 6067, 1051, 3208, 6269, 6170, 6071, 9023, 6169",13
"6070",6070,"5970, 5870, 5969, 5971, 6068, 2543, 6171, 6072, 6170, 6071",10
"6071",6071,"4849, 6070, 5871, 5970, 5972, 6069, 1960, 6172, 6073, 6170, 6171, 7966",12
"6072",6072,"5972, 5872, 5971, 5973, 6070, 6272, 6173, 6074, 6171, 6172, 6073",11
"6073",6073,"5973, 6072, 5873, 6045, 5972, 5974, 6071, 6273, 6174, 6075, 6172, 9093, 6173, 6074",14
"6074",6074,"5974, 6073, 5874, 5973, 5975, 6072, 6274, 6175, 6076, 6173, 6174",11
"6075",6075,"5975, 2630, 5976, 6073, 8887, 6176, 6077, 6174, 9977, 8344, 6175, 6076, 9810",13
"6076",6076,"2585, 5976, 6075, 5876, 5975, 5977, 6074, 6276, 6177, 6078, 6175, 6176, 6077",13
"6077",6077,"5977, 6076, 5877, 5976, 5978, 6075, 6277, 6178, 6079, 6176, 6177",11
"6078",6078,"2615, 5978, 6062, 1674, 5878, 5977, 5979, 6076, 6278, 6179, 6080, 6177, 6489",13
"6079",6079,"5979, 5978, 5980, 6077, 3965, 3156, 8147, 6279, 7128, 6178, 6179",11
"6080",6080,"1569, 5980, 5880, 5979, 5981, 6078, 2429, 2237, 6280, 6181, 6179, 6180, 6081",13
"6081",6081,"5981, 6080, 5881, 5980, 5982, 6281, 6182, 6083, 6180, 9195, 6181, 6082",12
"6082",6082,"5982, 6081, 5882, 3719, 5983, 3368, 4312, 6282, 6084, 6181, 8024, 6182",12
"6083",6083,"2582, 929, 5984, 6081, 6283, 6184, 6085, 6182, 6084",9
"6084",6084,"5984, 6083, 5884, 5983, 5985, 6082, 3332, 6284, 6185, 6086, 6183, 6184",12
"6085",6085,"5885, 5984, 5986, 6083, 2797, 5821, 6243, 6087, 6185, 6086",10
"6086",6086,"5986, 6085, 1523, 5985, 5987, 6084, 5888, 8055, 6286, 6187, 6185, 6186, 6087",13
"6087",6087,"5987, 6086, 742, 5986, 6085, 6287, 6188, 6089, 7568, 6187, 6088",11
"6088",6088,"5988, 6087, 5888, 5987, 5989, 9680, 6288, 6189, 6090, 6187, 6188, 6089",12
"6089",6089,"5989, 6088, 5889, 5988, 5990, 6087, 7193, 6289, 6190, 6091, 6188, 6189, 6090",13
"6090",6090,"5990, 6089, 2417, 2869, 5989, 5991, 6088, 6290, 6191, 6092, 6189, 6190, 6091",13
"6091",6091,"6090, 5891, 5990, 5992, 6089, 6237, 6291, 6192, 6093, 6190, 6191, 6092",12
"6092",6092,"5992, 6091, 5892, 5993, 6090, 5991, 183, 6292, 6193, 6094, 6191, 7814, 6192",13
"6093",6093,"5993, 5893, 5992, 5994, 6091, 6192, 6293, 6194, 6193, 6094",10
"6094",6094,"5994, 6093, 407, 5894, 5993, 5995, 6092, 6294, 8983, 6193, 6194, 6095",12
"6095",6095,"5995, 6094, 5895, 5994, 5996, 7773, 6196, 6097, 6194, 6195, 6096",11
"6096",6096,"5996, 6095, 181, 3030, 5896, 3343, 5997, 6296, 6197, 6196, 6097",11
"6097",6097,"2079, 6096, 5897, 5996, 5096, 6095, 1768, 7117, 7677, 6196, 7319, 6098",12
"6098",6098,"5998, 6097, 5898, 5997, 5999, 5246, 6298, 6199, 6100, 6197, 7945, 6099",12
"6099",6099,"5999, 6098, 5899, 5998, 6000, 5334, 6299, 6200, 6198, 6100",10
"6100",6100,"6000, 6099, 5999, 6098, 2600, 9663, 6300, 6199, 6200",9
"6101",6101,"6001, 5901, 6002, 6733, 6301, 6202, 6103, 6631, 6102",9
"6102",6102,"1291, 6101, 5543, 6001, 6003, 6302, 6203, 6104, 6201, 6202, 6103",11
"6103",6103,"6003, 6102, 5903, 6002, 6101, 2800, 6303, 6204, 6105, 6202, 6203",11
"6104",6104,"1396, 6004, 4074, 5904, 6005, 6102, 2827, 6304, 6205, 6106, 6203, 6718, 6204",13
"6105",6105,"6005, 5905, 6006, 6103, 362, 6305, 6206, 6107, 6204, 6205",10
"6106",6106,"5906, 6005, 6007, 6104, 8160, 6306, 6207, 6108, 6205, 6107",10
"6107",6107,"2362, 6007, 5199, 6006, 6008, 6105, 4404, 6106, 6995, 6307, 6208, 6109, 6108",13
"6108",6108,"6107, 5908, 6007, 6009, 6106, 7277, 6308, 6209, 6110, 9170, 6208, 6109",12
"6109",6109,"6009, 6108, 5909, 6008, 6010, 6107, 6309, 6210, 6111, 6208, 6209, 6110",12
"6110",6110,"6010, 6109, 5910, 6009, 6108, 2294, 6310, 6211, 6112, 6210, 6111",11
"6111",6111,"6011, 6110, 770, 3955, 4636, 6010, 6109, 9483, 8584, 6311, 6212, 6113, 6210, 6342, 6211, 6112",16
"6112",6112,"6012, 6111, 588, 1265, 6013, 6110, 6312, 6213, 6114, 6211, 6212, 6113",12
"6113",6113,"6013, 6112, 1836, 5913, 6012, 6014, 6111, 6313, 6214, 6212, 6213",11
"6114",6114,"4938, 6014, 5914, 2829, 6015, 6112, 3682, 6314, 6213, 6214, 6115",11
"6115",6115,"3749, 6114, 2880, 5915, 6014, 6016, 2596, 6315, 6117, 6214, 6958, 6215, 6116",13
"6116",6116,"2618, 6016, 6115, 2062, 6015, 6017, 1600, 6192, 6316, 6217, 6118, 6942",12
"6117",6117,"6017, 4300, 5917, 6016, 6018, 6115, 6012, 7085, 6218, 6119, 6216, 9356, 6217",13
"6118",6118,"513, 5918, 6019, 6116, 6318, 6219, 8913, 6217, 6218, 9115",10
"6119",6119,"288, 5919, 6018, 6020, 6117, 6319, 6220, 6121, 6218, 6219, 6120",11
"6120",6120,"6020, 6119, 5920, 6019, 6021, 5071, 9480, 6221, 6122, 6219",10
"6121",6121,"4048, 6021, 2915, 5921, 6022, 6119, 9467, 6321, 6222, 6123, 6220, 8605, 6221, 6122",14
"6122",6122,"54, 6121, 1675, 1814, 2489, 5922, 6021, 6023, 6120, 6322, 6223, 6124, 6221, 6123",14
"6123",6123,"6023, 5923, 6022, 6024, 6121, 6122, 6323, 6224, 6125, 6222, 6223, 6124",12
"6124",6124,"6024, 6123, 5924, 6122, 6695, 6324, 6225, 6126, 6224, 6125",10
"6125",6125,"2474, 6025, 6124, 505, 5561, 5925, 6024, 6026, 6123, 7070, 6325, 6226, 6224, 6225, 6126",15
"6126",6126,"6026, 6125, 3583, 5926, 6025, 6027, 6124, 8528, 6326, 6227, 6128, 6225, 6226",13
"6127",6127,"6027, 5927, 8171, 6228, 6129, 6226, 8786, 6227, 6128, 7325",10
"6128",6128,"6028, 6127, 5928, 6027, 6029, 6126, 6328, 6130, 6227, 9052, 6129",11
"6129",6129,"6029, 6128, 5929, 6028, 6030, 6127, 6349, 6329, 6230, 6131, 6229, 6130",12
"6130",6130,"6030, 6129, 90, 5780, 5930, 6031, 6128, 8266, 6833, 6132, 6229, 6230, 6131",13
"6131",6131,"498, 813, 6031, 6130, 5931, 6030, 6032, 6129, 8592, 6331, 6232, 6230, 9264, 7574, 6231, 6132",16
"6132",6132,"5186, 5602, 6032, 6131, 2538, 5932, 6031, 6033, 6130, 6332, 6233, 6134, 8340, 6232, 6133",15
"6133",6133,"6132, 5933, 6032, 6034, 1994, 1384, 9578, 7041, 6333, 6135, 6232, 7377, 6134",13
"6134",6134,"6133, 2905, 6033, 6035, 6132, 5843, 7148, 6235, 6233, 6234, 6135",11
"6135",6135,"6035, 6134, 5935, 6034, 6036, 6133, 6236, 7153, 6137, 6234, 6235, 6136",12
"6136",6136,"5354, 6036, 6135, 5936, 6037, 7054, 6336, 6237, 6138, 6235, 6236, 6137",12
"6137",6137,"6136, 5937, 2774, 6038, 6135, 6337, 6139, 6236, 6237, 6138",10
"6138",6138,"6038, 6137, 800, 6037, 6039, 6136, 6338, 6239, 6140, 6139",10
"6139",6139,"5082, 6039, 4567, 5332, 5939, 6038, 6040, 6137, 6138, 6339, 6240, 6141, 6238, 6239, 6140",15
"6140",6140,"1410, 6040, 6139, 5940, 6039, 6041, 6138, 4784, 6340, 6241, 6142, 6239, 7117",13
"6141",6141,"6041, 5941, 6040, 6139, 6239, 6341, 6242, 6143, 6240, 6241, 6142",11
"6142",6142,"6042, 6141, 2991, 6140, 6144, 6241, 6242, 6143",8
"6143",6143,"6043, 6142, 355, 5943, 6042, 6044, 6141, 6343, 6145, 6243, 6144",11
"6144",6144,"6044, 6143, 2287, 6043, 6045, 6142, 6344, 6245, 6146, 6266, 8424, 6145",12
"6145",6145,"6144, 1005, 5945, 6044, 631, 6143, 6345, 6246, 6147, 6244, 6245, 6146",12
"6146",6146,"6046, 6145, 5946, 6045, 6047, 6144, 9276, 6346, 6247, 6148, 6245, 6147",12
"6147",6147,"2913, 6047, 6146, 5947, 6046, 6048, 6145, 5087, 6347, 6149, 6246, 6247, 6148",13
"6148",6148,"6048, 6147, 4671, 5948, 6047, 6146, 8320, 6348, 6249, 6150, 6247, 6248, 6149",13
"6149",6149,"6049, 6148, 5949, 4466, 6050, 6147, 5894, 6349, 6250, 6248, 6249",11
"6150",6150,"6050, 6049, 6051, 6148, 6350, 6251, 6152, 6249, 6250, 6151",10
"6151",6151,"1296, 2655, 6051, 6150, 1212, 5951, 6050, 6052, 7180, 6351, 6252, 6989, 6250, 8987, 6251",15
"6152",6152,"4027, 6052, 4877, 5952, 6051, 6053, 6150, 6352, 6253, 6154, 6611, 6252, 6153",13
"6153",6153,"6053, 6152, 5953, 6052, 6054, 6353, 6254, 6155, 6252, 6253, 6154",11
"6154",6154,"6054, 6153, 5954, 6053, 6055, 6152, 6354, 6156, 6253",9
"6155",6155,"6055, 5955, 6054, 6056, 6153, 4765, 6355, 6256, 6157, 6254, 6255, 6156",12
"6156",6156,"6155, 5956, 6055, 6057, 6154, 6356, 6257, 6158, 6255, 8500, 6256, 6157",12
"6157",6157,"5127, 6057, 6156, 1888, 5180, 4751, 6056, 5809, 6155, 6814, 7529, 6357, 6258, 6159, 6256, 6257, 6158",17
"6158",6158,"6058, 6157, 1681, 6156, 6358, 6259, 6160, 6257, 6258, 7543",10
"6159",6159,"6059, 3071, 4152, 5959, 6058, 6060, 6157, 7914, 6359, 6260, 6161, 6258, 6259, 6160",14
"6160",6160,"6060, 6159, 5960, 6059, 6061, 6158, 6360, 6261, 6162, 6259, 6260, 6161",12
"6161",6161,"2439, 6061, 6160, 5961, 6060, 6062, 6159, 6361, 6262, 6163, 8691, 6162",12
"6162",6162,"1228, 4353, 6061, 6063, 6160, 6161, 6164, 9455, 6362, 6261, 6163",11
"6163",6163,"539, 3255, 1181, 6162, 5963, 1894, 6064, 6161, 7699, 6363, 6264, 6165, 6262, 6263, 6164",15
"6164",6164,"6163, 5146, 5402, 5964, 6063, 6065, 6162, 5335, 6364, 6263, 6264, 6165",12
"6165",6165,"6065, 6164, 5965, 6064, 6066, 6163, 6266, 6265, 6166",9
"6166",6166,"2592, 4381, 6066, 6165, 5305, 5542, 5966, 6065, 6067, 4620, 6366, 6267, 6265, 6266, 6167",15
"6167",6167,"6067, 6166, 5967, 6066, 6068, 2912, 3811, 6367, 6268, 6169, 6266, 8447, 6493, 6168",14
"6168",6168,"366, 5675, 6068, 6167, 3341, 6067, 6368, 6269, 6170, 6267, 6268, 7474",12
"6169",6169,"6069, 4371, 5969, 6068, 2805, 6167, 9209, 6270, 6171, 6268, 6269, 6170",12
"6170",6170,"6070, 6169, 4454, 5970, 6069, 6071, 6168, 411, 6271, 6269, 6270, 6171",12
"6171",6171,"620, 6071, 6170, 6070, 6072, 6169, 1483, 6371, 6173, 6270, 6271, 6172",12
"6172",6172,"6072, 6171, 1103, 5972, 6071, 6073, 923, 8096, 6300, 6372, 6174, 6271, 6272, 6173",14
"6173",6173,"6073, 6172, 1860, 5973, 6072, 6074, 6171, 8408, 8270, 9134, 6274, 6175, 6272, 6273, 6174",15
"6174",6174,"6074, 6173, 5531, 5974, 6073, 6075, 6172, 6374, 6275, 6176, 6273, 6274, 6175",13
"6175",6175,"5822, 6075, 6174, 5975, 6074, 6076, 6173, 421, 9246, 6975, 6375, 9513, 6275, 6176",14
"6176",6176,"6076, 6175, 235, 1981, 5976, 6075, 6077, 6174, 1383, 6376, 6277, 6275, 9753, 6177",14
"6177",6177,"6077, 6176, 4988, 5977, 6076, 6078, 2980, 6377, 9388, 6179, 6276, 6277, 6178",13
"6178",6178,"6177, 5978, 6077, 6079, 6378, 6279, 6180, 6277, 6278, 6179",10
"6179",6179,"3731, 6079, 6178, 3966, 5979, 6078, 6080, 6177, 6379, 6280, 6181, 6278, 6279, 6180",14
"6180",6180,"2865, 6080, 6179, 716, 5980, 6081, 6178, 7835, 6380, 6281, 9207, 6279, 7331, 6280, 9086",15
"6181",6181,"4815, 6081, 3544, 5692, 5981, 6080, 6082, 6179, 996, 6381, 6282, 6183, 6281",13
"6182",6182,"5522, 6082, 1560, 6081, 6083, 686, 646, 6382, 6283, 6184, 6183, 8318",12
"6183",6183,"1242, 6182, 5983, 6084, 6181, 6383, 6284, 6185, 6282, 6283, 6184",11
"6184",6184,"2590, 6084, 6183, 5984, 6083, 6182, 6285, 6186, 6283, 6284, 6185",11
"6185",6185,"6085, 6184, 5985, 6084, 6086, 6183, 6385, 6286, 6187, 7224, 8327, 6285, 6186",13
"6186",6186,"4492, 6086, 6185, 5986, 6184, 6386, 6287, 6188, 6285, 6488, 6286, 6187",12
"6187",6187,"2675, 6087, 6186, 5987, 6086, 6088, 6185, 6387, 6288, 7678, 6286, 6287, 6188",13
"6188",6188,"6088, 6187, 4019, 5988, 6087, 6089, 6186, 6289, 6190, 6287, 6288, 6189",12
"6189",6189,"6089, 6188, 5989, 6088, 6090, 6389, 6290, 8949, 6289, 6190",10
"6190",6190,"6090, 6189, 5990, 6089, 6091, 6188, 9535, 6291, 6192, 6289, 6290, 6191",12
"6191",6191,"1080, 2696, 6091, 6190, 6090, 6092, 3112, 9656, 8422, 6391, 6292, 6290, 6291, 6192",14
"6192",6192,"6092, 6191, 6116, 5581, 5992, 6091, 6093, 6190, 7522, 7004, 6392, 6293, 6194, 6291, 6193",15
"6193",6193,"6093, 6192, 5993, 6092, 6094, 3770, 6393, 6294, 6195, 6194",10
"6194",6194,"6094, 4098, 5994, 6093, 6095, 6192, 6193, 6394, 8494, 6196, 6293, 6294, 6195",13
"6195",6195,"6095, 6194, 168, 192, 5995, 5392, 6193, 6395, 6296, 6294, 8368, 6295",12
"6196",6196,"6096, 5996, 6095, 6097, 6194, 6396, 6297, 6198, 7445, 6296, 6197, 6661",12
"6197",6197,"3843, 5681, 6196, 5997, 6096, 6098, 6397, 6298, 7877, 6297, 6198",11
"6198",6198,"5760, 6197, 4744, 5998, 6099, 6196, 6398, 6299, 6200, 6297, 6298, 6199",12
"6199",6199,"2909, 6198, 5999, 6098, 6100, 6399, 6300, 6298, 7117, 6299, 6200",11
"6200",6200,"6100, 6199, 4591, 6000, 6099, 6198, 6400, 6299, 6300",9
"6201",6201,"6001, 6102, 6401, 6302, 6203, 6301, 6202",7
"6202",6202,"6102, 6201, 3407, 4244, 6002, 6101, 6103, 754, 6402, 6303, 6204, 6301, 9012, 6203",14
"6203",6203,"6103, 6202, 6003, 6102, 6104, 6201, 3738, 6231, 6205, 8310, 6403, 6303, 6204",13
"6204",6204,"6104, 6203, 4241, 6004, 6103, 6105, 6202, 6404, 6305, 6206, 6303, 6304, 6205",13
"6205",6205,"5817, 6105, 6204, 6005, 6104, 6106, 6203, 6405, 6306, 6207, 6304, 9047, 6206",13
"6206",6206,"1821, 5930, 6205, 6006, 6105, 5869, 6204, 8508, 6406, 6307, 6208, 6305, 6306, 6207",14
"6207",6207,"6206, 6007, 6106, 6205, 3965, 6407, 6308, 6209, 6306, 6490",10
"6208",6208,"6108, 6008, 6107, 6109, 6206, 6408, 6309, 6210, 6307, 6308, 6209",11
"6209",6209,"6109, 6208, 6009, 6108, 6207, 7379, 6409, 6310, 6211, 6308, 6309, 6210",12
"6210",6210,"3420, 6110, 6209, 6010, 6109, 6111, 6208, 6410, 6311, 8452, 6317, 6211",12
"6211",6211,"6111, 6011, 6110, 6112, 6209, 5087, 5340, 6210, 6411, 6213, 6310, 6212",12
"6212",6212,"6112, 6211, 6012, 6111, 6113, 6412, 6313, 6214, 6311, 6983, 6312, 6213",12
"6213",6213,"6113, 6212, 6013, 6112, 6114, 6211, 1854, 6413, 6314, 6215, 6214",11
"6214",6214,"6114, 6213, 1697, 3557, 2590, 6014, 6113, 6115, 6212, 6414, 6315, 6216, 6314, 6215",14
"6215",6215,"6115, 6214, 2072, 6015, 5595, 6213, 6316, 6217, 6314, 9370, 6315, 6216",12
"6216",6216,"5336, 6215, 6016, 6117, 6214, 6416, 6317, 6218, 6315, 6316, 6217",11
"6217",6217,"554, 6117, 6216, 6017, 6116, 6118, 6215, 4502, 6417, 6318, 6316, 6317, 6218",13
"6218",6218,"6118, 6217, 6018, 6117, 6119, 6216, 6418, 6319, 6317, 6318, 6219",11
"6219",6219,"6119, 6218, 6019, 6118, 6120, 6419, 6320, 6221, 6318, 6220",10
"6220",6220,"6020, 6119, 6121, 6219, 6420, 6321, 6222, 6319, 9365, 6320, 6221",11
"6221",6221,"1987, 6121, 6220, 3446, 6120, 6122, 6219, 6421, 6322, 6223, 6320, 6321, 6222",13
"6222",6222,"4496, 6221, 6022, 6121, 6123, 6220, 9407, 6422, 6323, 6224, 6321, 6322, 6223",13
"6223",6223,"6123, 6222, 5335, 6023, 6122, 3085, 6221, 6423, 6324, 6225, 6322, 6323, 6224",13
"6224",6224,"6124, 6223, 6024, 6123, 6125, 6222, 6615, 6325, 6226, 6323, 6324, 6225",12
"6225",6225,"6125, 6224, 2456, 6124, 6126, 6223, 3452, 6425, 6227, 6324, 6325, 6226",12
"6226",6226,"5715, 6126, 6225, 6026, 6125, 6127, 6224, 6426, 6327, 6325, 6326, 6227",12
"6227",6227,"6127, 6226, 6027, 6126, 6128, 6225, 6328, 6229, 6327, 6228",10
"6228",6228,"6227, 4835, 6028, 790, 4723, 6127, 8074, 6428, 6329, 6327, 8156, 6229",12
"6229",6229,"541, 6129, 6228, 4317, 6130, 6227, 6330, 6231, 6328, 7603, 6230",11
"6230",6230,"6130, 6229, 460, 6030, 6129, 6131, 1274, 7814, 6430, 6232, 6329, 6330, 6231",13
"6231",6231,"6131, 6230, 4843, 1330, 6203, 6229, 6431, 6233, 6330, 6331, 6232",11
"6232",6232,"6132, 6231, 4081, 6131, 6133, 6230, 1334, 6432, 6333, 6234, 6332, 6233",12
"6233",6233,"6232, 6033, 6132, 6134, 2019, 4136, 6231, 8212, 6433, 6334, 6332, 6333, 6234",13
"6234",6234,"6134, 6233, 6034, 6135, 6232, 6434, 6335, 6236, 6333, 6334, 6235",11
"6235",6235,"6135, 6234, 6035, 6136, 6134, 6435, 6336, 6237, 6335, 6236",10
"6236",6236,"6136, 6235, 6036, 6135, 6137, 6234, 6436, 6238, 6335, 7324, 6336, 6237",12
"6237",6237,"6091, 6137, 6236, 5081, 6037, 6136, 6235, 6590, 6437, 6338, 6239, 6336, 6238",13
"6238",6238,"6237, 5665, 6038, 3838, 6139, 6236, 7789, 6785, 6438, 6339, 6240, 6337, 6338, 6239",14
"6239",6239,"2620, 6139, 6238, 6039, 6138, 6140, 6237, 6141, 7876, 6340, 6338, 6339, 6240",13
"6240",6240,"6239, 6040, 6139, 6141, 6238, 1550, 4976, 9220, 6440, 6341, 6340, 6241",12
"6241",6241,"2515, 6141, 6240, 2703, 6041, 6140, 6142, 1054, 6342, 6243, 6340",11
"6242",6242,"6142, 6042, 6141, 2710, 6997, 6442, 6343, 6244, 6341, 6243",10
"6243",6243,"6085, 6143, 6242, 6043, 5563, 6241, 8006, 6443, 6245, 6342, 7829, 6343, 6244",13
"6244",6244,"6243, 6044, 1923, 6145, 6242, 4600, 6444, 6246, 6343, 6344",10
"6245",6245,"6145, 6045, 6144, 6146, 6243, 5171, 8229, 6445, 6346, 6344, 6345",11
"6246",6246,"3629, 6046, 6145, 6147, 6244, 7828, 6446, 6347, 6248, 6345, 6346, 6247",12
"6247",6247,"3806, 6147, 6246, 6047, 6146, 6148, 6447, 6348, 6249, 6346, 6937, 6347, 6248",13
"6248",6248,"6148, 6247, 6048, 6149, 6246, 9021, 7999, 6448, 6250, 6347, 6348, 6249",12
"6249",6249,"6149, 6248, 6148, 6150, 6247, 1584, 2573, 6449, 6350, 6251, 6349",11
"6250",6250,"6150, 6050, 6149, 6151, 6248, 6450, 6351, 6252, 6349, 6350, 6251",11
"6251",6251,"6151, 6250, 1748, 6051, 6150, 6249, 6451, 6352, 6253, 6350, 6351, 6252",12
"6252",6252,"6152, 6251, 6052, 6151, 6153, 6250, 4651, 6353, 6254, 6351, 6352, 6253",12
"6253",6253,"1338, 6153, 6252, 6053, 6152, 6154, 6251, 9948, 6477, 6453, 6354, 6255, 9386, 6353, 6254",15
"6254",6254,"6253, 3455, 6054, 6153, 6155, 6252, 5895, 8761, 6355, 6353, 6354, 6255",12
"6255",6255,"6155, 6254, 6055, 5732, 6156, 6253, 6356, 6257, 6354, 6355, 6256",11
"6256",6256,"6156, 6255, 6056, 6155, 6157, 6456, 6357, 6258, 6355, 8416, 6356, 6257",12
"6257",6257,"4324, 6157, 6256, 2335, 6057, 6156, 6158, 6255, 6259, 6356, 6357, 6258",12
"6258",6258,"6158, 6257, 6058, 6157, 6159, 6256, 6458, 6359, 6260, 6357, 6358, 6259",12
"6259",6259,"4610, 6159, 6258, 3948, 6059, 6158, 6160, 6257, 1880, 6459, 6360, 6261, 6358, 6359",14
"6260",6260,"6160, 734, 3592, 6060, 6159, 6258, 8980, 6986, 6460, 6361, 6262, 6359, 6360",13
"6261",6261,"5662, 5202, 3915, 5842, 6160, 6162, 6259, 8828, 6461, 6362, 6263, 6360, 6361, 6262",14
"6262",6262,"5407, 6261, 4131, 6062, 6161, 6163, 6260, 6462, 6363, 6264, 6361, 6646, 6263",13
"6263",6263,"6163, 6262, 5793, 6063, 6164, 6261, 6265, 6282, 6463, 6362, 6363, 6264",12
"6264",6264,"6164, 6263, 6064, 6163, 4397, 6262, 4317, 7907, 6464, 6363, 6364, 6265",12
"6265",6265,"6165, 6264, 778, 4909, 6166, 6263, 6465, 6366, 6267, 6364, 8204, 6365, 6266",13
"6266",6266,"6166, 6265, 3786, 5594, 6066, 6144, 6167, 6165, 2399, 6466, 6367, 6268, 6365, 6267",14
"6267",6267,"6022, 6266, 638, 6067, 6166, 6168, 6265, 6467, 6368, 6366, 6367, 6268",12
"6268",6268,"6168, 6267, 6068, 6167, 6169, 6266, 6369, 6270, 6367, 6269",10
"6269",6269,"6169, 615, 6069, 6168, 6170, 2498, 6268, 6469, 6370, 6271, 6368, 6369, 6270",13
"6270",6270,"6170, 6269, 4783, 6169, 6171, 6268, 6460, 6470, 6371, 6272, 6369, 6370",12
"6271",6271,"6171, 6170, 6172, 6269, 6471, 6372, 6273, 6370, 6371, 6975",10
"6272",6272,"6172, 782, 6072, 6173, 6270, 656, 6472, 6373, 9896, 6372, 7050",11
"6273",6273,"6173, 2143, 4011, 6073, 6174, 6271, 6591, 6473, 6374, 6372, 7973, 6373, 6274",13
"6274",6274,"6174, 6273, 6074, 6173, 3041, 6474, 6276, 6373, 8167, 6374, 6275",11
"6275",6275,"6175, 6274, 3458, 2254, 6174, 6176, 4207, 7189, 6475, 6376, 6277, 6374, 6375, 6276",14
"6276",6276,"5526, 6275, 6076, 6177, 6274, 6476, 6377, 6824, 6277",9
"6277",6277,"6177, 6276, 6077, 6176, 6178, 6275, 6920, 6477, 6378, 6279, 6376, 6377, 6278",13
"6278",6278,"6178, 6277, 6078, 6179, 541, 6478, 6379, 6280, 6377, 6378, 6279",11
"6279",6279,"6179, 6278, 6079, 6178, 6180, 6277, 7858, 6479, 6380, 6281, 6378, 6379, 6280",13
"6280",6280,"4941, 5063, 6180, 6279, 6080, 6179, 6278, 1594, 6282, 6379, 6281",11
"6281",6281,"6181, 6280, 5190, 6081, 6180, 6279, 6481, 6382, 7083, 6380, 6381, 6282",12
"6282",6282,"6281, 3115, 6082, 6181, 6183, 6280, 6263, 9899, 6482, 6383, 6284, 6382, 6283",13
"6283",6283,"6183, 6282, 6083, 6182, 6184, 6483, 6285, 6382, 6383, 6284",10
"6284",6284,"6184, 6283, 6084, 6183, 6282, 9056, 6286, 6383, 6384, 6285",10
"6285",6285,"6185, 6284, 6184, 6186, 6283, 2695, 3828, 9544, 6485, 6386, 6384, 8194, 6385",13
"6286",6286,"6186, 6086, 6185, 6187, 6284, 6486, 6387, 6288, 9161, 6386, 6287",11
"6287",6287,"6187, 6286, 6087, 6186, 6188, 5161, 7068, 6487, 6388, 6289, 6387, 6288",12
"6288",6288,"2484, 6188, 6287, 6088, 6187, 6286, 6488, 6389, 6387, 6969, 6388, 6289",12
"6289",6289,"6189, 6288, 5803, 6089, 6190, 6287, 6188, 9620, 6489, 6390, 6291, 6388, 6290",13
"6290",6290,"6190, 51, 6090, 6189, 6191, 2137, 6289, 6490, 6292, 6389, 9044, 6390, 6291",13
"6291",6291,"3051, 6191, 6290, 1008, 1150, 1786, 6091, 6190, 6192, 6289, 6491, 6392, 6293, 6390, 6391",15
"6292",6292,"1403, 2057, 5829, 4551, 6092, 6191, 6290, 1435, 6393, 7478, 6391, 6392, 6293",13
"6293",6293,"6292, 6093, 6192, 6194, 6291, 6448, 8716, 6493, 6394, 6295, 6392, 6393, 6294",13
"6294",6294,"6194, 6293, 876, 1467, 6094, 6193, 6195, 5894, 6296, 6393, 6394, 6295",12
"6295",6295,"6195, 6294, 6293, 3695, 6495, 6396, 6297, 6394, 9455",9
"6296",6296,"6196, 6096, 6195, 4295, 6294, 9138, 6496, 6397, 6298, 6395, 6396, 6297",12
"6297",6297,"6197, 6296, 3617, 5888, 6196, 6198, 6295, 3493, 4596, 6497, 6299, 6396, 9432",13
"6298",6298,"6198, 6098, 6197, 6199, 6296, 6498, 6399, 6300, 6397, 6398, 6299",11
"6299",6299,"6199, 6298, 6099, 6198, 6200, 6297, 8648, 6499, 6400, 6300",10
"6300",6300,"6200, 6100, 6199, 6298, 6172, 6299, 6500, 6400",8
"6301",6301,"6201, 6101, 6202, 6501, 6402, 6303, 6401, 6302",8
"6302",6302,"6301, 6102, 6201, 6502, 6403, 6304, 6401, 6303",8
"6303",6303,"773, 1041, 6203, 6302, 6103, 6202, 6204, 6301, 1561, 2631, 6503, 6404, 6305, 6402, 6616, 6304",16
"6304",6304,"6204, 6303, 6104, 6205, 6302, 6635, 6504, 6405, 6306, 6404, 6305",11
"6305",6305,"4859, 6304, 6105, 6204, 6206, 6303, 6505, 8632, 6307, 6404, 6405, 6306",12
"6306",6306,"6206, 6305, 6106, 6205, 6207, 6304, 3862, 6407, 6405, 6406, 7570",11
"6307",6307,"6107, 6206, 6208, 6305, 6507, 6408, 6309, 6407, 6308",9
"6308",6308,"6208, 6307, 4064, 6108, 6207, 6209, 6508, 6409, 6310, 6408, 6309",11
"6309",6309,"1381, 2525, 6209, 6308, 4403, 6109, 6208, 6307, 6509, 6410, 6311, 6408, 8703, 6409, 6310",15
"6310",6310,"6309, 1226, 6110, 6209, 6211, 6308, 7780, 6510, 6411, 6312, 6409",11
"6311",6311,"560, 6111, 6210, 6212, 6309, 483, 7288, 6511, 6412, 6410, 8442, 6559, 6411, 6312",14
"6312",6312,"6212, 6311, 6112, 6310, 6668, 6512, 6411, 6412, 6313",9
"6313",6313,"3590, 1119, 6312, 2950, 5443, 6113, 6212, 2616, 7205, 6414, 6315, 6412, 6413",13
"6314",6314,"6214, 651, 6114, 6213, 6215, 2546, 6514, 6415, 6316, 6413, 6414",11
"6315",6315,"6215, 6115, 6214, 6216, 6313, 5520, 6416, 6317, 6414, 6415, 6316, 9759",12
"6316",6316,"6216, 6315, 2045, 6116, 6217, 6314, 4648, 6215, 2602, 6417, 6318, 6415, 6416",13
"6317",6317,"6217, 6210, 6216, 6218, 6315, 2464, 6517, 6418, 6319, 6417, 7966",11
"6318",6318,"6218, 6118, 6217, 6219, 6316, 5766, 4251, 6518, 6419, 6320, 6319",11
"6319",6319,"6318, 481, 6119, 6218, 6220, 6317, 8969, 7470, 6519, 6420, 6321, 6418, 8052, 6419, 6320",15
"6320",6320,"3736, 6220, 6319, 6219, 6221, 6318, 6520, 6421, 6322, 6419, 6420, 6321",12
"6321",6321,"6221, 6320, 4064, 6121, 6220, 6222, 6319, 9992, 6422, 6323, 6420, 9532, 6421, 6322",14
"6322",6322,"6222, 6321, 6122, 6221, 6223, 6320, 854, 6522, 9620, 6324, 6421, 6541, 6422",13
"6323",6323,"6223, 6123, 6222, 6224, 6321, 6523, 6424, 6325, 6422, 6423, 6324",11
"6324",6324,"6224, 6323, 6124, 6223, 6225, 6322, 6524, 6425, 6423, 6325",10
"6325",6325,"2758, 6225, 6125, 6226, 6323, 1083, 6224, 6324, 6525, 6327, 6424, 9972, 6326",13
"6326",6326,"6226, 6325, 6126, 4900, 2683, 6427, 6328, 6425, 6426",9
"6327",6327,"6227, 1076, 6226, 6228, 6325, 3873, 7588, 9178, 6527, 6428, 6329, 6426, 6427",13
"6328",6328,"6128, 6227, 6229, 6326, 6528, 6429, 6330, 6427, 6428, 6329",10
"6329",6329,"5475, 6328, 6129, 6228, 6230, 6327, 9801, 6529, 6430, 6331, 6428, 6429, 6330",13
"6330",6330,"811, 6230, 6329, 6231, 6328, 6229, 9344, 6530, 6431, 6332, 6429, 6430",12
"6331",6331,"1105, 6231, 799, 3661, 6131, 995, 6329, 6430, 6531, 6432, 6431",11
"6332",6332,"6232, 1217, 6132, 6233, 6330, 3629, 8856, 6334, 6431, 8610, 6432, 9202, 6642",13
"6333",6333,"6233, 1134, 2101, 2695, 6133, 6232, 6234, 6533, 6434, 6335, 6432, 6433",12
"6334",6334,"6234, 658, 6233, 4167, 6332, 9478, 6534, 6435, 6336, 6434, 6335",11
"6335",6335,"6235, 6334, 3674, 6234, 6236, 6333, 6535, 6436, 6337, 6435, 6336",11
"6336",6336,"6236, 6335, 3016, 6136, 6235, 6237, 6334, 4923, 1073, 6536, 6437, 6338, 6337",13
"6337",6337,"6336, 492, 6137, 3661, 6238, 6335, 9417, 6537, 6438, 6339, 6437, 6338",12
"6338",6338,"6238, 6337, 6138, 6237, 6239, 6336, 6538, 6340, 6437, 6438, 6339",11
"6339",6339,"5844, 6239, 6338, 6139, 6238, 6337, 6539, 6440, 6341, 6438, 6439",11
"6340",6340,"6240, 5086, 6140, 6239, 6241, 6338, 464, 6540, 6439, 6341",10
"6341",6341,"5594, 6057, 6141, 6240, 6242, 6339, 6340, 6541, 6442, 6343, 6440, 6441",12
"6342",6342,"6111, 6243, 3802, 6241, 6542, 6344, 6441, 6442, 6343",9
"6343",6343,"1984, 6243, 6342, 5319, 6143, 6242, 6244, 6341, 6543, 6444, 6442, 6443, 7863",13
"6344",6344,"6244, 6144, 6245, 6342, 6544, 6346, 6443, 9199, 6444, 6345",10
"6345",6345,"200, 6245, 6344, 6145, 3839, 6246, 3219, 6545, 6347, 6445, 6346",11
"6346",6346,"6246, 6345, 577, 2476, 6146, 6245, 6247, 6344, 9810, 8380, 6546, 6447, 6348, 6445, 6446, 6347",16
"6347",6347,"6247, 6346, 4372, 6147, 6246, 6248, 6345, 6547, 6448, 6349, 6446, 6447, 6348",13
"6348",6348,"6248, 6347, 6148, 6247, 6346, 3882, 2383, 7567, 6548, 6449, 6448, 6349",12
"6349",6349,"6249, 6348, 6149, 6129, 6250, 6347, 6549, 6450, 6448, 6449, 6350",11
"6350",6350,"6250, 6349, 6150, 6249, 6251, 6550, 6451, 6352, 6449, 6450, 6351",11
"6351",6351,"6251, 6350, 6151, 6250, 6252, 8937, 6452, 9397, 6451",9
"6352",6352,"6252, 6152, 6251, 5333, 6350, 380, 8218, 6552, 6453, 6354, 8744, 6452, 9837",13
"6353",6353,"6253, 6153, 6252, 6254, 1024, 6553, 6454, 6452, 6453, 6354",10
"6354",6354,"6254, 6353, 6154, 6253, 6255, 6352, 6554, 6356, 6453, 6454, 6355",11
"6355",6355,"6255, 6354, 3439, 5356, 6155, 6254, 6256, 6555, 6456, 6357, 6455, 6356",12
"6356",6356,"3255, 6256, 6355, 4269, 6156, 6257, 6354, 6255, 6556, 6457, 6358, 6455, 6456, 6357",14
"6357",6357,"6257, 6356, 6157, 6256, 6258, 6355, 6458, 6359, 6457, 6358",10
"6358",6358,"6258, 6357, 6158, 6259, 6356, 235, 8626, 6360, 6457, 9262, 6458, 6359",12
"6359",6359,"6259, 6358, 4532, 6159, 6258, 6260, 6357, 6559, 6361, 6458, 6459, 6360",12
"6360",6360,"6260, 6359, 6160, 6259, 6261, 6358, 6560, 6461, 6362, 6459, 6460, 6361",12
"6361",6361,"6261, 6360, 6161, 6260, 6262, 6359, 324, 9402, 6561, 6462, 6363, 6461, 6362",13
"6362",6362,"6361, 6162, 6261, 6263, 6360, 1265, 8895, 6463, 6364, 6461, 8598, 6363",12
"6363",6363,"4328, 6263, 6362, 6163, 6262, 6264, 6361, 6563, 6464, 6365, 6462, 6463",12
"6364",6364,"6264, 6164, 6265, 6362, 6564, 6465, 6366, 6463, 6464, 6365, 8250",11
"6365",6365,"6265, 6364, 2351, 6266, 6363, 7195, 6565, 6466, 6367, 6464, 6465, 6366",12
"6366",6366,"6365, 3660, 6166, 6265, 6267, 6364, 6566, 6467, 6368, 6465, 6466, 6367",12
"6367",6367,"6267, 6366, 4855, 6167, 6266, 6268, 6365, 8130, 6567, 6468, 6369, 6466, 6467, 6709",14
"6368",6368,"526, 6168, 6267, 6269, 6366, 173, 9542, 6469, 6370, 6506, 9397, 6468, 6369",13
"6369",6369,"6269, 6368, 4389, 5617, 6268, 6270, 6367, 6470, 6371, 6468, 6469, 6370",12
"6370",6370,"6270, 6369, 6269, 6271, 6368, 7914, 6570, 6471, 6372, 6469, 6470, 6371",12
"6371",6371,"6271, 6370, 6171, 6270, 6369, 3549, 6571, 6472, 6470, 6372",10
"6372",6372,"6272, 6371, 6172, 6271, 6273, 6370, 6572, 6473, 6374, 6472",10
"6373",6373,"2243, 2614, 6273, 997, 6272, 6274, 6573, 6474, 6375, 6472, 9257, 6473, 6374, 7712",14
"6374",6374,"6274, 6373, 6174, 6273, 6275, 6372, 6574, 6475, 6376, 6474",10
"6375",6375,"6275, 3326, 6175, 6373, 6575, 6476, 6377, 6474, 6475, 6376, 9992",11
"6376",6376,"1003, 6375, 1201, 6176, 6275, 6277, 6374, 6576, 6378, 9890, 6476, 6377",12
"6377",6377,"5597, 6277, 6376, 6177, 6276, 6278, 6375, 6577, 6478, 6379, 6476, 6477, 6378",13
"6378",6378,"6278, 6377, 4234, 6178, 6277, 6279, 6376, 1664, 4476, 6477",10
"6379",6379,"6279, 4443, 4973, 6179, 6278, 6280, 6377, 6579, 6480, 6478, 6479, 6380",12
"6380",6380,"2498, 2239, 6379, 6180, 6279, 6281, 8270, 6580, 6481, 6382, 6479, 6480, 6381",13
"6381",6381,"6281, 6380, 6181, 4797, 4887, 6581, 6482, 6383, 6480, 6382",10
"6382",6382,"3804, 6282, 6381, 6182, 6281, 6283, 6380, 8404, 6483, 6384, 6482, 6383",12
"6383",6383,"6283, 6382, 6183, 6282, 6284, 6381, 2789, 6583, 6484, 6385, 6482, 6483",12
"6384",6384,"6284, 3778, 5999, 6285, 6382, 6584, 6485, 6386, 6483, 7495, 6484, 6385",12
"6385",6385,"6285, 6384, 6185, 6383, 1875, 6585, 6387, 6484, 6485",9
"6386",6386,"6286, 421, 6186, 6285, 6384, 4999, 6487, 6388, 6485, 6486, 9794",11
"6387",6387,"6287, 6187, 6286, 6288, 6385, 6587, 6488, 6389, 6486",9
"6388",6388,"6288, 5988, 2846, 6287, 6289, 6386, 6588, 6489, 6390, 8473, 6488, 6389",12
"6389",6389,"2390, 6388, 6189, 6288, 6290, 6387, 6886, 6589, 6490, 6488, 6489, 6390",12
"6390",6390,"6290, 6389, 1145, 6289, 6291, 6388, 4143, 9670, 6590, 6491, 9931, 6489, 6391",13
"6391",6391,"6291, 6390, 4807, 6191, 6292, 5942, 1714, 6591, 6492, 6490, 6491, 6392",12
"6392",6392,"6292, 6391, 2836, 6192, 6291, 6293, 6592, 6493, 6394, 6491, 6492, 6393",12
"6393",6393,"6293, 6392, 6193, 6292, 6294, 327, 6593, 6494, 6492, 6493, 6394",11
"6394",6394,"6294, 6393, 6194, 6293, 6295, 6392, 6594, 6495, 6396, 6493, 8368, 6494, 6395",13
"6395",6395,"6394, 6195, 6296, 6833, 6595, 6496, 6397, 6494, 6495, 6396",10
"6396",6396,"6296, 6395, 6196, 6295, 6297, 6394, 6596, 6497, 6398, 6496, 6397",11
"6397",6397,"5290, 6396, 4245, 6197, 6296, 6298, 6395, 5149, 6597, 6498, 6399, 6497, 6398",13
"6398",6398,"1646, 3209, 6298, 6397, 6198, 4852, 6396, 6598, 6499, 6497, 6498, 6399",12
"6399",6399,"6398, 6199, 6298, 6397, 7084, 6599, 6500, 6498, 6400, 8723",10
"6400",6400,"4843, 6300, 6200, 6299, 3825, 6399, 6600, 6484, 6500",9
"6401",6401,"6301, 5943, 6201, 6302, 6601, 6502, 6403, 7891",8
"6402",6402,"1835, 5449, 6202, 6301, 6303, 8786, 6602, 6503, 6501, 6502, 8642, 7137",12
"6403",6403,"4410, 6203, 6302, 6401, 6603, 6781, 7526, 6502, 7288",9
"6404",6404,"2366, 6304, 2178, 6204, 6303, 6305, 3147, 5147, 6604, 6505, 9328",11
"6405",6405,"6305, 6205, 6304, 6306, 6605, 6506, 6407, 6504, 6505, 6406",10
"6406",6406,"4974, 6306, 6405, 5689, 6206, 7617, 6606, 6507, 6408, 6505, 9112",11
"6407",6407,"6307, 6207, 6306, 5666, 6405, 6607, 6508, 6409, 6506, 6408, 8546",11
"6408",6408,"5105, 6308, 6208, 6307, 6309, 6406, 6407, 6509, 6410, 6507, 9384, 6508, 6409",13
"6409",6409,"6309, 6408, 654, 1856, 5803, 6209, 6308, 6310, 6407, 6609, 7541, 6411, 6508, 7400, 6509, 6410",16
"6410",6410,"4229, 741, 6409, 3168, 6210, 6309, 6311, 6408, 6610, 6511, 6509, 6510, 6411",13
"6411",6411,"6311, 6410, 1556, 6211, 6310, 6312, 6409, 2134, 6611, 6512, 6413, 6510, 6511, 6412",14
"6412",6412,"6312, 6411, 6212, 6311, 6313, 58, 7349, 6612, 6475, 8439, 6512, 6413",12
"6413",6413,"6313, 6412, 6213, 6314, 6411, 7092, 6613, 6514, 6415, 6512, 8420, 7872, 6513",13
"6414",6414,"6314, 3755, 6214, 6313, 6315, 2061, 6614, 6515, 6416, 6415, 6929",11
"6415",6415,"6315, 6414, 448, 6314, 6316, 6413, 6930, 6615, 6516, 6417, 6514, 6515",12
"6416",6416,"6316, 5092, 6216, 6315, 6414, 6616, 6517, 6418, 6515, 6516, 6417",11
"6417",6417,"6317, 6416, 6217, 6316, 6415, 211, 9915, 6617, 6419, 6516",10
"6418",6418,"3315, 1681, 2667, 6218, 6317, 6319, 6416, 3317, 6618, 6420, 6517, 6518, 9719",13
"6419",6419,"6319, 6219, 6318, 6320, 6417, 6619, 6520, 6421, 6518, 6519, 6420",11
"6420",6420,"6320, 6419, 6220, 6319, 6321, 6418, 6620, 6521, 6422, 6519, 6520, 6421",12
"6421",6421,"6321, 6420, 6221, 6320, 6322, 6419, 8228, 6621, 6522, 6423, 6520, 6521, 6422",13
"6422",6422,"715, 6322, 6421, 2365, 6222, 6321, 6323, 6420, 4015, 2311, 6622, 6424, 6522, 6423",14
"6423",6423,"3685, 4262, 6323, 6422, 6223, 6324, 6421, 6524, 6523, 6424",10
"6424",6424,"6423, 6323, 6325, 6422, 9865, 7938, 6624, 6525, 6426, 6523, 6524, 6598",12
"6425",6425,"728, 6225, 6324, 6326, 1461, 6625, 6526, 6427, 6524, 6432, 6525, 6426",12
"6426",6426,"6326, 6425, 3214, 6226, 6327, 6424, 2981, 6626, 6527, 6526, 6427",11
"6427",6427,"6327, 6426, 2609, 6326, 6328, 6425, 9155, 6627, 6528, 6429, 6526, 6527, 6428",13
"6428",6428,"6328, 6427, 6228, 6327, 6329, 7183, 6628, 6529, 6430, 6527, 6528, 6429",12
"6429",6429,"6329, 6428, 6328, 6330, 6427, 9014, 6629, 6530, 6431, 6528, 9195, 6430",12
"6430",6430,"6330, 6429, 6230, 6329, 6331, 6428, 5445, 6432, 6529, 6530, 6431",11
"6431",6431,"6331, 6430, 6231, 6330, 6332, 6429, 6631, 6532, 6433, 6530, 7665, 6531, 6432",13
"6432",6432,"6332, 6431, 6232, 6331, 6333, 6430, 6425, 9835, 6632, 6533, 6434, 6531, 6532",13
"6433",6433,"6333, 6233, 1308, 6431, 6633, 6534, 6532, 6533, 6434",9
"6434",6434,"6334, 6433, 6234, 6333, 4795, 6432, 6634, 6535, 6436, 6533, 6534, 9988",12
"6435",6435,"446, 6335, 2388, 6235, 6334, 6436, 6635, 6536, 8219, 6534, 8717, 9749",12
"6436",6436,"6435, 6236, 6335, 6434, 9597, 6636, 6537, 6438, 6536",9
"6437",6437,"2646, 6337, 5476, 3907, 4777, 6237, 6336, 6338, 7599, 6637, 6538, 6439, 6536, 6537, 6438",15
"6438",6438,"6338, 6437, 6238, 6337, 6339, 6436, 5827, 2592, 6539, 6537, 6538, 6439",12
"6439",6439,"6339, 6438, 2239, 2533, 6340, 6437, 6639, 6540, 6441, 6538, 7589",11
"6440",6440,"19, 6240, 6339, 6341, 6026, 1974, 9911, 6640, 6442, 6441",10
"6441",6441,"6341, 6440, 6342, 6439, 6650, 6641, 6542, 6443, 6540, 9040, 6541, 9312",12
"6442",6442,"6342, 4738, 5111, 6242, 6341, 6343, 6440, 8188, 6444, 6541",10
"6443",6443,"2402, 6343, 6243, 1900, 6344, 6441, 9190, 6544, 6445, 6542, 6543, 6444",12
"6444",6444,"6344, 6443, 1923, 6244, 6343, 6442, 641, 9693, 6644, 9818, 6543, 8507, 6544, 6445",14
"6445",6445,"6345, 6444, 3589, 6245, 6346, 6443, 1860, 8222, 6645, 6546, 6447, 6545, 6446",13
"6446",6446,"2745, 6346, 6445, 6246, 4191, 6347, 6705, 8528, 6547, 6448, 6545, 6546, 6447",13
"6447",6447,"6347, 6446, 3643, 6247, 6346, 6445, 8512, 6885, 6548, 6449, 6546, 6547, 6448",13
"6448",6448,"6293, 6348, 6447, 6248, 6347, 6349, 6446, 6547, 6648, 6609, 6548, 6449",12
"6449",6449,"6349, 6448, 1729, 6249, 6348, 6350, 6447, 8983, 6649, 6550, 6451, 6548, 6549, 6450",14
"6450",6450,"6350, 6449, 6250, 6349, 1675, 6650, 6551, 6452, 6549, 6550, 6451",11
"6451",6451,"6351, 6450, 6251, 6350, 6449, 6651, 6552, 6453, 6550, 6551, 6452",11
"6452",6452,"6352, 6451, 6353, 6450, 6351, 7109, 7070, 6553, 8424, 8189, 6552, 6453",12
"6453",6453,"6353, 6452, 71, 6253, 6352, 6354, 6451, 6914, 6554, 6455, 6552, 9820, 7188, 6553, 6454",15
"6454",6454,"6354, 6453, 1467, 4986, 703, 6353, 5029, 4413, 6456, 6553, 7889, 6786, 6554, 6455",14
"6455",6455,"6355, 6454, 5236, 6356, 6453, 3364, 8703, 6556, 6457, 6555",10
"6456",6456,"6356, 6256, 6355, 6454, 6816, 6656, 6557, 6458, 6555, 6556, 6457",11
"6457",6457,"6357, 6456, 6356, 6358, 6455, 7413, 6558, 6459, 6556, 6557, 6458",11
"6458",6458,"6358, 6457, 1956, 6258, 6357, 6359, 6456, 3308, 6658, 6559, 6460, 6558, 6459",13
"6459",6459,"6359, 6458, 6259, 6360, 6457, 6659, 8030, 6560, 6461, 6558, 6460",11
"6460",6460,"6360, 6459, 6260, 891, 6458, 6270, 6561, 6462, 6560, 6461",10
"6461",6461,"6361, 6460, 6261, 6360, 6362, 6459, 3606, 6661, 6562, 6463, 6560, 6561",12
"6462",6462,"6262, 6361, 6363, 6460, 6500, 6662, 6563, 6464, 6562, 6463",10
"6463",6463,"6363, 6462, 6263, 6362, 6364, 6461, 6663, 6564, 6465, 6562, 7589, 6563, 6464",13
"6464",6464,"6364, 6463, 568, 6264, 6363, 6365, 6462, 5116, 6664, 9247, 6564, 6465",12
"6465",6465,"6365, 6464, 6265, 6364, 6366, 6463, 6665, 6566, 6467, 6564, 6565, 6466",12
"6466",6466,"6366, 6465, 6266, 6365, 6367, 6666, 6567, 6468, 7105, 6566",10
"6467",6467,"6367, 5964, 2430, 5540, 6267, 6366, 6465, 6667, 6568, 6469, 6566, 6567, 6468",13
"6468",6468,"6368, 6467, 243, 6367, 6369, 6466, 6668, 6569, 6470, 6567, 6568, 6469",12
"6469",6469,"1807, 3107, 6369, 6468, 6269, 6368, 6370, 6467, 8326, 6669, 6570, 6471, 6568, 7617, 6569, 6470",16
"6470",6470,"2351, 6370, 6469, 6270, 6369, 6371, 6468, 6020, 6571, 6472, 6569, 6570, 6471",13
"6471",6471,"1642, 6470, 6271, 6370, 4324, 6469, 1071, 6472, 7527, 6671, 6572, 6473",12
"6472",6472,"4090, 6372, 6471, 5661, 6272, 6371, 6373, 6470, 2586, 6573, 6474, 6571, 6572",13
"6473",6473,"6373, 993, 4426, 6273, 6372, 5928, 6471, 6673, 6475, 6572, 6573, 6474",12
"6474",6474,"6374, 6473, 6274, 6373, 6375, 6472, 744, 222, 6674, 6476, 6574, 6475",12
"6475",6475,"6375, 6474, 6275, 6374, 6412, 6473, 6675, 6576, 6477, 6574, 6575, 6476",12
"6476",6476,"3429, 6376, 6475, 6276, 6375, 6377, 6474, 2664, 6676, 6577, 6478, 6575, 6576",13
"6477",6477,"6377, 6277, 6253, 6378, 6475, 2232, 7941, 6677, 6578, 6479, 6577, 6478",12
"6478",6478,"4080, 6477, 6278, 6377, 6379, 6476, 7114, 6678, 6579, 6480, 6577, 6578",12
"6479",6479,"4453, 6379, 5103, 2224, 6279, 6380, 6477, 6679, 6580, 6481, 6578, 8468, 6480",13
"6480",6480,"6380, 6479, 3580, 2430, 6379, 6381, 6478, 6680, 6581, 6482, 6579, 6481",12
"6481",6481,"2584, 6480, 6281, 6380, 2671, 6479, 3593, 6681, 6582, 6580, 6581",11
"6482",6482,"6382, 3025, 4891, 6282, 6381, 6383, 6480, 6682, 6583, 6484, 6581, 6483",12
"6483",6483,"2533, 6383, 6283, 6382, 6384, 6482, 6683, 6584, 6485, 6582, 6583, 6484",12
"6484",6484,"6384, 6483, 6383, 6385, 6400, 6482, 7011, 6684, 6585, 6486, 6583, 6584, 6485",13
"6485",6485,"4863, 6385, 6484, 6285, 6384, 6386, 6483, 2633, 6685, 6586, 6584, 6585, 6486",13
"6486",6486,"6386, 6485, 4418, 6286, 2474, 6387, 6484, 3117, 6686, 6587, 6585, 6586, 6487",13
"6487",6487,"2501, 6486, 2873, 6287, 6386, 8427, 6687, 6588, 6489, 6587, 6488",11
"6488",6488,"6388, 6487, 3289, 6288, 6387, 6389, 6186, 6688, 6589, 6490, 6587, 6489",12
"6489",6489,"3774, 6078, 6389, 6488, 6289, 6388, 6390, 6487, 117, 6689, 6590, 6491, 9284, 6589, 6490",15
"6490",6490,"6207, 6489, 745, 6290, 6389, 6391, 6488, 1070, 6682, 6690, 6492, 6589, 8072, 6590, 6491",15
"6491",6491,"6391, 6490, 4298, 6291, 6390, 6392, 6489, 9690, 6691, 6592, 6493, 6590, 6591, 6492",14
"6492",6492,"6392, 6491, 1278, 1095, 6391, 6393, 6490, 6593, 6494, 6591, 6592, 6493",12
"6493",6493,"6393, 6492, 6293, 6392, 6394, 6491, 6167, 8424, 6693, 6594, 6592, 6494",12
"6494",6494,"6394, 6493, 6393, 6395, 6492, 5031, 2995, 9972, 6694, 6496, 6594, 6495",12
"6495",6495,"6395, 6494, 6295, 6394, 8799, 6695, 6596, 6497, 6594, 7075, 7787, 6595, 6496",13
"6496",6496,"6396, 6495, 6296, 6395, 6494, 5824, 6696, 6597, 6498, 6595, 6497",11
"6497",6497,"6397, 6496, 6297, 6396, 6398, 6495, 270, 6697, 6499, 6596, 6597, 6498",12
"6498",6498,"6398, 6497, 4668, 6298, 6397, 6399, 6496, 7378, 6698, 6599, 6500, 6597, 7096, 6598, 6499",15
"6499",6499,"1959, 6498, 6299, 6398, 6497, 4330, 6699, 6600, 6599, 6500, 6845",11
"6500",6500,"4909, 6400, 6499, 6300, 6399, 6498, 6462, 6599, 9019, 6600",10
"6501",6501,"6301, 6402, 3720, 6701, 6602, 6503, 6502",7
"6502",6502,"6402, 6501, 6302, 6401, 6403, 6702, 6603, 6504, 7826, 6602, 6503",11
"6503",6503,"6502, 3860, 6303, 6402, 4850, 6501, 2660, 6505, 6602, 6603, 6504",11
"6504",6504,"3842, 6503, 6304, 6405, 6502, 9614, 6704, 6605, 6506, 6603, 9592, 6604, 6505",13
"6505",6505,"6405, 6504, 6305, 6404, 6406, 6503, 6705, 6606, 6507, 6604",10
"6506",6506,"932, 994, 6368, 6405, 6407, 6504, 3110, 6607, 6508, 6605, 8954, 6507",12
"6507",6507,"6506, 6307, 6406, 6408, 6505, 8015, 6707, 6608, 6509, 6606, 6607, 6508",12
"6508",6508,"6408, 6507, 3540, 6308, 6407, 6409, 6506, 6708, 6609, 6510, 6607, 6608, 6509",13
"6509",6509,"6409, 6508, 6309, 6408, 6410, 6507, 6709, 6511, 6608, 8068, 6510",11
"6510",6510,"5876, 6410, 6509, 619, 1894, 6310, 6411, 6508, 58, 6710, 6611, 6609, 6610",13
"6511",6511,"6411, 2929, 5183, 6311, 6410, 6509, 6711, 6610, 6611, 6512",10
"6512",6512,"4854, 6412, 6511, 6312, 6411, 6413, 6712, 6613, 6514, 6611, 6612, 6513",12
"6513",6513,"6413, 6512, 3550, 3426, 8462, 7783, 6713, 9316, 6515, 6612, 6514",11
"6514",6514,"6314, 6413, 6415, 6512, 2133, 6513, 6714, 6615, 6516, 6613, 6614",11
"6515",6515,"6415, 3640, 6414, 6416, 6513, 6715, 6517, 6614, 6615",9
"6516",6516,"6416, 5946, 6415, 6417, 6514, 2772, 6617, 6518, 6615, 6517",10
"6517",6517,"1172, 6516, 6317, 6416, 6418, 6515, 6805, 6717, 6618, 6519, 6616, 6617, 6518",13
"6518",6518,"6418, 6517, 6318, 4370, 6419, 6516, 8696, 6718, 6619, 6520, 6617, 6726, 6519",13
"6519",6519,"6419, 6518, 1870, 6319, 6420, 6517, 6719, 6620, 6521, 6618, 6619, 6520",12
"6520",6520,"6420, 6519, 6320, 6419, 6421, 6518, 9729, 6522, 6619, 6620, 6521",11
"6521",6521,"6421, 6520, 1016, 6420, 6519, 6721, 6622, 6523, 6620, 6621",10
"6522",6522,"6422, 3263, 6322, 6421, 6520, 6722, 6623, 6524, 6621, 6622, 6523",11
"6523",6523,"6037, 6423, 6522, 6323, 6424, 6521, 7106, 6723, 6624, 6525, 6622, 7973, 6524",13
"6524",6524,"6424, 6523, 5032, 6324, 6423, 6425, 6522, 5610, 6724, 6625, 6526, 6623, 6624",13
"6525",6525,"6425, 6325, 6424, 6523, 7249, 6725, 6527, 6625",8
"6526",6526,"6426, 5679, 2509, 4468, 2944, 6425, 6427, 6524, 6726, 6627, 6625, 9402, 6626, 6527, 7428",15
"6527",6527,"6427, 6526, 6327, 6426, 6428, 6525, 6727, 6628, 6529, 6626, 6528",11
"6528",6528,"6428, 6527, 6328, 6427, 6429, 3023, 2547, 6728, 6629, 6530, 6627, 6628",12
"6529",6529,"5513, 6329, 6428, 6430, 6527, 6630, 6531, 6628, 6629, 6530",10
"6530",6530,"6430, 6529, 6330, 6429, 6431, 6528, 32, 6737, 9191, 6532, 6629, 6630, 6531",13
"6531",6531,"6431, 6530, 6331, 6432, 6529, 6582, 6731, 6632, 6533, 6630, 6532",11
"6532",6532,"6432, 6531, 4467, 6431, 6433, 6530, 6732, 6633, 6534, 9442",10
"6533",6533,"6433, 1759, 6333, 6432, 6434, 6531, 6733, 6634, 6535, 6632, 6633",11
"6534",6534,"6434, 3272, 6334, 6433, 6435, 6532, 6734, 6635, 6536, 6633, 9938, 6535",12
"6535",6535,"6534, 3616, 5313, 6335, 6434, 2968, 6533, 6536, 6735, 6636, 6537, 6634",12
"6536",6536,"6436, 6535, 6336, 6435, 6437, 6534, 6736, 6637, 6538, 6635, 9533, 6636, 6537",13
"6537",6537,"6437, 6536, 2611, 6337, 6436, 6438, 6535, 6737, 6638, 6539, 6636, 6637, 6538",13
"6538",6538,"6438, 6537, 2486, 3319, 6338, 6437, 6439, 6536, 6738, 6639, 6637, 6638, 6539",13
"6539",6539,"4025, 6538, 6017, 6339, 6438, 6537, 2231, 6683, 9173, 6640, 6638, 6639, 6540",13
"6540",6540,"4894, 4421, 6539, 543, 4486, 6340, 6439, 6441, 506, 6740, 6641, 6542, 6639, 6541",14
"6541",6541,"6540, 4882, 6341, 6442, 6322, 6441, 6741, 6642, 6543, 6640",10
"6542",6542,"147, 2309, 3609, 6342, 6441, 6443, 6540, 6643, 6544, 6641, 6642, 6543",12
"6543",6543,"6443, 6542, 6343, 6444, 6541, 2540, 6743, 6644, 6642, 6643, 6544",11
"6544",6544,"6444, 6543, 2685, 6344, 6443, 6542, 6744, 6645, 7366, 6643, 6545",11
"6545",6545,"891, 6445, 6544, 1472, 6345, 6446, 6745, 6646, 6547, 6645, 6546",11
"6546",6546,"4908, 6446, 6545, 949, 6346, 6445, 6447, 6746, 6647, 6548, 6645, 6646, 6547",13
"6547",6547,"6447, 6546, 6347, 6446, 6448, 6545, 2495, 6747, 6648, 7449, 6646, 6548",12
"6548",6548,"4860, 6448, 6547, 6348, 6447, 6449, 6546, 6748, 6649, 6550, 6647, 6648, 6549",13
"6549",6549,"6449, 6548, 6349, 6450, 1234, 6749, 6551, 6648, 6649",9
"6550",6550,"6450, 6350, 6449, 6451, 6548, 6651, 6552, 6649, 6650, 6551, 9424",11
"6551",6551,"6451, 6550, 6450, 6549, 6751, 6652, 6553, 6650, 8601, 7245, 6651, 6552",12
"6552",6552,"6452, 6551, 6352, 6451, 6453, 6550, 8047, 6752, 6554, 6651, 6553",11
"6553",6553,"6453, 4043, 6353, 6452, 6454, 6551, 6552, 8664, 6838, 6753, 6654, 6555, 6652, 6653, 6554",15
"6554",6554,"6454, 6553, 6354, 6552, 6453, 6882, 6754, 6655, 6556, 6653, 8074, 6555",12
"6555",6555,"6455, 6554, 6355, 1619, 6456, 6553, 6755, 6656, 6654, 6655",10
"6556",6556,"6456, 6356, 6455, 6457, 6554, 6756, 6657, 6558, 8122, 6656, 6557, 7111",12
"6557",6557,"6457, 6556, 5777, 6456, 6757, 6658, 6559, 6656, 7713, 6628, 6657, 6558",12
"6558",6558,"6458, 6557, 6457, 6459, 6556, 6968, 6758, 6659, 6560, 6657, 6658, 6559",12
"6559",6559,"6311, 6558, 6359, 6458, 6557, 3140, 6759, 6660, 6561, 6658, 6659",11
"6560",6560,"6460, 6360, 6459, 6461, 6558, 6661, 6562, 6659, 6660",9
"6561",6561,"6461, 3350, 6361, 6460, 6559, 7374, 8562, 6761, 6662, 6660, 6661, 6562",12
"6562",6562,"6462, 6561, 2843, 6461, 6463, 6560, 6762, 6663, 6564, 6662, 6563",11
"6563",6563,"6463, 6562, 6363, 6462, 8976, 6763, 6664, 6565, 6662, 8736, 6663, 6564",12
"6564",6564,"6464, 6563, 6364, 6463, 6465, 6562, 6764, 6665, 6566, 6663, 6565",11
"6565",6565,"5594, 6465, 6564, 6365, 794, 6563, 6765, 6666, 6567, 6665, 6566",11
"6566",6566,"6466, 6565, 6366, 6465, 6467, 6564, 7473, 6766, 6667, 6568, 6665, 6666, 7543",13
"6567",6567,"6467, 6367, 6466, 6468, 6565, 8341, 7619, 6767, 6569, 6666, 6667, 6568",12
"6568",6568,"6468, 6567, 3287, 6467, 6469, 6566, 4390, 6768, 6669, 6570, 6569",11
"6569",6569,"2537, 6469, 5910, 6468, 6470, 6567, 336, 6568, 6571, 6668, 6669, 6570",12
"6570",6570,"6470, 6569, 6370, 6469, 6568, 6770, 6671, 6572, 6669, 6571",10
"6571",6571,"6570, 6371, 6470, 6472, 6569, 6771, 6672, 6573, 6670, 6671, 6572",11
"6572",6572,"6472, 6571, 621, 5154, 6372, 6471, 6473, 6570, 6772, 6673, 6574, 6671, 6672, 6573",14
"6573",6573,"6473, 6572, 6373, 6472, 6571, 9028, 6773, 6674, 6575, 6672, 6673, 6574",12
"6574",6574,"6474, 6573, 783, 6374, 5751, 6475, 6572, 1652, 6774, 6675, 6576, 6674, 6575",13
"6575",6575,"6475, 6574, 6375, 6476, 6573, 7177, 6775, 6676, 6577, 6674, 6675",11
"6576",6576,"6476, 933, 6376, 6475, 6574, 6776, 6677, 6578, 6675, 6676, 6577",11
"6577",6577,"6477, 6576, 921, 6377, 6476, 6478, 6575, 6777, 6678, 6579, 6676, 6677, 6578",13
"6578",6578,"6478, 6577, 4109, 6477, 6479, 6576, 6778, 6679, 6580, 6677, 6678",11
"6579",6579,"3736, 6379, 6478, 6480, 6577, 6598, 6779, 6680, 6581, 7226, 6679, 8846",12
"6580",6580,"1019, 6380, 6479, 6481, 6578, 7878, 6711, 6681, 6679, 6680, 6581, 6703",12
"6581",6581,"6481, 6580, 6381, 6480, 6482, 6579, 6781, 6583, 6680, 6681, 6582",11
"6582",6582,"6531, 6581, 6481, 6483, 1671, 815, 3458, 6782, 6683, 6584, 6583",11
"6583",6583,"775, 6483, 6582, 6383, 6482, 6484, 6581, 6783, 6684, 6585, 6683, 6584",12
"6584",6584,"6484, 6583, 6384, 6483, 6485, 6582, 3842, 6784, 6586, 6683, 6684, 6585",12
"6585",6585,"6485, 6584, 6385, 6484, 6486, 6583, 6785, 6686, 6587, 6684, 8431, 6685, 6586",13
"6586",6586,"6486, 6585, 6485, 6584, 7480, 6786, 6588, 6685, 6686, 6587",10
"6587",6587,"6487, 6586, 6387, 6486, 6488, 6585, 6688, 6589, 6686, 6687, 6588",11
"6588",6588,"6587, 5689, 6388, 6487, 279, 6586, 6788, 6689, 6590, 6688, 6589",11
"6589",6589,"5067, 6489, 6588, 2689, 6389, 6488, 6490, 6587, 6789, 6690, 6591, 6689, 6590",13
"6590",6590,"6490, 6589, 1248, 4257, 6237, 6390, 6489, 6491, 6588, 460, 8546, 6790, 6592, 6689, 6690, 6591",16
"6591",6591,"6491, 6590, 281, 6391, 6492, 6589, 6273, 7323, 6593, 6690, 8323, 6691, 6592",13
"6592",6592,"6492, 6591, 6392, 6491, 6493, 6590, 6792, 6693, 6691, 6692",10
"6593",6593,"48, 2914, 6393, 6591, 6492, 6793, 6694, 6595, 6692, 6693, 6594, 7490",12
"6594",6594,"6494, 6593, 6394, 6493, 6495, 6794, 6695, 6596, 6693, 8060, 6694, 6595",12
"6595",6595,"6495, 6594, 6395, 6496, 6593, 6795, 6696, 6597, 6694, 6695, 6596",11
"6596",6596,"6595, 6396, 6495, 6497, 6594, 6796, 6697, 6598, 6696",9
"6597",6597,"1544, 6497, 5459, 1755, 4224, 6397, 6496, 6498, 6595, 6797, 6599, 9523, 6598",13
"6598",6598,"6424, 6498, 6597, 6579, 6398, 6596, 6798, 6699, 6600, 6697",10
"6599",6599,"6499, 4418, 6399, 6498, 6500, 2972, 6597, 6799, 6700, 6699",10
"6600",6600,"6500, 1714, 4538, 3876, 6400, 6499, 6598, 6800, 6699, 6700",10
"6601",6601,"4228, 6401, 6801, 6702, 6603, 6701, 6602",7
"6602",6602,"4248, 6502, 6601, 6402, 6501, 6503, 4391, 6802, 6703, 6894, 6702, 6603",12
"6603",6603,"6503, 6602, 6403, 6502, 6504, 6601, 6803, 6704, 6605, 6702, 6703, 6604",12
"6604",6604,"6504, 6603, 6404, 6505, 6804, 6705, 6606, 6703, 6704, 6605",10
"6605",6605,"4244, 4503, 6604, 1826, 6405, 6504, 6506, 6603, 8347, 6805, 6706, 6607, 6704, 6705",14
"6606",6606,"6406, 6505, 6507, 6604, 6806, 6707, 6608, 6705, 6706, 6607, 9643",11
"6607",6607,"6507, 6606, 6407, 6508, 6605, 6506, 6807, 6708, 6706, 6707, 6608",11
"6608",6608,"6508, 6607, 4521, 6507, 6509, 6606, 2, 6709, 6610, 6707, 6677, 6609",12
"6609",6609,"6608, 653, 6409, 6448, 6508, 6510, 2067, 6710, 6611, 9068, 9856, 6709, 6610",13
"6610",6610,"711, 6510, 6609, 6410, 6511, 6608, 6810, 6711, 6612, 8057, 6611",11
"6611",6611,"6511, 6610, 6152, 6411, 6510, 6512, 6609, 2079, 7761, 6811, 6710, 6612",12
"6612",6612,"1788, 6512, 6412, 2459, 6513, 6610, 6611, 6812, 6713, 6614, 6711, 6712, 6613",13
"6613",6613,"6612, 6413, 6512, 6514, 7730, 6813, 6615, 6712, 6713, 6614",10
"6614",6614,"6514, 6613, 6414, 6515, 6612, 6814, 6715, 6616, 6714, 6615",10
"6615",6615,"6515, 6614, 6415, 6514, 6516, 6613, 6224, 2980, 6815, 6617, 6715",11
"6616",6616,"6303, 3347, 5440, 6416, 4605, 6517, 6614, 6618, 9046, 7784, 6816, 6715, 6716, 6617",14
"6617",6617,"6517, 6616, 6417, 6516, 6518, 6615, 3868, 6817, 6716, 6717, 6618",11
"6618",6618,"6617, 6418, 6517, 6519, 6616, 6818, 6719, 6620, 6718, 6619",10
"6619",6619,"4705, 6519, 6618, 282, 6419, 6518, 6520, 3367, 7489, 6819, 6720, 6621, 6718, 6719, 6620",15
"6620",6620,"3139, 6520, 6619, 6420, 6519, 6521, 6618, 4331, 1793, 6719, 6721, 9680, 6720",13
"6621",6621,"6521, 6421, 6522, 6619, 932, 6821, 6722, 6720, 6721, 6622",10
"6622",6622,"3243, 6522, 6621, 915, 6521, 6523, 6422, 6822, 6723, 6721, 6722, 6623",12
"6623",6623,"6622, 313, 3889, 6522, 6524, 376, 6823, 6724, 6722, 6723, 6624",11
"6624",6624,"6524, 6623, 6424, 6523, 472, 7097, 9219, 6824, 6725, 6626, 6723, 6724, 6625",13
"6625",6625,"4142, 6525, 6624, 6425, 6524, 6526, 6825, 6726, 6627, 6724, 6725, 6626",12
"6626",6626,"6526, 6625, 218, 1478, 6426, 1702, 6527, 6624, 2272, 6826, 6727, 6628, 6725, 6726",14
"6627",6627,"5382, 5972, 5194, 6427, 6526, 6528, 6625, 6827, 6728, 6629, 6726, 6628",12
"6628",6628,"6528, 6627, 6428, 6527, 6529, 6626, 6557, 6828, 6729, 6727",10
"6629",6629,"208, 6529, 2694, 6429, 6528, 6530, 6627, 1306, 6730, 6631, 6728, 6729, 6630",13
"6630",6630,"4407, 6530, 6629, 3286, 6529, 6531, 8953, 6830, 6731, 6632, 6729, 8466, 6730, 6631",14
"6631",6631,"6101, 6630, 6431, 6629, 6831, 6732, 6633, 6730, 6731, 6632",10
"6632",6632,"6631, 6432, 6531, 6533, 6630, 6832, 6634, 6731, 6732, 6633",10
"6633",6633,"6533, 6632, 102, 6433, 6532, 6534, 6631, 4006, 6833, 6734, 6732, 6733",12
"6634",6634,"3115, 6434, 6533, 6535, 6632, 6834, 6735, 6636, 6733, 6734, 6635",11
"6635",6635,"6634, 6435, 6534, 6536, 6304, 2830, 6835, 6736, 6734",9
"6636",6636,"6536, 3942, 6436, 6535, 6537, 6634, 7887, 6836, 6737, 6638, 6735, 6637",12
"6637",6637,"6537, 6437, 6536, 6538, 5816, 6636, 6837, 6738, 6736, 6737, 6638",11
"6638",6638,"6538, 6637, 2813, 6537, 6539, 6636, 8436, 6838, 6739, 7168, 6738, 6639",12
"6639",6639,"6539, 6638, 6439, 6538, 6540, 6839, 6740, 6641, 8113, 6739, 6640",11
"6640",6640,"3218, 4768, 5341, 6639, 6440, 6539, 6541, 5770, 1367, 6840, 6642, 6739, 6740, 6641",14
"6641",6641,"6640, 6441, 6540, 6542, 6639, 6841, 6742, 6643, 6741, 6642",10
"6642",6642,"6332, 6542, 6641, 4413, 4412, 6541, 6543, 6640, 1181, 2858, 6842, 6743, 6741, 6742",14
"6643",6643,"6543, 5993, 6544, 6641, 1991, 6542, 6744, 6645, 6742, 6743, 6644",11
"6644",6644,"5356, 6643, 6444, 6543, 5738, 9711, 6844, 6745, 6646, 6743, 6744, 6645",12
"6645",6645,"6545, 6644, 6445, 6544, 6546, 6643, 6845, 6746, 6647, 7795, 6745, 6646",12
"6646",6646,"3794, 6262, 6546, 6645, 4110, 6545, 6547, 6644, 6846, 6747, 6648, 6745, 6746, 6647",14
"6647",6647,"6646, 1385, 6546, 6548, 6645, 6847, 6748, 6649, 6746, 6747, 6648",11
"6648",6648,"6548, 6647, 5347, 6448, 6547, 6549, 6646, 6848, 6749, 6650, 6747, 6748, 6649",13
"6649",6649,"6549, 6648, 6449, 6548, 6550, 6647, 927, 6651, 6748, 6749, 6650",11
"6650",6650,"6550, 6649, 6441, 6450, 6551, 6648, 6652, 6749, 6750, 6651",10
"6651",6651,"6551, 6650, 327, 6451, 6550, 6552, 6649, 9102, 6984, 6752, 6653, 6750, 6751, 6652",14
"6652",6652,"6651, 6551, 6553, 6650, 9847, 6852, 6753, 6654, 6751, 6752, 6653",11
"6653",6653,"4628, 6553, 6652, 5408, 5494, 2187, 6554, 6651, 3835, 8774, 6754, 6752, 6850, 6753",14
"6654",6654,"5509, 530, 96, 4628, 6553, 6555, 6652, 8408, 6854, 6755",10
"6655",6655,"1137, 6555, 1473, 3400, 6554, 4061, 6855, 6756, 6657, 6754, 6755",11
"6656",6656,"6556, 3752, 6456, 6555, 6557, 2761, 6856, 6757, 6658, 6755, 6657",11
"6657",6657,"6557, 6656, 3252, 6556, 6558, 6655, 3613, 6857, 6758, 6659, 6756, 6658",12
"6658",6658,"3179, 6558, 6657, 6458, 6557, 6559, 6656, 6858, 6759, 6660, 6757, 6659",12
"6659",6659,"6559, 6459, 6558, 6560, 6657, 5813, 6658, 9655, 6859, 6760, 6661, 6758, 7138, 6660",14
"6660",6660,"6560, 6659, 6559, 6561, 6658, 6860, 6662, 6759, 9062, 6760, 6661",11
"6661",6661,"2340, 6196, 6561, 6660, 6461, 6659, 6560, 8873, 6861, 6762, 6663, 6760, 6761, 9001",14
"6662",6662,"6562, 750, 6462, 6561, 6563, 6660, 6862, 6763, 6664, 6761, 6762, 6663",12
"6663",6663,"6563, 6662, 6463, 6562, 6564, 6661, 6863, 6764, 6665, 6762, 8381, 6763, 6664",13
"6664",6664,"5027, 6663, 6464, 6563, 1246, 6662, 2945, 1188, 6864, 6666, 6763, 6665",12
"6665",6665,"6565, 6664, 6465, 6564, 6566, 6663, 6865, 6766, 6667, 6764, 9076, 6666",12
"6666",6666,"6566, 6665, 6466, 6565, 6567, 6664, 6866, 6767, 6668, 6765, 6766, 6667",12
"6667",6667,"914, 6567, 6666, 6467, 6566, 6665, 6867, 6768, 6669, 6766, 6767, 6668",12
"6668",6668,"6667, 6468, 6312, 6569, 6666, 9634, 7122, 6868, 6769, 6670, 6767, 6768, 6669",13
"6669",6669,"6569, 6668, 6469, 6568, 6570, 6667, 6869, 6770, 6671, 6768, 6769, 6670",12
"6670",6670,"5119, 5607, 6669, 6571, 6668, 7478, 9251, 6870, 6771, 6672, 6769, 6770, 6671",13
"6671",6671,"6571, 6670, 6471, 6570, 6572, 6669, 5003, 3426, 6673, 6770, 6771, 6672",12
"6672",6672,"6572, 6671, 6571, 6573, 6670, 6872, 6773, 6674, 6771, 6772, 6673",11
"6673",6673,"6573, 6672, 6473, 6572, 6671, 75, 7684, 6873, 6774, 6675, 6772, 6773",12
"6674",6674,"6574, 6474, 6573, 6575, 6672, 3135, 8326, 6874, 6775, 7056, 6774, 6675",12
"6675",6675,"6575, 6674, 5003, 6475, 6574, 6576, 6673, 6875, 6776, 7766, 6774, 6775, 6676",13
"6676",6676,"6576, 6675, 6476, 6575, 6577, 6876, 6777, 6678, 6775, 8906, 6776, 6677",12
"6677",6677,"6577, 6608, 6676, 2929, 6477, 6576, 6578, 3795, 6778, 6679, 6776, 9556, 6777, 6678",14
"6678",6678,"6578, 6677, 6478, 6577, 6676, 4937, 6878, 6779, 6680, 6778, 6679",11
"6679",6679,"6579, 6678, 6479, 6578, 6580, 6677, 6879, 6780, 6681, 6778, 6779, 6680",12
"6680",6680,"6580, 6679, 6480, 6579, 6581, 6678, 6880, 6781, 6682, 6779, 6780, 6681",12
"6681",6681,"1249, 6581, 6680, 6481, 6580, 6679, 6881, 6782, 6683, 6780, 6983, 6682",12
"6682",6682,"6681, 6482, 6490, 6680, 397, 9117, 8353, 6882, 6783, 6684, 8948, 6782, 6683",13
"6683",6683,"6539, 6583, 6682, 6483, 6582, 6584, 6681, 6784, 6685, 6782, 6783, 6684",12
"6684",6684,"6584, 6683, 6484, 6583, 6585, 6682, 6884, 6785, 6686, 6783, 6784, 6685",12
"6685",6685,"6585, 6684, 6485, 6586, 6683, 6885, 6786, 6687, 6784, 6686",10
"6686",6686,"6586, 6685, 4709, 5377, 6486, 6585, 6587, 6684, 6886, 6787, 6688, 6785, 6786, 6687",14
"6687",6687,"6587, 6686, 6487, 6685, 6887, 6788, 6689, 6786, 9591, 7777, 6787, 6688",12
"6688",6688,"6588, 6687, 6488, 6587, 6686, 9010, 7660, 6888, 6690, 6787, 6788, 6689",12
"6689",6689,"6589, 6688, 6489, 6588, 6590, 6687, 5408, 6889, 6790, 6690",10
"6690",6690,"6590, 6689, 3319, 5913, 6490, 6589, 6591, 6688, 6890, 6791, 6692, 6789, 6790, 6691",14
"6691",6691,"6591, 6690, 2796, 6491, 6592, 9241, 6891, 6792, 6693, 6790, 9570, 6791, 6692",13
"6692",6692,"6592, 6691, 6593, 6690, 3703, 6979, 7430, 6793, 6694, 6791, 8126, 6792",12
"6693",6693,"4226, 6593, 5575, 5095, 6493, 6592, 6594, 6691, 7367, 6893, 6794, 6695, 6793, 6694",14
"6694",6694,"6594, 6693, 2778, 2629, 4796, 6494, 6593, 6595, 6692, 6894, 6795, 6793, 6794, 6695",14
"6695",6695,"3160, 6595, 6694, 6495, 6594, 6124, 6693, 346, 3347, 6895, 6697, 6794, 6696",13
"6696",6696,"6596, 6695, 6496, 6595, 9751, 6795, 8639, 6796, 7527",9
"6697",6697,"4297, 6497, 6596, 6598, 6695, 6897, 6798, 6699, 6796, 6797, 6698",11
"6698",6698,"4375, 5548, 6697, 6498, 6898, 6799, 6700, 6797, 8114, 8618, 6798, 7908",12
"6699",6699,"1183, 6599, 3245, 6499, 6598, 6600, 6697, 6899, 6800, 6798, 6700",11
"6700",6700,"3105, 6600, 6699, 6599, 6698, 3236, 6799",7
"6701",6701,"703, 6601, 5613, 6501, 6901, 6702",6
"6702",6702,"6602, 6701, 6502, 6601, 6603, 6902, 6803, 6704, 6801, 6802",10
"6703",6703,"6580, 6603, 653, 4075, 6602, 6604, 870, 5938, 6903, 6705, 6802, 6704",12
"6704",6704,"6604, 6703, 5976, 6504, 6603, 6605, 6702, 6904, 6805, 6706, 6803, 6804, 6705",13
"6705",6705,"6605, 6704, 563, 6446, 5006, 6505, 6604, 6606, 6703, 1706, 6905, 6806, 6804, 6805",14
"6706",6706,"6606, 6605, 6607, 6704, 7419, 6906, 6807, 6708, 6805, 6806, 6707",11
"6707",6707,"6607, 6706, 6507, 6606, 6608, 1665, 6907, 6808, 6709, 6806, 6807, 6708",12
"6708",6708,"6707, 6508, 6607, 6706, 6908, 6809, 6710, 6807, 6808, 6709",10
"6709",6709,"6367, 6609, 6708, 6509, 6608, 3143, 6707, 6909, 6810, 6711, 6808, 6809, 6710",13
"6710",6710,"2547, 6709, 1934, 6510, 6609, 6611, 6708, 6944, 8534, 6910, 6809, 6810, 6711",13
"6711",6711,"6710, 3911, 6511, 6610, 6612, 6709, 3728, 6580, 6729, 6713, 6810, 8718, 6811, 6712",14
"6712",6712,"6612, 6711, 6512, 2361, 6613, 4952, 6714, 6811, 6812",9
"6713",6713,"6613, 2702, 775, 6513, 6612, 6711, 5000, 6913, 6814, 6812, 6813, 6714",12
"6714",6714,"6614, 6713, 6514, 252, 6712, 6914, 6815, 6716, 6813, 9862, 6814",11
"6715",6715,"6615, 6515, 6614, 6616, 6915, 6816, 6814, 6815, 6716, 9465",10
"6716",6716,"6616, 6715, 5489, 6617, 6714, 6916, 6817, 6718, 6815, 6816",10
"6717",6717,"6617, 4171, 245, 3108, 6517, 5578, 6917, 6818, 6719, 6816, 8164, 6817, 9488",13
"6718",6718,"6618, 235, 6104, 6518, 6619, 6716, 6918, 6720, 6817, 6818, 6719",11
"6719",6719,"6619, 6718, 6519, 6618, 6620, 6717, 6919, 6820, 6721, 6818, 6819, 6720",12
"6720",6720,"6620, 6719, 2091, 6619, 6621, 6718, 1336, 6920, 6821, 8000, 6721",11
"6721",6721,"307, 6621, 4586, 6521, 6620, 6622, 6719, 6720, 6921, 6822, 6723, 6820, 6821, 6722",14
"6722",6722,"6622, 6721, 6522, 6621, 6623, 64, 6816, 6922, 6724, 6821, 6822, 6723",12
"6723",6723,"6623, 6722, 494, 6523, 6622, 6624, 6721, 9238, 6923, 6824, 6725, 6822, 6823, 6724",14
"6724",6724,"6624, 6723, 6524, 6623, 6625, 6722, 6924, 6825, 6823, 6824, 6725",11
"6725",6725,"6625, 6724, 2472, 6525, 6624, 6626, 6723, 7098, 6727, 6824, 6825, 6726",12
"6726",6726,"6518, 6626, 6725, 6526, 6625, 6627, 5615, 190, 6926, 6825, 6826",11
"6727",6727,"511, 2622, 4393, 6527, 6626, 6628, 6725, 7295, 6927, 6828, 6729, 6827, 6728, 9171",14
"6728",6728,"6727, 6528, 6627, 6629, 9154, 9037, 6928, 6829, 6730, 6827, 8517, 6828, 6729",13
"6729",6729,"6711, 6629, 6728, 1075, 52, 6628, 6630, 6727, 6929, 6830, 6731, 6829, 6730",13
"6730",6730,"6630, 6729, 3993, 6629, 6631, 6728, 6930, 6831, 6732, 6829, 6830, 6731",12
"6731",6731,"6631, 6730, 4032, 4911, 6531, 6630, 6632, 6729, 6931, 6832, 6733, 6830, 6732",13
"6732",6732,"6632, 6731, 6532, 6631, 6633, 6730, 3753, 6932, 6831, 9642, 6832, 6733",12
"6733",6733,"6633, 6732, 6533, 6101, 6634, 6731, 6933, 6834, 6735, 6833, 6734",11
"6734",6734,"2107, 6634, 6733, 6534, 6633, 6635, 2424, 9175, 6934, 6835, 6736, 6834, 6735",13
"6735",6735,"6734, 6535, 6634, 6636, 6733, 7723, 6935, 6836, 6737, 6835",10
"6736",6736,"5131, 1666, 6536, 6635, 6637, 6734, 7597, 6936, 6837, 6738, 6835, 9569, 6836, 6737",14
"6737",6737,"6637, 6736, 6537, 6636, 6530, 6735, 4116, 6937, 8176, 6836, 6837",11
"6738",6738,"3263, 6638, 6538, 6637, 149, 6736, 77, 6938, 6839, 6837, 6739",11
"6739",6739,"141, 6639, 6738, 3894, 5852, 6638, 6640, 7069, 6939, 6840, 6741, 6838, 6839, 6740",14
"6740",6740,"6640, 6739, 6540, 6639, 935, 6064, 8391, 6940, 6841, 6742, 6839, 6840, 6741",13
"6741",6741,"557, 6641, 6740, 1026, 6541, 6642, 6739, 6941, 6842, 9381, 6840, 6841, 8880",13
"6742",6742,"6642, 6641, 6643, 6740, 9653, 7400, 6942, 6843, 6744, 6841, 6842, 6743",12
"6743",6743,"2686, 6643, 6742, 1399, 5284, 6543, 6642, 6644, 6943, 6844, 6745, 6842, 6843",13
"6744",6744,"6644, 2873, 4057, 6544, 6643, 6742, 6944, 8985, 6746, 6843, 7380, 6844, 6745, 8274",14
"6745",6745,"6645, 6744, 6545, 6644, 6646, 6743, 6945, 6846, 6747, 6844, 6845, 6746",12
"6746",6746,"6646, 6745, 6546, 6645, 6647, 6744, 323, 6946, 6847, 6748, 9251, 6846, 6747",13
"6747",6747,"5129, 6647, 6746, 5488, 6547, 6646, 6648, 6745, 939, 6947, 6848, 6749, 6847",13
"6748",6748,"6648, 3291, 6548, 6647, 6649, 6746, 860, 6948, 6849, 6750, 6848, 6749",12
"6749",6749,"6649, 6748, 6549, 6648, 6650, 6747, 2264, 6850, 6751, 6848",10
"6750",6750,"6650, 2263, 5699, 1892, 6651, 6748, 5874, 6950, 6752, 6849, 8261, 6850, 6751",13
"6751",6751,"2382, 6651, 6750, 6551, 6652, 6749, 6852, 6753, 6850, 6851, 6752",11
"6752",6752,"6652, 6751, 6552, 6651, 6653, 6750, 2110, 6952, 6853, 6754, 6852, 6753",12
"6753",6753,"2250, 6653, 6752, 6553, 6652, 4184, 6751, 9747, 6953, 6854, 6755, 7666, 6853, 6754",14
"6754",6754,"6753, 6554, 6653, 6655, 6752, 6954, 6855, 6756, 6853, 6854, 6755",11
"6755",6755,"6655, 6754, 6555, 6654, 6656, 6753, 6955, 6856, 6757, 6854, 6855, 6756",12
"6756",6756,"4421, 6755, 6556, 6655, 6657, 6754, 6956, 6857, 6758, 6855, 6856, 6757",12
"6757",6757,"6756, 6557, 6656, 6658, 6755, 6957, 6858, 6759, 6856, 6857, 6758",11
"6758",6758,"6757, 6558, 6657, 6659, 6756, 4265, 1118, 9117, 6859, 6760, 9101, 6858",12
"6759",6759,"5720, 6559, 6658, 6660, 6757, 1869, 6959, 6858, 6859, 6760",10
"6760",6760,"6660, 6759, 243, 5274, 6659, 6661, 6758, 3562, 7420, 6960, 6861, 6762, 6860, 6761",14
"6761",6761,"6661, 6760, 6561, 152, 6662, 2774, 6961, 6862, 8091, 6860, 6762",11
"6762",6762,"1758, 2395, 6662, 6761, 6562, 6661, 6663, 6760, 8493, 7625, 6962, 6863, 6764, 6861, 6862",15
"6763",6763,"6663, 440, 6563, 6662, 6664, 8977, 6963, 6864, 6862, 6863, 6764",11
"6764",6764,"6763, 4509, 6564, 6663, 6665, 6762, 8414, 6964, 6865, 6766, 6864, 6765",12
"6765",6765,"6764, 4486, 5619, 6565, 6666, 3628, 6866, 6767, 6864, 6865, 6766",11
"6766",6766,"6666, 6765, 6566, 6665, 6667, 6764, 9035, 6966, 6867, 6768, 6865, 6866, 6767",13
"6767",6767,"5837, 6667, 6766, 6567, 6666, 6668, 6765, 3518, 6967, 6769, 6866, 6867, 6768",13
"6768",6768,"6668, 6767, 6568, 6667, 6669, 6766, 5954, 6869, 6770, 9199, 6868",11
"6769",6769,"6669, 5726, 6668, 6670, 6767, 9792, 6969, 6870, 6771, 6868, 6869, 6770",12
"6770",6770,"6670, 6769, 6570, 6669, 6671, 6768, 7372, 6970, 6871, 6772, 6869, 6870, 6771",13
"6771",6771,"6671, 6770, 6571, 6670, 6672, 6769, 7416, 6872, 6773, 6870, 6871, 6772",12
"6772",6772,"2649, 6672, 6771, 6572, 6673, 6770, 9568, 6972, 6873, 6774, 6871, 6773",12
"6773",6773,"6673, 6772, 4900, 6573, 6672, 6771, 6973, 6874, 6775, 6872, 6873, 6774",12
"6774",6774,"6674, 6773, 6574, 6673, 6675, 6772, 6974, 6875, 6776, 6873, 6874, 6775",12
"6775",6775,"6675, 6774, 3973, 6575, 6674, 6676, 6773, 7824, 6876, 6777, 6874, 6875",12
"6776",6776,"6676, 6576, 6675, 6677, 6774, 5213, 4655, 6976, 6877, 6876, 6777, 9812",12
"6777",6777,"247, 6677, 6776, 4851, 6577, 6676, 6775, 6977, 6876, 6877, 6778",11
"6778",6778,"612, 6678, 6777, 6578, 6677, 6679, 6978, 6879, 6780, 6877, 6878, 6779",12
"6779",6779,"6679, 6778, 6579, 6678, 6680, 6979, 8420, 6878, 6879, 6780",10
"6780",6780,"6680, 6779, 331, 6679, 6681, 6778, 8516, 6980, 6782, 6879, 7058, 6781",12
"6781",6781,"6780, 6403, 6581, 6680, 832, 6981, 6783, 6880, 6881, 6782",10
"6782",6782,"6682, 6781, 6582, 6681, 6683, 6780, 676, 7058, 6784, 6881, 9160, 6882, 6783",13
"6783",6783,"6683, 6782, 1645, 6583, 6682, 6684, 6781, 69, 6983, 6785, 6882, 6883, 6784",13
"6784",6784,"6684, 6783, 6584, 6683, 6685, 6782, 6984, 6786, 6883, 6884",10
"6785",6785,"1447, 3931, 475, 6585, 6684, 6686, 6783, 6238, 9035, 6886, 8859, 6884",12
"6786",6786,"5057, 6686, 6586, 6685, 6687, 6784, 5947, 6454, 6986, 6887, 6788, 6885, 6886",13
"6787",6787,"6687, 2380, 6686, 6688, 5316, 6888, 6789, 6886, 6887, 6788",10
"6788",6788,"6688, 6787, 6588, 6687, 6786, 8401, 6988, 6889, 6790, 6887, 6789",11
"6789",6789,"4376, 6788, 2061, 6589, 1914, 6690, 6787, 8285, 7661, 6989, 6890, 6791, 6888, 6889, 6790",15
"6790",6790,"4022, 6690, 6789, 4524, 4963, 6590, 6689, 6691, 6788, 6990, 6891, 6792, 6889, 8434, 6890",15
"6791",6791,"6691, 5095, 6690, 6692, 6789, 9148, 6991, 6892, 6793, 6890, 8364, 6891, 6792",13
"6792",6792,"6692, 6791, 6592, 6691, 4562, 6790, 6852, 6992, 6893, 6794, 6891, 6892, 6793",13
"6793",6793,"6693, 6792, 167, 3272, 4469, 6593, 6692, 6694, 6791, 6993, 6894, 6795, 6893, 6794",14
"6794",6794,"6694, 6793, 6594, 6693, 6695, 6792, 6895, 6796, 6886, 6894, 6795",11
"6795",6795,"6794, 6595, 6694, 6696, 6793, 6995, 6896, 6797, 6894, 9086, 6895",11
"6796",6796,"6696, 6596, 6697, 6794, 6996, 6897, 6798, 6895, 6896, 6797, 8125",11
"6797",6797,"3471, 3859, 6697, 6796, 6597, 6698, 6795, 3297, 6997, 9652, 6897",11
"6798",6798,"6698, 4592, 6598, 6697, 6699, 6796, 6998, 6899, 8690, 6897, 6898, 6799",12
"6799",6799,"6798, 951, 6599, 6698, 6700, 6999, 6900, 6898, 6899, 6800",10
"6800",6800,"6799, 6600, 6699, 7000, 6899, 6900",6
"6801",6801,"799, 6601, 6702, 7001, 6902, 6803, 6901, 6802",8
"6802",6802,"6702, 6801, 6602, 1841, 6703, 7002, 6903, 6804, 6901, 7139, 6803",11
"6803",6803,"2385, 6802, 6603, 6702, 6704, 6801, 7003, 6904, 6805, 6903",10
"6804",6804,"1159, 6704, 4356, 6604, 6705, 6802, 7004, 6905, 6806, 6903, 8224, 6904, 6805",13
"6805",6805,"6705, 6804, 6605, 6704, 6706, 6803, 6517, 7005, 6904, 6905, 6806",11
"6806",6806,"6706, 6805, 3777, 5293, 6606, 6705, 6707, 6804, 5408, 7006, 6907, 6808, 6905, 6906",14
"6807",6807,"6707, 6607, 6706, 6708, 7007, 6908, 6809, 6906, 6907, 6808",10
"6808",6808,"6708, 6807, 6707, 6709, 6806, 3874, 7008, 6810, 6907, 6908, 7875",11
"6809",6809,"6709, 4857, 6708, 6710, 6807, 7009, 6910, 6908, 7095, 6810",10
"6810",6810,"5014, 6710, 6809, 6610, 6709, 6711, 6808, 7010, 6911, 6812, 6909, 6910, 6811",13
"6811",6811,"6711, 6810, 6611, 1229, 6712, 5576, 9263, 6912, 6813, 6910, 6911, 6812",12
"6812",6812,"6021, 6712, 6811, 3994, 6612, 6713, 6810, 7012, 6913, 6814, 6912, 6813",12
"6813",6813,"6713, 6812, 6613, 5759, 6714, 6811, 5030, 1815, 6914, 6815, 6913, 6814",12
"6814",6814,"6157, 6714, 6813, 1316, 5820, 6614, 6713, 6715, 6812, 7014, 6915, 6816, 6913, 7435, 6914, 6815",16
"6815",6815,"6715, 6814, 6615, 6714, 6716, 6813, 6916, 6817, 6914, 6915",10
"6816",6816,"310, 733, 6716, 1206, 95, 2085, 2619, 6456, 6616, 6715, 6717, 6814, 6722, 6917, 6818, 6915, 6916, 6817",18
"6817",6817,"6717, 6816, 6617, 6716, 6718, 6815, 7017, 6918, 6916, 7596, 6917, 6818",12
"6818",6818,"6718, 6817, 6618, 6717, 6719, 6816, 7018, 6919, 6820, 6917, 6918, 6819",12
"6819",6819,"6719, 6818, 795, 6619, 1175, 1541, 7019, 6920, 6821, 6918, 8595, 6919",12
"6820",6820,"1666, 3698, 6719, 6721, 6818, 7638, 6921, 6919, 6920, 6821",10
"6821",6821,"6721, 6820, 6621, 6720, 6722, 6819, 5310, 6922, 6823, 6920, 6921, 6822",12
"6822",6822,"6722, 6821, 6622, 6721, 6723, 4837, 1009, 2915, 7022, 6923, 7454",11
"6823",6823,"3712, 6723, 6623, 6724, 6821, 8651, 7023, 6924, 6825, 6922, 6923, 6824",12
"6824",6824,"6724, 6823, 6276, 6624, 6723, 6725, 6925, 8582, 6924, 6825",10
"6825",6825,"6725, 6824, 6625, 6724, 6726, 6823, 7025, 6926, 6827, 6924, 6826",11
"6826",6826,"6726, 6626, 6825, 7481, 7026, 6927, 6828, 6925, 6926, 6827",10
"6827",6827,"6727, 6826, 1621, 6627, 6728, 6825, 7027, 6928, 6829, 6926, 7488, 6927, 6828",13
"6828",6828,"1358, 6728, 6827, 6628, 6727, 6826, 776, 8018, 9523, 7028, 6929, 6830, 6927, 7558, 7110, 6928",16
"6829",6829,"2799, 6729, 6728, 6730, 6827, 4981, 6930, 6831, 6928, 6929",10
"6830",6830,"6730, 4822, 6630, 6729, 6731, 6828, 4282, 7030, 6832, 6929, 6930",11
"6831",6831,"930, 3078, 1443, 6631, 6730, 6732, 6829, 9353, 7031, 6932, 6930, 6931, 6832",13
"6832",6832,"1474, 2910, 3293, 6732, 6831, 6632, 6731, 6830, 7032, 6933, 8175, 6931, 6932, 6833",14
"6833",6833,"10, 6733, 6832, 6130, 6633, 5866, 6395, 7033, 6934, 6835, 6933, 6834",12
"6834",6834,"6734, 6833, 94, 6634, 6733, 2379, 7034, 6935, 6836, 6933, 6934, 6835",12
"6835",6835,"6735, 6834, 6635, 6734, 6736, 6833, 7035, 6837, 6934, 6836",10
"6836",6836,"6736, 6835, 1712, 1733, 2599, 6636, 6735, 6737, 6834, 4793, 7036, 6838, 6935, 6936, 6837",15
"6837",6837,"6737, 6836, 1122, 5745, 6637, 6736, 6738, 6835, 8603, 7037, 6938, 6936, 8868, 6937, 6838",15
"6838",6838,"6837, 411, 3757, 6638, 2631, 6739, 6836, 6553, 6939, 6840, 6937, 6938, 6839",13
"6839",6839,"6739, 6838, 6639, 6738, 6740, 2707, 7039, 6940, 6841, 6938, 6939, 6840",12
"6840",6840,"6740, 6839, 6640, 6739, 6741, 6838, 3642, 7040, 6941, 6939, 6940, 6841",12
"6841",6841,"6741, 6840, 4848, 6641, 6740, 6742, 6839, 7041, 6942, 6843, 6940, 6941, 6842",13
"6842",6842,"6742, 6841, 6642, 6741, 6743, 7042, 6943, 6844, 6941, 6942, 6843",11
"6843",6843,"6743, 6842, 576, 6742, 6744, 6841, 7043, 6944, 6845, 6942, 6943, 6844",12
"6844",6844,"6744, 6843, 3565, 6644, 6743, 6745, 6842, 7044, 6945, 6846, 6943, 6944, 6845",13
"6845",6845,"5634, 6499, 6745, 6844, 6645, 6843, 9850, 9604, 8535, 6946, 6847, 6944, 9063, 7757, 6846",15
"6846",6846,"6746, 6845, 3629, 6646, 6745, 6844, 7177, 7046, 6947, 6848, 6945, 9414, 6946, 6847",14
"6847",6847,"6747, 6846, 6647, 6746, 6845, 7047, 6948, 6946, 6947, 6848",10
"6848",6848,"6748, 6847, 4152, 6648, 6747, 6749, 6846, 4119, 8988, 6850, 6948, 6849",12
"6849",6849,"1338, 6848, 6748, 6750, 3608, 9926, 7049, 6950, 6851, 6948, 6949, 6850",12
"6850",6850,"6750, 6849, 4575, 6653, 6749, 6751, 6848, 217, 8147, 7050, 6951, 6852, 6950, 6851",14
"6851",6851,"6751, 6850, 1372, 6849, 1718, 9992, 7051, 6952, 6853, 6951, 6852",11
"6852",6852,"6752, 6851, 6652, 6751, 3841, 6850, 6792, 9637, 6854, 6951, 6952, 6853",12
"6853",6853,"6753, 6852, 1322, 1179, 1899, 6752, 6754, 6851, 7053, 6954, 6855, 6952, 6953, 6854",14
"6854",6854,"6754, 6853, 4062, 6654, 6753, 6755, 6852, 6067, 337, 7054, 6953, 7796, 6855",13
"6855",6855,"6, 6755, 6854, 6655, 6754, 6756, 6853, 2251, 7055, 6956, 6857, 6954, 6955",13
"6856",6856,"6756, 1317, 2440, 6656, 6755, 6757, 7056, 6957, 6858, 6955, 6956",11
"6857",6857,"6757, 3062, 6657, 6756, 6855, 7057, 6958, 6859, 6956, 6957, 6858, 8107",12
"6858",6858,"6758, 6857, 6658, 6757, 6759, 6856, 7058, 6959, 6860, 6957, 6958, 6859",12
"6859",6859,"6759, 6858, 6659, 6758, 6857, 7059, 6960, 6861, 6959, 7715",10
"6860",6860,"6760, 6660, 6761, 6858, 9027, 7027, 6961, 6862, 9028, 6960, 6861",11
"6861",6861,"6860, 6661, 6760, 6762, 6859, 7061, 6962, 6863, 6960, 6961, 6862",11
"6862",6862,"6762, 6861, 2820, 5181, 6662, 6761, 6763, 6860, 7062, 6963, 6864, 6962, 6863",13
"6863",6863,"6763, 6862, 6663, 6762, 948, 6861, 7063, 6964, 6865, 6962, 6963, 6864",12
"6864",6864,"6764, 6863, 6664, 6763, 6765, 6862, 7064, 6965, 6866, 6963, 6964",11
"6865",6865,"6765, 3966, 6665, 6764, 6766, 6863, 6885, 7065, 6966, 6867, 6965, 6866, 9956",13
"6866",6866,"6766, 6865, 6666, 6765, 6767, 6864, 7066, 6967, 6868, 6965, 6966, 6867",12
"6867",6867,"6767, 6866, 6667, 6766, 1138, 6865, 7067, 6968, 6869, 6967, 6868",11
"6868",6868,"6768, 6867, 1087, 6668, 6769, 6866, 9296, 7068, 6969, 6870, 6967, 6968, 6869",13
"6869",6869,"6769, 6868, 6669, 6768, 6770, 6867, 7069, 6970, 6871, 6968, 6969, 6870",12
"6870",6870,"6770, 6869, 6670, 6769, 6771, 6868, 7070, 6971, 6969, 6970, 6871",11
"6871",6871,"6771, 6870, 4441, 6770, 6772, 6869, 7071, 6972, 6873, 6970, 6971, 6872",12
"6872",6872,"4156, 3692, 6871, 4106, 4591, 5343, 6672, 6771, 6773, 4035, 7072, 6973, 6971, 6972, 6873",15
"6873",6873,"6773, 6872, 5134, 6035, 6673, 6772, 6774, 6871, 4844, 9245, 7858, 7073, 6974, 6875, 9728, 7077, 6874",17
"6874",6874,"6774, 6873, 6674, 6773, 6775, 7074, 6975, 6876, 6973, 6974, 6875",11
"6875",6875,"6775, 6874, 4506, 6675, 6774, 6873, 5019, 6976, 6975, 6876",10
"6876",6876,"6776, 6875, 3453, 6676, 6775, 6777, 6874, 9812, 7076, 6977, 6878, 6975, 6877",13
"6877",6877,"6777, 6876, 6776, 6778, 7077, 6978, 6879, 6976, 8495, 6977, 6878",11
"6878",6878,"6778, 6877, 5254, 6678, 3340, 6779, 6876, 7078, 6979, 6880, 6977, 9823, 6978",13
"6879",6879,"173, 6779, 5772, 6679, 6778, 6780, 6877, 8241, 7079, 8004, 6881, 6978, 6979, 6880",14
"6880",6880,"4221, 6879, 2724, 1097, 6680, 6781, 6878, 3728, 8313, 7080, 6979, 6980, 6881",13
"6881",6881,"6781, 6880, 2673, 6681, 1708, 6782, 6879, 7081, 6982, 6883, 6980, 6981, 6882",13
"6882",6882,"6782, 6881, 6554, 6682, 690, 6783, 5604, 7082, 6983, 6981, 6982, 6883",12
"6883",6883,"6783, 6882, 4871, 6784, 6881, 5434, 7083, 6984, 8625, 6982, 6983",11
"6884",6884,"6784, 6684, 6785, 7084, 6985, 6886, 6983, 8593, 6984",9
"6885",6885,"6865, 6685, 6447, 6786, 7175, 6887, 6984, 6985, 6886, 7734",10
"6886",6886,"6389, 6786, 6885, 6686, 6785, 6787, 6794, 6884, 7086, 6987, 6888, 6985, 6887",13
"6887",6887,"6787, 4745, 6687, 6786, 6788, 6885, 6886, 8659, 6988, 6889, 6986, 6987, 6888",13
"6888",6888,"5506, 4433, 6887, 6688, 6787, 6789, 6886, 4880, 7088, 6989, 6890, 6987, 6988",13
"6889",6889,"6789, 5165, 6689, 6788, 6790, 6887, 2095, 7089, 6988, 6989",10
"6890",6890,"6790, 5526, 6690, 6789, 6791, 6888, 7090, 6991, 6892, 6989, 6990, 6891",12
"6891",6891,"6791, 6890, 6691, 6790, 6792, 8279, 7091, 6992, 6893, 6990, 6991, 6892",12
"6892",6892,"6792, 6891, 980, 4266, 6791, 3954, 6890, 7092, 6993, 6894, 6991, 6992, 6893",13
"6893",6893,"6793, 6892, 6693, 6792, 6891, 7093, 6994, 6895, 6992, 6993, 8464",11
"6894",6894,"6794, 6602, 6694, 6793, 6795, 6892, 7094, 6995, 6896, 6993, 6994, 6895",12
"6895",6895,"6795, 6894, 5774, 6695, 6794, 6796, 6893, 8514, 7095, 6996, 6897, 6994, 6995, 6896",14
"6896",6896,"6796, 6895, 6795, 6894, 7096, 6995, 6996, 6897",8
"6897",6897,"6797, 6896, 6697, 6796, 6798, 6895, 7097, 6998, 6899, 6996, 6997, 6898",12
"6898",6898,"6798, 6897, 6698, 6799, 7596, 7796, 7098, 6999, 6900, 7408, 6998, 6899",12
"6899",6899,"6799, 6898, 6699, 6798, 6800, 6897, 7099, 6998, 8520, 6999, 6900",11
"6900",6900,"6800, 6899, 6799, 6898, 3248, 9080, 6999, 7000",8
"6901",6901,"6801, 362, 6701, 6802, 7101, 7002, 6903, 7001, 6902",9
"6902",6902,"2858, 6901, 3579, 6702, 6801, 1538, 5095, 7329, 7102, 7003, 6904, 7001",12
"6903",6903,"6803, 4076, 6703, 6802, 6804, 6901, 7103, 6905, 7002, 7003, 6904",11
"6904",6904,"6804, 6903, 6704, 6803, 6805, 6902, 9976, 7104, 7005, 6906, 7003, 7004, 6905",13
"6905",6905,"2356, 6805, 6904, 6705, 6804, 6806, 6903, 7358, 7105, 6907, 7004, 7005, 6906",13
"6906",6906,"4855, 6806, 6905, 3882, 2738, 6706, 6807, 6904, 7106, 7007, 6908, 7005, 9374, 8173, 7006, 6907",16
"6907",6907,"6807, 6906, 6707, 6806, 6808, 6905, 7634, 7107, 9307, 6909, 7006, 7007, 6908",13
"6908",6908,"6808, 6907, 2671, 6708, 6807, 6809, 6906, 4264, 3617, 7108, 7009, 6910, 6909",13
"6909",6909,"3053, 6908, 2142, 6709, 5544, 6810, 6907, 7109, 7010, 7008, 7009, 6910",12
"6910",6910,"6810, 6909, 552, 6710, 6809, 6811, 6908, 7110, 7011, 6912, 7009, 7010",12
"6911",6911,"3747, 6811, 195, 6810, 16, 5557, 8701, 7111, 7012, 6913, 7010, 7011, 6912, 9116",14
"6912",6912,"6812, 6911, 6910, 6811, 7112, 6914, 7011, 7012, 6913",9
"6913",6913,"6813, 6912, 1252, 6713, 6812, 6814, 6911, 7113, 7014, 6915, 7012, 8740, 7013, 6914",14
"6914",6914,"6814, 6913, 6714, 6813, 6815, 6912, 6453, 2498, 7015, 6916, 7013, 7014",12
"6915",6915,"6815, 5439, 6715, 6814, 6816, 6913, 625, 7115, 7016, 6917, 7014, 7015",12
"6916",6916,"6816, 6716, 6815, 6817, 6914, 7116, 7017, 7015, 7016, 6917",10
"6917",6917,"6817, 6916, 4570, 6717, 6816, 6818, 6915, 9587, 7117, 7018, 6919, 7880, 7017, 6918",14
"6918",6918,"5738, 6818, 6917, 6718, 6817, 6819, 7118, 7019, 7017, 7435, 7018, 6919",12
"6919",6919,"5944, 6819, 6918, 536, 6719, 6818, 6820, 6917, 3586, 8854, 7119, 7020, 6921, 7018, 7019, 6920",16
"6920",6920,"6820, 6919, 1984, 6720, 6819, 6821, 6277, 7120, 6922, 7019, 7020, 6921",12
"6921",6921,"4229, 6821, 6920, 6721, 6820, 2594, 6919, 7121, 7022, 6923, 7020, 6922",12
"6922",6922,"6921, 6722, 6821, 6823, 6920, 7122, 7023, 6924, 7021, 7022, 6923",11
"6923",6923,"2097, 6823, 6922, 3138, 6723, 6822, 6921, 5719, 7934, 7123, 7024, 6925, 7022, 7023",14
"6924",6924,"6824, 5477, 6724, 6823, 6825, 6922, 7124, 7025, 6926, 7023, 7024, 7420",12
"6925",6925,"3978, 6824, 6826, 6923, 7965, 7997, 7125, 7026, 6927, 7024, 7025, 6926",12
"6926",6926,"6826, 6925, 6726, 6825, 6827, 6924, 8413, 8480, 7027, 6928, 7025, 9571, 7026, 6927",14
"6927",6927,"6827, 6926, 6727, 6826, 6828, 6925, 7127, 7119, 7026, 7027, 6928",11
"6928",6928,"6828, 6927, 6728, 6827, 6829, 6926, 7314, 7128, 7029, 6930, 7027, 8453, 7028, 6929",14
"6929",6929,"4541, 6414, 6829, 6928, 6729, 6828, 6830, 1305, 7129, 7030, 6931, 7028, 7029",13
"6930",6930,"6830, 6415, 6730, 6829, 6831, 6928, 1813, 7130, 7031, 7029, 7030, 6931, 7308",13
"6931",6931,"6831, 6930, 6731, 5595, 6832, 6929, 7131, 7032, 6933, 7030, 7031, 6932",12
"6932",6932,"6832, 6931, 6732, 6831, 2621, 9621, 7132, 7033, 6934, 7031, 7032, 8855",12
"6933",6933,"1177, 6833, 6733, 6832, 6834, 6931, 7133, 7034, 6935, 7032, 6934",11
"6934",6934,"1468, 6834, 6933, 4784, 6734, 6833, 6835, 6932, 399, 4984, 8230, 7134, 7033, 7034, 6935",15
"6935",6935,"3030, 4894, 6934, 6735, 6834, 6836, 6933, 8784, 7036, 6937, 7034, 7035, 6936",13
"6936",6936,"2795, 6836, 6935, 123, 6736, 492, 6837, 7037, 6938, 7035, 7036, 6937",12
"6937",6937,"6837, 6936, 6247, 6737, 6838, 6935, 3282, 7137, 7038, 6939, 7036, 7037",12
"6938",6938,"6838, 3092, 6738, 6837, 6839, 6936, 7422, 7138, 7039, 9427, 7037, 7038, 7998",13
"6939",6939,"6839, 6739, 6838, 6840, 6937, 7139, 6941, 7038, 7039, 6940",10
"6940",6940,"6840, 6939, 6740, 6839, 6841, 7041, 6942, 7039, 7040, 6941",10
"6941",6941,"6841, 6940, 1817, 6741, 6840, 6842, 6939, 7141, 7042, 6943, 7040, 7041, 6942",13
"6942",6942,"6116, 6842, 6941, 6742, 6841, 6843, 6940, 7339, 7142, 7043, 6944, 7041, 7042",13
"6943",6943,"6843, 1382, 6743, 6842, 6844, 6941, 8026, 7143, 8424, 6945, 7042, 7043, 6944",13
"6944",6944,"4849, 6844, 6943, 1133, 1906, 6744, 6843, 6845, 6942, 6710, 7144, 7045, 6946, 7043, 7044, 6945",16
"6945",6945,"6944, 3069, 6745, 6844, 6846, 6943, 7145, 7046, 6947, 7045, 6946",11
"6946",6946,"6846, 6945, 4931, 5718, 6746, 6845, 6847, 6944, 7146, 7047, 7045, 7046, 6947",13
"6947",6947,"6847, 6946, 6747, 6846, 6945, 7147, 7048, 6949, 7046, 7047, 6948",11
"6948",6948,"6848, 6947, 6748, 6847, 6849, 4730, 7148, 7049, 6950, 7047, 7048, 6949",12
"6949",6949,"6849, 6948, 655, 6947, 5102, 8495, 7048, 9772, 6950",9
"6950",6950,"6850, 6949, 6750, 6849, 6948, 7224, 7150, 7051, 6952, 7049, 7050, 6951",12
"6951",6951,"6851, 6950, 1102, 231, 3271, 6850, 6852, 7151, 6953, 6952",10
"6952",6952,"6852, 6951, 6752, 6851, 6853, 6950, 3714, 7152, 8791, 6954, 7051, 7052",12
"6953",6953,"6853, 6753, 6854, 6951, 3575, 7153, 6955, 7052, 7053, 6954",10
"6954",6954,"6953, 79, 6754, 6853, 6855, 6952, 7055, 6956, 7053, 7054, 6955",11
"6955",6955,"6855, 6954, 6755, 6856, 6953, 22, 7155, 7056, 6957, 7055",10
"6956",6956,"6856, 6756, 6855, 6857, 6954, 9114, 7156, 6958, 7055, 7056, 6957",11
"6957",6957,"6857, 6956, 6757, 6856, 6858, 6955, 5848, 7157, 7058, 6959, 7056, 9887, 7057",13
"6958",6958,"136, 6858, 6115, 6857, 2733, 6956, 7407, 7158, 7059, 6960, 7057, 6959",12
"6959",6959,"6859, 6958, 6759, 6858, 3300, 6957, 7159, 7060, 6961, 7058, 7059, 6960",12
"6960",6960,"6860, 6959, 6760, 6859, 6861, 6958, 7160, 7061, 6962, 7059, 7060, 9368",12
"6961",6961,"6861, 1370, 6761, 6860, 4787, 6959, 7161, 7062, 6963, 7061, 6962",11
"6962",6962,"98, 6862, 6961, 4700, 6762, 6861, 6863, 6960, 7162, 9874, 6964, 7062, 6963",13
"6963",6963,"6863, 6962, 1512, 4922, 6763, 6862, 6864, 6961, 449, 8242, 6965, 7063, 6964",13
"6964",6964,"6864, 6963, 6764, 6863, 336, 6962, 7164, 7146, 6966, 7063, 7064, 6965",12
"6965",6965,"6865, 6964, 3933, 5441, 6864, 6866, 6963, 7165, 7066, 6967, 7064, 7065, 6966",13
"6966",6966,"6866, 6965, 3832, 4481, 6766, 6865, 2901, 6964, 7166, 7067, 6968, 7065, 7066, 6967",14
"6967",6967,"6867, 6966, 1769, 6767, 6866, 6868, 6965, 7167, 6969, 7066, 7067, 6968",12
"6968",6968,"6868, 6967, 1827, 6558, 1509, 6867, 6869, 6966, 7076, 7168, 7069, 6970, 7067, 7068, 6969",15
"6969",6969,"990, 6869, 6968, 6288, 6769, 6868, 6870, 6967, 7169, 7070, 6971, 7068, 7069, 6970",14
"6970",6970,"6870, 6969, 6770, 6869, 6871, 6968, 7170, 7071, 6972, 7069, 7070, 6971",12
"6971",6971,"6871, 6970, 3101, 6870, 6872, 6969, 7171, 7072, 6973, 7217, 7071, 6972",12
"6972",6972,"4926, 6872, 6971, 6772, 6871, 6970, 7172, 7073, 6974, 7071, 8094, 6973",12
"6973",6973,"6972, 6773, 6872, 6874, 6971, 3175, 7074, 6975, 7072, 7073, 6974",11
"6974",6974,"3123, 3191, 6874, 6973, 3220, 6774, 6873, 6972, 7174, 7075, 7073, 7074, 6975",13
"6975",6975,"6271, 6875, 6974, 6175, 6874, 6876, 6973, 3236, 9063, 7175, 7076, 7074, 7075, 6976",14
"6976",6976,"4754, 6975, 6776, 6875, 6877, 1593, 2216, 8855, 7176, 7077, 6978, 7075, 7076",13
"6977",6977,"6877, 6777, 6876, 6878, 651, 7177, 7078, 6979, 7076, 7077, 6978",11
"6978",6978,"6878, 6977, 2008, 6778, 6877, 6879, 6976, 7178, 7079, 6980, 7077, 7078, 6979",13
"6979",6979,"6879, 6978, 6692, 6779, 6878, 6880, 6977, 7179, 7080, 6981, 7078, 7079, 6980",13
"6980",6980,"6880, 6979, 6780, 6881, 6978, 9236, 7180, 7081, 6982, 7079, 7080, 6981",12
"6981",6981,"6881, 6980, 3464, 6781, 6882, 6979, 7181, 7296, 7080, 7081, 6982",11
"6982",6982,"6882, 6981, 6881, 6883, 6980, 7182, 7083, 7203, 7082, 6983",10
"6983",6983,"6681, 6883, 6982, 6783, 6882, 6884, 6212, 9156, 7183, 7084, 6985, 7082, 6984",13
"6984",6984,"6884, 6983, 6784, 6883, 6885, 6651, 4797, 8272, 6986, 7084, 9172",11
"6985",6985,"6885, 6884, 6886, 6983, 3017, 8467, 8146, 7086, 7084, 7085, 6986",11
"6986",6986,"6985, 4503, 6786, 6260, 6887, 6984, 8371, 7186, 7087, 7085, 7086, 6987",12
"6987",6987,"6887, 6986, 201, 6886, 6888, 7187, 7088, 7086, 7087, 6988",10
"6988",6988,"6888, 6987, 6788, 6887, 6889, 7188, 7089, 6990, 8809, 7348, 7088",11
"6989",6989,"6889, 6151, 6789, 6888, 6890, 3009, 7924, 7090, 7088, 9826",10
"6990",6990,"6890, 1722, 6790, 6891, 6988, 5498, 7190, 7091, 6992, 7089, 7090",11
"6991",6991,"6891, 6791, 6890, 6892, 705, 7191, 7092, 6993, 7090, 9353, 7091, 6992",12
"6992",6992,"6892, 6991, 6792, 6891, 6893, 6990, 7192, 7093, 6994, 7091, 7092, 6993",12
"6993",6993,"6893, 6992, 6793, 6892, 6894, 6991, 7974, 7193, 7094, 6995, 7092, 7093, 6994",13
"6994",6994,"6894, 6993, 1356, 5707, 6893, 6895, 6992, 9, 4746, 9669, 7087, 7194, 7095, 6996, 6995",15
"6995",6995,"6895, 6994, 3226, 6107, 6795, 6894, 6896, 6993, 7195, 6997, 7095, 6996",12
"6996",6996,"6896, 6995, 6796, 6895, 6897, 6994, 3329, 7097, 6998, 7095, 7096, 6997",12
"6997",6997,"6897, 6996, 6242, 6797, 4355, 6995, 7197, 6999, 7096, 7097",10
"6998",6998,"6898, 5012, 6798, 6897, 6899, 6996, 7097, 7198, 9719, 7098, 6999",11
"6999",6999,"4734, 6899, 6998, 1684, 6799, 6898, 6900, 6997, 7199, 7100, 7098, 7945, 7099, 7000",14
"7000",7000,"6900, 6999, 6800, 3986, 7200, 7099, 7100",7
"7001",7001,"6901, 6801, 6902, 7201, 7102, 7003, 7101",7
"7002",7002,"2887, 3257, 6802, 6901, 6903, 351, 9642, 7202, 7101, 7102, 7397",11
"7003",7003,"413, 6903, 6020, 6803, 6902, 6904, 7001, 7203, 7104, 7005, 7102, 7103, 7004",13
"7004",7004,"6904, 7003, 6804, 6192, 6905, 7204, 7105, 7006, 7103, 7104",10
"7005",7005,"6905, 1886, 414, 3624, 6805, 6904, 6906, 7003, 3426, 7007, 7104, 7105",12
"7006",7006,"6906, 5689, 6806, 5742, 6907, 7004, 3554, 7206, 7107, 7008, 8649, 8981",12
"7007",7007,"6907, 6807, 6906, 7005, 7207, 7108, 7009, 7106, 7107, 7008",10
"7008",7008,"7007, 3131, 6808, 6909, 7006, 7208, 7109, 7010, 7107, 7108, 7009",11
"7009",7009,"6909, 7008, 6809, 6908, 6910, 7007, 4350, 7209, 7110, 9789, 7108, 7010",12
"7010",7010,"6910, 7009, 3880, 6810, 6909, 6911, 7008, 7210, 7111, 7012, 7109, 7110, 7011",13
"7011",7011,"6911, 7010, 3453, 6484, 6910, 6912, 7862, 7358, 7211, 7112, 7013, 7110, 7111, 7012",14
"7012",7012,"6912, 7011, 6812, 6911, 6913, 7010, 7806, 7212, 7113, 7014, 7111, 7112, 7013",13
"7013",7013,"6913, 7012, 6914, 7011, 7114, 7015, 7112, 7113, 7014",9
"7014",7014,"2193, 6914, 7013, 6814, 6913, 6915, 7012, 3423, 7214, 7115, 7113, 7114",12
"7015",7015,"6915, 3787, 5237, 6914, 6916, 7013, 9526, 7116, 7017, 7114, 7115, 7016",12
"7016",7016,"6916, 7015, 5415, 6915, 4140, 1335, 9705, 7216, 7018, 7115, 7017",11
"7017",7017,"6917, 7016, 1516, 4490, 6817, 6916, 6918, 7015, 7217, 7118, 7019, 7116, 7117, 7018",14
"7018",7018,"6918, 7017, 6818, 6917, 6919, 7016, 8839, 8603, 7218, 7119, 7020, 7117, 7118, 7019",14
"7019",7019,"6919, 7018, 6819, 6918, 6920, 7017, 7219, 7120, 7021, 7673, 7119, 7020",12
"7020",7020,"6920, 7019, 1895, 6919, 6921, 7018, 7220, 7121, 7022, 7119, 7120, 9101",12
"7021",7021,"5808, 2514, 2951, 6922, 7019, 7221, 7122, 7023, 7120, 7022",10
"7022",7022,"6922, 6822, 6921, 6923, 7020, 7021, 7222, 7123, 7024, 7121, 7122, 7023",12
"7023",7023,"6923, 7022, 6823, 6922, 6924, 7021, 8045, 7223, 7124, 7025, 7123, 7024",12
"7024",7024,"6924, 7023, 1132, 6923, 6925, 7022, 7224, 7125, 7026, 7124, 7025",11
"7025",7025,"6925, 7024, 205, 6825, 6924, 6926, 7023, 7225, 7126, 7027, 7124",11
"7026",7026,"5423, 6926, 3427, 6826, 6925, 6927, 7024, 1944, 7226, 7127, 7028, 9079, 7027, 8331",14
"7027",7027,"872, 6927, 7026, 4707, 6827, 6860, 6926, 6928, 7025, 4204, 7227, 7128, 7029, 7126, 7127",15
"7028",7028,"4377, 6928, 6828, 6929, 7026, 7228, 7030, 7127, 7128, 7029",10
"7029",7029,"6929, 7028, 6928, 6930, 7027, 5339, 7901, 7229, 7031, 7128, 7129, 7030",12
"7030",7030,"6930, 7029, 6830, 6929, 6931, 7028, 9666, 7230, 7131, 7032, 7129, 9724, 9609, 8236, 7130, 7031",16
"7031",7031,"2349, 6931, 7030, 748, 6831, 6930, 6932, 7029, 7231, 7132, 7033, 7130, 8898, 7131, 7032",15
"7032",7032,"6932, 7031, 6832, 6931, 6933, 7030, 7232, 7133, 7034, 7131, 7132, 7033",12
"7033",7033,"4216, 7032, 6833, 6932, 6934, 7031, 7233, 8862, 7035, 7132, 7133, 7034",12
"7034",7034,"6934, 7033, 6834, 6933, 6935, 7032, 1651, 7234, 7135, 7036, 7134, 7035",12
"7035",7035,"6935, 7034, 6835, 6936, 7033, 7235, 7136, 7037, 7134, 7135, 7036",11
"7036",7036,"6936, 7035, 6836, 6935, 6937, 7034, 5601, 7137, 7038, 7135, 9085, 8139, 7136, 7037",14
"7037",7037,"6937, 7036, 6837, 6938, 7035, 2675, 6936, 7237, 7138, 7039, 7137, 7038",12
"7038",7038,"3647, 6938, 7037, 6937, 6939, 7036, 7238, 7139, 7040, 9380, 7039",11
"7039",7039,"6939, 7038, 6839, 6938, 6940, 7037, 7239, 7140, 7041, 7138, 7139, 7040",12
"7040",7040,"3318, 6940, 7039, 6840, 1666, 6941, 7038, 2138, 5941, 8305, 7141, 7139, 7041",13
"7041",7041,"6941, 7040, 1069, 5826, 6841, 6940, 6942, 7039, 6133, 7140, 7822, 7141, 7042",13
"7042",7042,"6942, 7041, 6842, 6941, 6943, 7242, 7143, 7044, 7141, 8475, 7142, 7043",12
"7043",7043,"6943, 7042, 2757, 6843, 6942, 6944, 9183, 7243, 7144, 7045, 7143, 7044",12
"7044",7044,"6944, 7043, 6844, 2976, 7042, 9105, 7046, 7143, 7144, 7045",10
"7045",7045,"6945, 7044, 6944, 6946, 7043, 7245, 7146, 7047, 7144, 7145, 7046",11
"7046",7046,"6946, 7045, 6846, 6945, 6947, 7044, 7147, 7048, 7146, 7047",10
"7047",7047,"6947, 7046, 6847, 6946, 6948, 7045, 7247, 7148, 7049, 7146, 7147",11
"7048",7048,"6948, 2040, 6947, 6949, 7046, 7388, 7248, 7149, 7050, 7147, 7148, 7049",12
"7049",7049,"7048, 3975, 6849, 6948, 6950, 7047, 4627, 7249, 7150, 7051, 7148",11
"7050",7050,"6272, 6950, 6850, 437, 3544, 7048, 9168, 9102, 7687, 7250, 7151, 7052, 7149, 7150, 7051",15
"7051",7051,"7050, 6851, 6950, 6952, 7049, 7251, 7152, 7053, 7150, 7151, 7052",11
"7052",7052,"6952, 7051, 2290, 5101, 6953, 7050, 7252, 7153, 7054, 7151, 7152, 7053",12
"7053",7053,"6953, 7052, 6853, 6954, 7051, 7253, 7154, 7152, 7153, 7054",10
"7054",7054,"1822, 2130, 6954, 7053, 3686, 6136, 6854, 7052, 8071, 8330, 7254, 7155",12
"7055",7055,"6955, 6855, 6954, 6956, 7255, 7156, 7057, 7154, 7693, 7155, 7056",11
"7056",7056,"6956, 7055, 6674, 6856, 6955, 6957, 8062, 7967, 7157, 7058, 7155, 7156, 7057",13
"7057",7057,"6957, 7056, 4232, 6857, 4730, 6958, 7055, 7257, 7158, 7059, 8848, 7157, 7058",13
"7058",7058,"6780, 7057, 661, 5639, 6782, 6858, 6957, 6959, 7056, 7258, 7159, 7060, 7157, 7158, 7059",15
"7059",7059,"85, 6959, 7058, 3597, 6859, 6958, 6960, 7057, 7259, 7160, 7061, 7158, 7456, 7159, 7060",15
"7060",7060,"6960, 7059, 6959, 1084, 7058, 7260, 7161, 7062, 7159, 7160, 7061",11
"7061",7061,"6961, 7060, 6861, 6960, 7059, 9935, 7261, 7162, 7063, 7160, 7161, 7062",12
"7062",7062,"6962, 7061, 6862, 6961, 7060, 7960, 9009, 7905, 7262, 7163, 7064, 7161, 7162, 7063",14
"7063",7063,"6963, 7062, 1217, 6863, 6964, 7061, 4820, 7263, 7164, 7065, 7162, 7163",12
"7064",7064,"6964, 6864, 6965, 7062, 3211, 5625, 7264, 7165, 7163, 7164",10
"7065",7065,"6965, 6865, 6966, 7063, 2270, 9631, 7265, 7166, 7067, 7989, 7066",11
"7066",7066,"6966, 7065, 6866, 6965, 6967, 8355, 7266, 7167, 7068, 7165, 9706, 7067",12
"7067",7067,"6967, 7066, 6867, 6966, 6968, 7065, 7267, 7168, 9289, 7166, 7167, 7897",12
"7068",7068,"6968, 6868, 6287, 6969, 7066, 7169, 7070, 7167, 7168, 7069",10
"7069",7069,"6969, 7068, 6869, 6968, 6970, 6739, 7170, 7168, 7169",9
"7070",7070,"6970, 2456, 6452, 6870, 6969, 6125, 7068, 7270, 7171, 7072, 7169, 7320, 7170, 7071",14
"7071",7071,"6971, 7070, 4893, 5606, 6871, 6970, 6972, 7172, 7073, 7170, 7171, 7072",12
"7072",7072,"7071, 6872, 6971, 6973, 7070, 284, 7272, 7173, 7074, 7171, 7172",11
"7073",7073,"6973, 6873, 6972, 6974, 7071, 8657, 7273, 7174, 7075, 7172, 7173, 7074",12
"7074",7074,"6974, 7073, 5093, 6874, 6973, 6975, 7072, 7274, 7175, 7076, 7173, 7688, 7174, 7075",14
"7075",7075,"6975, 7074, 3594, 6495, 3922, 6974, 6976, 7073, 9323, 7176, 7077, 7174, 7175",13
"7076",7076,"6976, 6876, 6975, 6977, 7074, 6968, 7276, 7078, 7175, 7176, 7077, 8933",12
"7077",7077,"6873, 6977, 7076, 6877, 6976, 6978, 7075, 9646, 7178, 7079, 7176, 7177, 7078",13
"7078",7078,"6978, 7077, 2540, 4966, 6878, 6977, 6979, 7076, 1879, 7278, 8893, 7178, 7079",13
"7079",7079,"6979, 7078, 6879, 6978, 6980, 7077, 5390, 7279, 7180, 7178, 7179, 7080",12
"7080",7080,"2026, 6980, 7079, 6880, 6979, 6981, 3759, 7181, 7082, 7179, 7180, 7081",12
"7081",7081,"4543, 6981, 7080, 2463, 6881, 6980, 3907, 1809, 3755, 7281, 7182, 7180, 7709, 7181",14
"7082",7082,"2518, 6982, 111, 6882, 6983, 7080, 5380, 7282, 7084, 7872, 7182, 7083",12
"7083",7083,"7082, 6281, 6883, 6982, 7184, 7085, 7183, 7084",8
"7084",7084,"6984, 7083, 765, 4713, 6884, 6983, 6985, 7082, 6399, 7185, 7086, 7183, 7148, 7184, 7085",15
"7085",7085,"6985, 7084, 6117, 6986, 7083, 3222, 7130, 7087, 7184, 7185, 7086",11
"7086",7086,"6986, 7085, 6886, 6985, 6987, 7084, 7286, 7187, 7088, 7185, 7186, 7087",12
"7087",7087,"6987, 7086, 2156, 6986, 7085, 6994, 5011, 9695, 8151, 7089, 7186, 9088, 7088",13
"7088",7088,"6988, 7087, 2929, 6888, 6987, 6989, 7086, 7288, 7189, 7090, 7187",11
"7089",7089,"1365, 6889, 6988, 6990, 7087, 7188, 7289, 7190, 7189, 7090",10
"7090",7090,"6990, 7089, 6890, 6989, 6991, 7088, 7290, 7191, 7092, 7189, 7190, 7091",12
"7091",7091,"6991, 7090, 6891, 6990, 6992, 7291, 7093, 7190, 7191, 7092",10
"7092",7092,"6992, 7091, 6892, 6991, 6993, 7090, 6413, 1331, 7193, 7094, 7191",11
"7093",7093,"6993, 6893, 6992, 7091, 8606, 7293, 7194, 7095, 7192, 9972, 7193, 7094",12
"7094",7094,"7093, 6894, 6993, 5051, 7092, 7294, 7195, 7096, 7170, 7194",10
"7095",7095,"6995, 6809, 6895, 6994, 6996, 7093, 7295, 7196, 7097, 7194, 7195",11
"7096",7096,"6996, 6498, 6896, 6997, 7094, 7296, 7197, 7195, 9249, 7196, 7097",11
"7097",7097,"6997, 7096, 6624, 6897, 6996, 6998, 7095, 7297, 7198, 7099, 7196, 7098",12
"7098",7098,"6998, 7097, 2815, 3968, 6725, 6898, 6999, 7199, 7100, 7197, 7736, 7687, 7198, 7099",14
"7099",7099,"6999, 7098, 6899, 7000, 7097, 4705, 7299, 7200, 7198",9
"7100",7100,"7000, 6999, 7098, 509, 8036, 7300, 7200",7
"7101",7101,"7001, 6901, 7002, 7301, 7202, 7103, 7201, 7102",8
"7102",7102,"7002, 7101, 6902, 7001, 7003, 7302, 7203, 7104, 7201, 7202, 7103",11
"7103",7103,"7003, 7102, 2258, 5080, 6903, 7004, 7101, 9996, 8493, 7204, 7202, 7203, 7104",13
"7104",7104,"5390, 7004, 7103, 6904, 7003, 7005, 7102, 7304, 7205, 7106, 7203, 7204, 7105",13
"7105",7105,"7005, 7104, 6905, 7004, 6466, 7305, 7206, 7107, 7204, 8333, 7489, 7205",12
"7106",7106,"5863, 6906, 394, 7007, 7104, 6523, 7108, 7205, 7206",9
"7107",7107,"4491, 7007, 149, 5680, 6907, 7006, 7008, 7105, 7307, 7109, 7206, 7207, 7108",13
"7108",7108,"7008, 7107, 6908, 7007, 7009, 7106, 8469, 7308, 7209, 7207, 7208",11
"7109",7109,"2435, 6909, 7008, 7010, 6452, 7107, 7309, 7210, 7111, 7208, 7209, 7110",12
"7110",7110,"7010, 7109, 2813, 6910, 7009, 7011, 2405, 6828, 7310, 7211, 7112, 7560",12
"7111",7111,"6556, 7011, 296, 6911, 7010, 7012, 7109, 7113, 7210",9
"7112",7112,"1899, 4401, 7012, 3578, 5950, 6912, 7011, 7013, 7110, 7312, 7213, 7211, 7113, 7805",14
"7113",7113,"5727, 7013, 7112, 6913, 7012, 7014, 7111, 7313, 7214, 7115, 7212, 7213, 7114",13
"7114",7114,"7014, 7113, 4554, 7015, 6478, 737, 7013, 8058, 7215, 7214, 7115",11
"7115",7115,"7015, 7114, 209, 1137, 6915, 7014, 7016, 7113, 7315, 7216, 7117, 7214, 7947, 7215, 7116",15
"7116",7116,"4877, 7115, 6916, 7017, 4445, 7015, 7316, 7217, 7118, 7215, 8906, 7117",12
"7117",7117,"6097, 6140, 7017, 7116, 6199, 6917, 7018, 7115, 7317, 7218, 7119, 7560, 7217, 7118",14
"7118",7118,"7018, 7117, 3849, 1047, 3340, 6918, 7017, 7116, 7318, 7219, 7120, 7217, 7119",13
"7119",7119,"7019, 7118, 6919, 6927, 7018, 7020, 7117, 4224, 4745, 7319, 7220, 7121, 7219",13
"7120",7120,"7020, 1025, 4280, 6920, 7019, 7021, 7118, 7320, 7221, 7122, 7219, 7220, 7121",13
"7121",7121,"7120, 6921, 7020, 7022, 7119, 8583, 7321, 7222, 7123, 7220, 7221, 7122",12
"7122",7122,"7022, 7121, 6668, 6922, 7021, 503, 7120, 4592, 7322, 7223, 7221, 8247, 7222, 7123",14
"7123",7123,"7023, 7122, 6923, 7022, 640, 7121, 3468, 7323, 7224, 7222, 9647, 7223, 7124",13
"7124",7124,"7024, 7123, 5472, 6924, 7023, 7025, 7225, 7126, 7223, 7125",10
"7125",7125,"823, 7124, 6925, 7024, 7325, 7226, 7127, 7224, 7225, 7126",10
"7126",7126,"5220, 7125, 5902, 7025, 7027, 7124, 7326, 7227, 7128, 7225, 7226, 7127",12
"7127",7127,"7027, 7126, 5731, 6927, 7026, 7028, 7125, 7327, 7228, 7226, 7516, 7227, 7128",13
"7128",7128,"649, 7028, 7127, 1396, 6079, 6928, 7027, 7029, 7126, 7328, 7229, 7130, 7227, 7228, 7129",15
"7129",7129,"7029, 7128, 6929, 7030, 3828, 3601, 7230, 7131, 8597, 9494, 7130",11
"7130",7130,"7030, 6930, 7031, 7085, 7128, 7129, 7231, 7132, 7229, 7230, 7131",11
"7131",7131,"7031, 7130, 5026, 6931, 7030, 7032, 7129, 632, 5650, 7232, 7133, 7230, 7231, 8658",14
"7132",7132,"7032, 6932, 7031, 7033, 7130, 7332, 7233, 7134, 7231, 7232, 7133",11
"7133",7133,"7033, 7132, 694, 2435, 6933, 7032, 7131, 7333, 7234, 7135, 7233, 7134",12
"7134",7134,"7034, 7133, 6934, 7035, 7132, 5503, 7334, 7233, 7475, 7234, 7135",11
"7135",7135,"7035, 7134, 5875, 5915, 7034, 7036, 7133, 6049, 8592, 7236, 7137, 7234, 7235, 7136",14
"7136",7136,"7036, 7135, 7035, 8733, 7336, 7237, 8263, 7235, 7236, 7137",10
"7137",7137,"6402, 7037, 7136, 3526, 6937, 7036, 7135, 9339, 7337, 7236, 7237, 7138",12
"7138",7138,"4520, 7137, 3612, 6938, 7037, 7039, 6659, 8370, 7338, 7239, 7140, 7237, 7238",13
"7139",7139,"2486, 6802, 7039, 124, 6939, 7038, 7040, 7339, 7240, 7141, 7238, 9119, 8790, 7239, 7140",15
"7140",7140,"3851, 7139, 786, 7039, 7041, 7138, 3592, 7340, 7241, 7239, 7691, 7240, 7141",13
"7141",7141,"7041, 7140, 6941, 7040, 7042, 7139, 1992, 7341, 7242, 7143, 7241, 7142",12
"7142",7142,"2528, 7042, 7141, 6942, 3464, 7342, 7243, 7144, 7241, 7799, 7242",11
"7143",7143,"1039, 7043, 2397, 6943, 7042, 7044, 7141, 7343, 7244, 7145, 7242, 7243, 7144",13
"7144",7144,"7044, 7143, 6944, 7043, 7045, 7142, 7344, 7245, 7146, 7243, 7244, 7145",12
"7145",7145,"7045, 7144, 6945, 4897, 3954, 7143, 1803, 7246, 7147, 7244, 7245",11
"7146",7146,"7046, 3349, 6946, 6964, 7045, 7047, 7144, 7346, 7247, 7148, 7245, 7746, 7246, 7147",14
"7147",7147,"774, 7047, 7146, 4967, 4692, 6947, 7046, 7048, 7145, 4112, 2894, 7347, 7246, 7148",14
"7148",7148,"7048, 7147, 6948, 7047, 7049, 7146, 6134, 7084, 7249, 7150, 7247",11
"7149",7149,"2934, 7048, 7050, 4169, 1492, 7250, 7248, 9706, 7249, 7150",10
"7150",7150,"7050, 7149, 6950, 7049, 7051, 7148, 9609, 7350, 7251, 7152, 7249, 7250, 7151",13
"7151",7151,"7051, 7150, 6951, 7050, 7052, 7351, 7252, 7153, 7250, 7251, 7152",11
"7152",7152,"4245, 7052, 7151, 6952, 7051, 7053, 7150, 2584, 7702, 7352, 7253, 7251, 7252, 7153",14
"7153",7153,"7053, 7152, 6953, 7052, 6135, 7151, 9894, 7155, 7252, 7253, 7154",11
"7154",7154,"2360, 7153, 6032, 7053, 7055, 7354, 7255, 7156, 7254, 7155",10
"7155",7155,"7055, 7154, 6955, 7054, 7056, 7153, 7355, 7256, 7157, 7254, 7255, 7156",12
"7156",7156,"7056, 7155, 6956, 7055, 3145, 7154, 7356, 7257, 7158, 7255, 7256, 7157",12
"7157",7157,"7057, 7156, 5291, 5468, 6957, 7056, 7058, 7155, 442, 7357, 7258, 7302, 7257",13
"7158",7158,"7058, 2507, 6958, 7057, 7059, 7156, 9426, 7160, 7257, 7258, 7159",11
"7159",7159,"7059, 7158, 4644, 6959, 7058, 7060, 543, 5718, 7359, 7260, 7161, 7258",12
"7160",7160,"5198, 7060, 1836, 6960, 7059, 7061, 7158, 7360, 7261, 7162, 7259, 7260, 7161",13
"7161",7161,"7061, 7160, 624, 6961, 7060, 7062, 7159, 7361, 7262, 7163, 7260, 7712, 7261, 7162",14
"7162",7162,"3019, 7062, 7161, 6962, 7061, 7063, 7160, 7362, 7263, 7164, 7261, 7262, 7163",13
"7163",7163,"7063, 7162, 878, 527, 7062, 7064, 7161, 8200, 7363, 7264, 7262, 7263, 7164",13
"7164",7164,"7064, 7163, 159, 5562, 6964, 7063, 7162, 7364, 7265, 7166, 7264, 7165",12
"7165",7165,"2700, 7164, 1480, 3256, 6965, 7064, 7066, 5160, 9107, 7266, 7167, 7264, 8811, 7265, 7166",15
"7166",7166,"7165, 229, 2779, 6966, 7065, 7067, 7164, 5851, 7267, 7168, 7265, 7167",12
"7167",7167,"7067, 7166, 6967, 7066, 7068, 7165, 7367, 7268, 7169, 8618, 7267, 7168",12
"7168",7168,"7068, 7167, 329, 6638, 6968, 7067, 7069, 7166, 7368, 7269, 7170, 7267, 7222",13
"7169",7169,"7069, 6969, 7070, 7167, 5785, 7068, 7369, 7268, 7269",9
"7170",7170,"2898, 7070, 134, 6970, 7069, 7071, 7168, 7094, 7370, 7271, 7172, 7269, 7270",13
"7171",7171,"3835, 7071, 3082, 6971, 7070, 7072, 5655, 7371, 7272, 7173, 7270, 7172",12
"7172",7172,"7072, 7171, 4601, 6972, 7071, 7073, 7170, 2434, 7372, 7273, 7174, 7271, 7272",13
"7173",7173,"7073, 7072, 7074, 7171, 1333, 7373, 7175, 7272, 7273, 7174",10
"7174",7174,"7074, 7173, 3271, 6974, 7073, 7075, 7172, 7374, 7275, 7176, 7274, 7175",12
"7175",7175,"7075, 7174, 6975, 7074, 7076, 7173, 6885, 7375, 7274, 7176",10
"7176",7176,"7076, 7175, 6976, 7075, 7077, 7174, 7376, 7277, 7178, 7275, 7276, 7177",12
"7177",7177,"7077, 7176, 6977, 6575, 6846, 7278, 7179, 7276, 7277, 7178",10
"7178",7178,"7078, 7177, 6978, 7077, 7079, 7176, 7279, 7278, 7179",9
"7179",7179,"7079, 7178, 6979, 7080, 7177, 7280, 7181, 7278, 9045, 7180",10
"7180",7180,"7080, 7179, 6980, 7079, 7081, 6151, 3289, 7380, 7281, 7182, 7280, 7181",12
"7181",7181,"7081, 7180, 6981, 7080, 200, 7179, 7381, 7282, 7183, 7280, 7281, 7182",12
"7182",7182,"298, 7082, 7181, 6982, 7081, 4284, 7180, 7282, 7382, 7283, 7184, 7281, 7183",13
"7183",7183,"2710, 7083, 7182, 6983, 7084, 7181, 6428, 7284, 7185, 7282, 7283",11
"7184",7184,"7084, 4339, 7085, 7182, 7083, 9593, 7384, 7186, 7283, 7284, 9246",11
"7185",7185,"7085, 7084, 7086, 7183, 7385, 7286, 7187, 7284, 7285, 7186",10
"7186",7186,"7086, 7185, 4934, 6986, 7087, 7184, 7386, 7287, 7188, 7285, 7286",11
"7187",7187,"1269, 6987, 7086, 7088, 7185, 7387, 7288, 7189, 7286, 7287, 7188, 7765",12
"7188",7188,"6453, 7187, 6988, 7089, 7186, 7388, 7289, 7190, 7287, 7288, 7189",11
"7189",7189,"6275, 7089, 7188, 27, 4170, 7088, 7090, 7187, 7389, 7306, 7191, 7288, 7190",13
"7190",7190,"7090, 149, 6990, 7089, 7091, 7188, 7189, 9262, 7390, 7291, 7289, 7290, 7191",13
"7191",7191,"7091, 7190, 6991, 7090, 7092, 7189, 7391, 7292, 7193, 7291, 7192",11
"7192",7192,"7191, 6992, 5098, 7093, 2754, 8328, 7392, 7293, 7291, 7292, 7193",11
"7193",7193,"7093, 7192, 675, 6993, 7092, 6089, 7191, 7393, 7294, 7195, 7292, 7293",12
"7194",7194,"7094, 4721, 6994, 7093, 7095, 2001, 7394, 7295, 7294, 7195, 9551",11
"7195",7195,"7095, 7194, 6365, 6995, 7094, 7096, 7193, 7395, 7296, 7197, 7294, 7295, 7196",13
"7196",7196,"7096, 7195, 7095, 7097, 3905, 7530, 7396, 7297, 7198, 7296, 7197",11
"7197",7197,"2030, 7196, 6997, 7096, 7098, 7195, 4788, 7397, 7298, 7199, 7297, 7198",12
"7198",7198,"7098, 7197, 3732, 6998, 7097, 7099, 7196, 7398, 7299, 7200, 7297, 7298, 7199",13
"7199",7199,"7198, 6999, 7197, 7098, 7399, 7300, 7298, 7299, 7200",9
"7200",7200,"7100, 7199, 3695, 7000, 7099, 7198, 7299, 7377, 7300",9
"7201",7201,"7101, 4426, 7001, 7102, 7401, 7302, 7203, 7301, 7202",9
"7202",7202,"7102, 7201, 7002, 7101, 7103, 7402, 7204, 7301, 7302",9
"7203",7203,"7103, 2080, 117, 4741, 6982, 7003, 7102, 7104, 7201, 4306, 7403, 7304, 7205, 7302, 7204",15
"7204",7204,"7104, 7203, 7004, 7103, 7105, 7202, 8549, 7404, 7305, 7206, 7303, 7304, 7205",13
"7205",7205,"7105, 7204, 788, 4851, 6313, 7104, 7106, 7203, 7207, 7405, 7304, 8857, 7305, 7206",14
"7206",7206,"7106, 7205, 7006, 7105, 7107, 7204, 7406, 7208, 7305, 7306, 7207",11
"7207",7207,"1906, 7107, 7206, 4582, 7007, 1165, 7108, 7205, 3897, 7407, 7308, 7209, 7306, 8579, 7307",15
"7208",7208,"7108, 692, 7008, 7109, 7206, 9206, 7408, 7309, 7210, 7307, 9812, 7209",12
"7209",7209,"7109, 7009, 4660, 7108, 7207, 2182, 7208, 7409, 7310, 7211, 7309",11
"7210",7210,"1207, 4266, 7010, 7109, 7111, 7208, 7991, 7410, 7311, 7212, 7310, 7211",12
"7211",7211,"2567, 7210, 7011, 7110, 7112, 7209, 7411, 7312, 7213, 7310, 7311, 7212",12
"7212",7212,"4712, 7211, 7012, 7113, 7210, 1026, 7412, 7313, 7214, 7311, 7637, 7312, 7213",13
"7213",7213,"7113, 7212, 2792, 7112, 7211, 1285, 8715, 7314, 7215, 7312, 7313, 7214",12
"7214",7214,"7114, 7213, 5974, 7014, 7113, 7115, 7212, 7414, 7216, 7313, 7314",11
"7215",7215,"7115, 4023, 7114, 7116, 7213, 8432, 7415, 7316, 7217, 7314, 7315, 7216",12
"7216",7216,"3758, 7215, 120, 96, 7016, 7115, 7214, 7416, 7317, 7218, 7315, 7316, 7217",13
"7217",7217,"7117, 7216, 7017, 7116, 7118, 7215, 6971, 7417, 7318, 7219, 7316, 7218",12
"7218",7218,"4832, 7217, 2965, 4815, 7018, 7117, 7216, 7418, 7319, 7220, 7318, 7219",12
"7219",7219,"5489, 7119, 7218, 7019, 7118, 7120, 7217, 7419, 7320, 7221, 7318, 7220",12
"7220",7220,"7120, 7219, 5497, 7020, 7119, 7121, 7218, 7420, 7222, 7319, 7503, 7320, 7221",13
"7221",7221,"7121, 7220, 7021, 7120, 7122, 7219, 4073, 7322, 7223, 7320, 7321, 7222",12
"7222",7222,"7122, 7221, 7022, 7121, 7123, 7220, 7168, 7422, 7323, 7224, 7321, 7322",12
"7223",7223,"7123, 4215, 7023, 7122, 7124, 7221, 7423, 7324, 7225, 7322, 7323, 7224",12
"7224",7224,"3216, 4304, 7223, 6185, 7024, 7123, 7125, 7222, 6950, 7325, 7226, 7323, 7225",13
"7225",7225,"7125, 7224, 4784, 7025, 7124, 7126, 7223, 2741, 7425, 7326, 7227, 7324, 7325",13
"7226",7226,"7126, 2869, 6579, 7026, 7125, 7127, 7224, 8019, 7595, 7426, 7228, 7325, 9666, 7227",14
"7227",7227,"7127, 7226, 2582, 1398, 7027, 7126, 7128, 7225, 1945, 7482, 7328, 9949, 7326, 7327, 7228",15
"7228",7228,"7128, 7227, 7028, 7127, 7226, 7329, 7230, 7327, 7328, 7229",10
"7229",7229,"7228, 2751, 7029, 7128, 7130, 5661, 8698, 7429, 7330, 7328, 7329, 8656",12
"7230",7230,"964, 7130, 1181, 7030, 7129, 7131, 7228, 2702, 7331, 7232, 7329, 7330, 7231",13
"7231",7231,"7131, 7230, 2034, 3902, 6026, 7031, 7132, 7130, 7431, 7332, 7233, 9587, 7331, 9094",14
"7232",7232,"7132, 7032, 7131, 7230, 7854, 8304, 7432, 7333, 7234, 9168, 7233",11
"7233",7233,"7133, 7232, 7033, 7132, 7134, 7231, 7433, 7334, 7235, 7332, 7333, 7234",12
"7234",7234,"2989, 7134, 7233, 7034, 7133, 7135, 7232, 7256, 7434, 7335, 7236, 7333, 7334, 7235",14
"7235",7235,"7135, 7234, 7035, 7136, 7233, 7336, 7237, 7334, 8019, 7335, 7236",11
"7236",7236,"7136, 7235, 3473, 5425, 7135, 7137, 7234, 7436, 7337, 7238, 7335, 7336, 7237",13
"7237",7237,"7137, 7236, 4176, 7037, 7136, 7138, 7235, 7437, 7338, 7239, 7336, 7337, 7238",13
"7238",7238,"5239, 7138, 7237, 7038, 7139, 7236, 1986, 7438, 7339, 7240, 7337, 7338",12
"7239",7239,"7139, 7039, 7138, 7140, 7237, 7439, 7340, 7241, 8584, 7339, 7240",11
"7240",7240,"7140, 7239, 5532, 7139, 7238, 1373, 7440, 7242, 7339, 7340, 7241",11
"7241",7241,"7141, 7240, 1349, 7140, 7142, 7239, 9047, 8764, 7441, 7342, 7243, 7340, 7341, 7242",14
"7242",7242,"7142, 7241, 7042, 7141, 7143, 7240, 7442, 7244, 7341, 7342",10
"7243",7243,"7143, 410, 7043, 7142, 7144, 7241, 7443, 7344, 7245, 7342, 8653, 7244",12
"7244",7244,"7144, 7243, 810, 4856, 2294, 7143, 7145, 7242, 4452, 7444, 7345, 7246, 7343, 7245",14
"7245",7245,"7145, 7244, 6551, 7045, 7144, 7146, 7243, 7932, 7445, 7247, 7344, 7345, 7246",13
"7246",7246,"7146, 7245, 5733, 2672, 7145, 7147, 7244, 7446, 7347, 7248, 7345, 7247",12
"7247",7247,"7246, 4264, 7047, 7146, 7148, 7245, 714, 8799, 7447, 7348, 7249, 7346, 7347",13
"7248",7248,"2202, 7048, 7149, 7246, 8341, 7448, 7349, 7250, 7347, 7348, 7249",11
"7249",7249,"507, 7149, 7248, 6525, 7049, 7148, 7150, 7247, 7449, 7350, 7251, 7348, 7349, 7250",14
"7250",7250,"7150, 7249, 4248, 7050, 7149, 7151, 7248, 9934, 7450, 7351, 7252, 7349, 8431, 7251",14
"7251",7251,"7151, 7250, 7051, 7150, 7152, 7249, 3378, 7451, 7352, 7350, 7321, 7252",12
"7252",7252,"7152, 7052, 7151, 7153, 7250, 7251, 7452, 7353, 7254, 7351, 7352, 7253",12
"7253",7253,"7153, 7252, 365, 1643, 7053, 7152, 2992, 9058, 7453, 7354, 7352, 7353",12
"7254",7254,"7154, 2328, 7054, 1362, 7155, 7252, 2664, 7454, 7256, 7353, 7354, 7255",12
"7255",7255,"399, 5530, 7155, 7254, 7055, 7154, 7156, 3684, 7455, 7356, 7257, 7354, 7355, 7256",14
"7256",7256,"2629, 7156, 7255, 95, 4489, 7155, 7234, 7254, 7456, 7357, 7258, 7355, 7356, 7257",14
"7257",7257,"7157, 7256, 456, 7057, 7156, 7158, 7255, 7457, 7358, 7259, 7356, 9789, 7258",13
"7258",7258,"7158, 7257, 7058, 7157, 7159, 7256, 7458, 7359, 7260, 7357, 7358, 7259",12
"7259",7259,"7258, 7059, 7160, 7257, 7459, 7261, 7358, 7571, 7359, 7260",10
"7260",7260,"7160, 7259, 7060, 7159, 7161, 7258, 7361, 7262, 7359, 7360, 7261",11
"7261",7261,"7161, 7260, 7061, 7160, 7162, 7259, 7263, 7360, 7361, 7262",10
"7262",7262,"7162, 7261, 39, 7062, 7161, 7163, 7260, 3703, 7363, 7264, 7362, 7263",12
"7263",7263,"7163, 7262, 4761, 7063, 7162, 7261, 1451, 9830, 7463, 7364, 7265, 7362, 7363",13
"7264",7264,"7164, 7064, 7163, 7165, 7262, 7575, 7464, 7365, 7266, 7363, 7364, 7265",12
"7265",7265,"7165, 7264, 7065, 7164, 7166, 7263, 9591, 7465, 7267, 7364, 7365",11
"7266",7266,"3515, 7066, 7165, 7264, 5202, 8871, 7466, 7367, 7365, 7366, 7267",11
"7267",7267,"7167, 7266, 5728, 7067, 7168, 7265, 7166, 7366, 7367, 7268",10
"7268",7268,"7267, 7167, 7169, 9621, 8879, 7468, 7369, 7270, 7367, 7368, 7269",11
"7269",7269,"7169, 7268, 5658, 4223, 7168, 7170, 3804, 7469, 7370, 7271, 7368, 7369, 7270",13
"7270",7270,"7170, 7269, 7070, 1795, 7171, 7268, 3668, 7470, 7371, 7369, 7370, 7271",12
"7271",7271,"5539, 7270, 1394, 7170, 7172, 7269, 7471, 7372, 7273, 7370, 7371, 7272",12
"7272",7272,"7172, 7271, 3737, 7072, 7171, 7173, 7969, 7472, 7373, 7274, 7371, 7372, 7273",13
"7273",7273,"7173, 7272, 1918, 2082, 5448, 7073, 7172, 7271, 9769, 7473, 7374, 7275, 7372, 7373, 7274",15
"7274",7274,"1236, 7174, 7273, 7074, 7175, 7272, 7474, 7375, 7276, 7373, 8681, 7275",12
"7275",7275,"473, 2724, 7274, 7174, 7176, 7273, 1315, 8845, 7475, 7376, 7277, 7276",12
"7276",7276,"7176, 7275, 2065, 5435, 7076, 1133, 7177, 7274, 3895, 9671, 7476, 7377, 7278, 7375, 7277",15
"7277",7277,"225, 7177, 7276, 7176, 6108, 7275, 7477, 7279, 7376, 7377",10
"7278",7278,"7178, 5171, 7078, 7177, 7179, 7276, 4540, 7379, 7280, 7377, 7378, 7279, 9146",13
"7279",7279,"5108, 7278, 4203, 7079, 7178, 7277, 7479, 7380, 7281, 7378, 8127, 7379",12
"7280",7280,"168, 7180, 1681, 7179, 7181, 7278, 7381, 7282, 7379",9
"7281",7281,"7181, 125, 7081, 7180, 7182, 7279, 7481, 7382, 7283, 7380, 7381, 7282",12
"7282",7282,"7182, 7281, 7082, 7181, 7183, 7280, 7482, 7383, 7284, 7381, 7382, 7283",12
"7283",7283,"7183, 7282, 7182, 7184, 7281, 3311, 7889, 7285, 7284",9
"7284",7284,"7184, 7283, 2641, 3961, 7183, 7185, 7282, 9359, 8726, 7904, 7484, 7385, 7383, 7285",14
"7285",7285,"7185, 4790, 7186, 7283, 7284, 7485, 7386, 7287, 7384, 7385, 7286",11
"7286",7286,"7186, 7285, 1871, 7086, 7185, 7187, 4007, 7486, 7387, 7288, 7707, 7386, 7287",13
"7287",7287,"7187, 7286, 4123, 7186, 7188, 7285, 8486, 7487, 9542, 7289, 7386, 7387, 7288",13
"7288",7288,"6403, 7188, 7287, 7088, 7187, 7189, 7286, 6311, 7488, 7389, 8247, 7387, 7388, 7289",14
"7289",7289,"5411, 7288, 1527, 5388, 7089, 7188, 7190, 7287, 8029, 7489, 7390, 7291, 7388, 7389, 7290",15
"7290",7290,"1222, 7190, 7289, 7090, 931, 7490, 7391, 9790, 7389, 7390, 7291",11
"7291",7291,"2984, 7191, 7290, 1663, 7091, 7190, 7192, 7289, 7491, 7392, 7293, 7390, 7391, 7292",14
"7292",7292,"7192, 7291, 5183, 7191, 7193, 3836, 7492, 7393, 7294, 7392, 7293",11
"7293",7293,"7193, 7292, 1208, 7093, 7192, 3208, 7291, 7493, 7394, 7392, 7393, 7294",12
"7294",7294,"5788, 7194, 7293, 5737, 7094, 7193, 7195, 7292, 7494, 7395, 7296, 7393, 7295",13
"7295",7295,"7195, 7294, 7095, 7194, 982, 6727, 2978, 7495, 7396, 7297, 7395, 7296",12
"7296",7296,"7196, 7295, 6981, 7096, 7195, 7294, 7496, 7397, 7298, 7395, 7396, 7297",12
"7297",7297,"7197, 7296, 7097, 7196, 7198, 7295, 7398, 7299, 7396, 9760, 7397, 7298",12
"7298",7298,"3107, 7198, 7297, 2441, 7197, 7199, 7296, 7837, 7413, 7498, 7399, 7300, 7397, 7398, 7299",15
"7299",7299,"7199, 7298, 7099, 7198, 7200, 7297, 3610, 8111, 7398, 7399",10
"7300",7300,"7200, 1642, 7100, 7199, 7298, 9066, 7500, 7399, 7400, 9249",10
"7301",7301,"7201, 7101, 7202, 9689, 7501, 7303, 7401, 7302",8
"7302",7302,"7202, 7301, 2483, 7102, 7201, 7203, 1840, 7157, 9026, 7502, 7304, 7401",12
"7303",7303,"1971, 987, 4364, 7204, 7301, 4168, 7404, 7305, 7402, 7403, 7304",11
"7304",7304,"7204, 7303, 377, 1161, 7104, 7203, 7205, 7302, 1151, 7504, 7405, 7306, 7403, 7404",14
"7305",7305,"7205, 1051, 3938, 7105, 7204, 7206, 7303, 7505, 9978, 7404, 7405, 7306",12
"7306",7306,"4181, 7206, 7305, 1634, 5243, 7189, 7207, 7304, 9228, 7506, 7407, 7308, 7405, 7406, 7307",15
"7307",7307,"7207, 7306, 7107, 7208, 7507, 7309, 7406, 7895, 7407, 7308",10
"7308",7308,"6930, 7307, 7108, 7207, 7306, 4866, 8579, 7508, 7409, 7407, 7408, 7309",12
"7309",7309,"7209, 7308, 2318, 7109, 7208, 765, 7307, 7509, 7410, 7311, 7408, 7310",12
"7310",7310,"7210, 7309, 7110, 7209, 7211, 121, 7510, 7411, 7312, 7409, 7410",11
"7311",7311,"5966, 7211, 7210, 7212, 7309, 8007, 7511, 7313, 7410, 9240, 7411",11
"7312",7312,"7212, 7112, 7211, 7213, 7310, 4261, 7512, 7314, 7411, 7412, 7313, 9168",12
"7313",7313,"7213, 7312, 5593, 7113, 7212, 7214, 2026, 7311, 7513, 7315, 7412, 7413, 7314",13
"7314",7314,"7214, 7313, 1467, 2050, 4549, 6928, 7213, 7215, 7312, 7514, 7415, 7316, 9386, 7414, 7315",15
"7315",7315,"7215, 7314, 7115, 5455, 7216, 7313, 2443, 1842, 7416, 7317, 7857, 7316",12
"7316",7316,"7216, 7315, 7116, 7215, 7217, 7314, 7516, 7417, 7318, 7415, 7416, 7317",12
"7317",7317,"7316, 7117, 7216, 4055, 7315, 7517, 7418, 7319, 7416, 7417, 7318",11
"7318",7318,"7218, 7317, 7118, 7217, 7219, 7316, 7869, 7518, 7419, 7320, 7417, 7418, 7319",13
"7319",7319,"6097, 7318, 7119, 7218, 7220, 7317, 7519, 7420, 7321, 9818, 7419, 7320",12
"7320",7320,"2834, 7220, 7319, 5675, 7120, 7219, 7221, 7318, 7070, 7520, 7421, 7322, 7419, 7420",14
"7321",7321,"7221, 7121, 7251, 7222, 7319, 1762, 7422, 7323, 7420, 7421, 7322",11
"7322",7322,"2889, 7222, 7321, 7122, 7221, 7223, 7320, 7522, 7324, 7421, 7323",11
"7323",7323,"7223, 7322, 7123, 7222, 7224, 7321, 6591, 1635, 8468, 7325, 7422, 7423, 7324",13
"7324",7324,"6236, 7323, 748, 5607, 7223, 7225, 7322, 7524, 7425, 7326, 7424, 7325",12
"7325",7325,"6127, 7225, 7324, 3615, 3739, 7125, 7224, 7226, 7323, 1655, 9266, 7426, 7327, 7424, 7425, 7326",16
"7326",7326,"339, 7325, 7126, 7225, 7227, 7324, 7526, 7427, 7328, 7327",10
"7327",7327,"7227, 7326, 7127, 7228, 7325, 7428, 7329, 8722, 7427, 7328",10
"7328",7328,"235, 7228, 7327, 7128, 7229, 7326, 7227, 7429, 7330, 7427, 7428, 7329",12
"7329",7329,"2158, 7229, 7328, 5683, 7228, 7230, 7327, 6902, 7430, 7331, 7429, 7330",12
"7330",7330,"1494, 7230, 7329, 4767, 7229, 4358, 7328, 9202, 7530, 7332, 7429, 7430, 7331",13
"7331",7331,"5702, 7231, 7330, 7230, 7329, 6180, 8851, 7432, 7333, 7430, 9744, 7332",12
"7332",7332,"1045, 1526, 2002, 7331, 7132, 7231, 7233, 7330, 7532, 7433, 7334, 7431, 7432, 7333",14
"7333",7333,"7233, 7332, 7133, 7232, 7234, 7331, 7533, 7434, 7335, 7432, 8051, 7334",12
"7334",7334,"7234, 7134, 7233, 7235, 7332, 2402, 7333, 7534, 7435, 7336, 7433, 7434",12
"7335",7335,"7235, 7234, 7236, 7333, 7535, 7436, 7434, 7435, 7336",9
"7336",7336,"7236, 7335, 730, 7136, 7235, 7237, 7334, 7536, 7338, 7433, 7436, 7337",12
"7337",7337,"7237, 7336, 7137, 7236, 7238, 478, 1487, 7438, 7339, 7436, 7437, 8331",12
"7338",7338,"7238, 4217, 7138, 7237, 7336, 825, 7538, 7439, 7340, 7437, 7438, 7339",12
"7339",7339,"7239, 7338, 1421, 7139, 7238, 7240, 7337, 6942, 7440, 7341, 7438, 9368, 7439, 7340",14
"7340",7340,"7240, 7339, 7140, 7239, 7241, 7338, 8211, 7540, 7441, 7342, 7440, 7341",12
"7341",7341,"7241, 7340, 7141, 7242, 7339, 7541, 7442, 7343, 7440, 7342",10
"7342",7342,"1309, 7242, 7341, 7142, 7241, 7243, 7340, 9449, 7542, 7443, 7344, 7441, 7442, 7343",14
"7343",7343,"7342, 7143, 195, 7244, 7341, 7543, 7345, 7442, 7443, 7344",10
"7344",7344,"7343, 7144, 7243, 7245, 7342, 7544, 7445, 7443, 7444, 7345",10
"7345",7345,"7245, 7344, 2315, 330, 7244, 7246, 7343, 7545, 7446, 7347, 7444, 7445, 7346",13
"7346",7346,"7345, 7146, 7247, 1511, 7447, 7348, 7445, 7505, 9080, 7446, 7347",11
"7347",7347,"7247, 7346, 7147, 7246, 7248, 7345, 1299, 7712, 7547, 7448, 7349, 7447, 7348",13
"7348",7348,"7248, 7347, 6988, 7247, 7249, 7346, 7548, 7449, 7350, 7447, 7448, 7349",12
"7349",7349,"7249, 7348, 7248, 7250, 7347, 6412, 1458, 7549, 7351, 7448, 8057, 7449",12
"7350",7350,"3195, 386, 7150, 7249, 7251, 7348, 7451, 7352, 7449, 7450, 7351",11
"7351",7351,"1693, 7350, 7151, 7250, 7252, 7349, 9774, 7551, 7452, 7450, 7658, 7352",12
"7352",7352,"7252, 7351, 7152, 7251, 7253, 7350, 7552, 7453, 7354, 7451, 7577, 7353",12
"7353",7353,"1900, 7253, 7352, 7252, 7254, 7553, 7355, 7452, 8888, 7453, 7354",11
"7354",7354,"4789, 7254, 7353, 7154, 7253, 7255, 7352, 3333, 5791, 9519, 7455, 7453, 7454",13
"7355",7355,"7255, 7155, 7256, 7353, 5390, 9898, 7555, 7456, 7454, 7356",10
"7356",7356,"7256, 7355, 7156, 7255, 7257, 7556, 7457, 7358, 7455, 7456, 7357",11
"7357",7357,"7356, 7157, 7256, 7258, 7557, 7458, 7359, 7456, 9760, 7457, 7358",11
"7358",7358,"7258, 7357, 2560, 7257, 7259, 7356, 6905, 7011, 9437, 7457, 8040, 7458, 7359",13
"7359",7359,"3433, 7259, 7358, 384, 7159, 7258, 7260, 7357, 9812, 7559, 7460, 7361, 7458, 7459, 7360",15
"7360",7360,"1640, 7260, 7359, 7160, 7261, 7461, 7362, 7459, 9065, 7460, 7361",11
"7361",7361,"7261, 7360, 7161, 7260, 7359, 2678, 7561, 7462, 7363, 7460, 7461",11
"7362",7362,"3582, 7262, 4102, 7162, 7263, 7360, 7562, 7463, 7364, 8163, 9953",11
"7363",7363,"7263, 7163, 7264, 7361, 7262, 7911, 7563, 7464, 7365, 7462",10
"7364",7364,"7264, 780, 7164, 7263, 7265, 7362, 7564, 7366, 7463, 8785, 7464, 7365",12
"7365",7365,"7265, 7364, 2747, 5446, 7264, 7266, 7363, 3517, 7466, 7367, 7464, 7366",12
"7366",7366,"7266, 7365, 6544, 2817, 7267, 1800, 7364, 7465, 7583, 7467, 8030, 7466",12
"7367",7367,"3434, 6693, 7267, 2304, 7167, 7266, 7268, 7365, 7567, 7369, 7466, 7467, 7368",13
"7368",7368,"5191, 7268, 7367, 7168, 7269, 163, 7568, 7469, 7370, 7467, 7468, 7369",12
"7369",7369,"7269, 7368, 1285, 7169, 7268, 7270, 7367, 7785, 7569, 7470, 7371, 7468, 7469",13
"7370",7370,"3463, 7270, 4091, 7170, 7269, 7271, 7368, 538, 7471, 7469, 7470, 7371",12
"7371",7371,"3946, 7271, 7370, 1946, 7171, 7270, 7272, 7369, 5449, 7472, 7373, 7470",12
"7372",7372,"1487, 7272, 7172, 7271, 7273, 6770, 7572, 7473, 7471, 7373",10
"7373",7373,"7273, 7372, 2471, 7173, 7272, 7274, 7371, 7474, 7375, 7472, 7374",11
"7374",7374,"7373, 6561, 7174, 7273, 7574, 8346, 7474",7
"7375",7375,"5456, 2645, 4133, 5832, 7175, 7274, 7276, 7373, 3659, 7575, 7476, 7474, 7376",13
"7376",7376,"7375, 7176, 7275, 7277, 7576, 7477, 7378, 7475, 7476, 7377",10
"7377",7377,"6133, 7277, 7376, 7200, 7276, 7278, 7732, 7577, 7478, 7476, 7477, 7378",12
"7378",7378,"7278, 7377, 6498, 7279, 7376, 7578, 7479, 7380, 7477, 8411, 7478, 7379",12
"7379",7379,"7279, 7378, 6209, 7278, 7280, 1074, 7579, 7381, 7478, 8839, 7479, 7380",12
"7380",7380,"2298, 7379, 1904, 7180, 7279, 7281, 7378, 6744, 7802, 7580, 7481, 7382, 7479, 7381",14
"7381",7381,"1289, 7281, 7380, 2915, 7181, 7280, 7282, 7379, 7581, 7482, 7383, 7480, 7382",13
"7382",7382,"7282, 7182, 7281, 3220, 7380, 7381, 8326, 7582, 7483, 7384, 7481, 7482, 7383",13
"7383",7383,"2614, 7382, 7282, 7284, 7381, 7583, 7484, 7385, 7482, 7483, 7384",11
"7384",7384,"5331, 7383, 7184, 7285, 7382, 5658, 8080, 8391, 8653, 8568, 7485, 7483, 7484, 7385",14
"7385",7385,"7285, 7384, 7185, 7284, 7383, 3066, 7585, 8472, 7387, 7484, 9053",11
"7386",7386,"7286, 7186, 7285, 7287, 1675, 8360, 7487, 7388, 7485, 7486",10
"7387",7387,"7287, 926, 7187, 7286, 7288, 7385, 7587, 7488, 7389, 7486, 7487, 7388",12
"7388",7388,"7288, 7387, 7048, 7188, 7289, 7386, 7588, 7489, 7390, 7487, 7488, 7389",12
"7389",7389,"7289, 7388, 7189, 7288, 7290, 7387, 7589, 7490, 7391",9
"7390",7390,"7290, 303, 7190, 7289, 7291, 7388, 1482, 259, 7590, 7491, 7489, 7490",12
"7391",7391,"7291, 7191, 7290, 7389, 5649, 701, 9954, 7492, 7393, 7392",10
"7392",7392,"7292, 7391, 2351, 4145, 7192, 7291, 7293, 7570, 7592, 7394, 7491, 7492, 7393",13
"7393",7393,"4746, 7293, 7392, 7193, 7292, 7294, 7391, 7593, 7494, 7395, 7492, 7493, 7394",13
"7394",7394,"2561, 7393, 4216, 7194, 7293, 7392, 8512, 7594, 7495, 7396, 7494, 7395",12
"7395",7395,"7295, 7394, 469, 7195, 7294, 7296, 7393, 4778, 7496, 7397, 7494, 7396",12
"7396",7396,"7296, 7196, 7295, 7297, 7394, 7395, 7596, 7497, 7398, 7495, 7496, 7397",12
"7397",7397,"7002, 7297, 7396, 7197, 7296, 7298, 7395, 6018, 3693, 7597, 7497, 7398",12
"7398",7398,"7298, 7397, 7198, 7297, 7299, 7396, 8961, 7745, 7598, 7499, 7400, 7497, 9943",13
"7399",7399,"4942, 7299, 956, 7199, 7298, 7300, 9849, 7500, 7498, 7499, 7400",11
"7400",7400,"7300, 7399, 6742, 7398, 6409, 7600, 7499",7
"7401",7401,"7301, 7201, 7302, 5952, 1703, 7601, 8345, 7402",8
"7402",7402,"7401, 797, 7202, 2498, 7303, 7602, 7503, 7404, 7501, 7502, 7403",11
"7403",7403,"7303, 7402, 5628, 7203, 7304, 633, 7603, 7504, 7502, 7503, 7404",11
"7404",7404,"7304, 7403, 3007, 7204, 7303, 7305, 7402, 4595, 7604, 7406, 7503, 9627, 7504, 7405",14
"7405",7405,"7305, 7404, 3202, 7205, 7304, 7306, 3439, 479, 7605, 7506, 7407, 7504, 7406",13
"7406",7406,"7306, 7405, 7206, 5173, 7307, 7404, 7507, 7408, 7505, 7506, 7407",11
"7407",7407,"7307, 7406, 6023, 7207, 7306, 7308, 7405, 6958, 7468, 7607, 7508, 7409, 7506, 7507, 7408",15
"7408",7408,"5358, 7308, 7407, 6898, 7208, 4439, 7309, 7406, 3145, 7608, 7509, 7410, 7507, 7409",14
"7409",7409,"4944, 7408, 7209, 7308, 7310, 7407, 7609, 7510, 7411, 7508, 7509, 7410",12
"7410",7410,"7310, 7409, 7210, 7309, 7311, 7408, 7610, 7511, 7509, 7510, 7411",11
"7411",7411,"7311, 7410, 7211, 7310, 7312, 7409, 7611, 7512, 7413, 7510, 7511, 7412",12
"7412",7412,"7312, 7411, 7212, 7313, 5642, 3805, 7513, 7511, 8496, 9559, 7512, 7413",12
"7413",7413,"7313, 7412, 6457, 7298, 7411, 2864, 7613, 7514, 7415, 7512, 7513",11
"7414",7414,"7314, 5962, 7214, 9248, 8182, 7515, 7416, 7513, 7514, 7415",10
"7415",7415,"6043, 7414, 7215, 7314, 7316, 7413, 7615, 7516, 7417, 7514, 7515, 7416",12
"7416",7416,"7316, 7415, 2792, 6771, 7216, 7315, 7317, 7414, 1302, 7616, 7517, 7418, 7516, 7417",14
"7417",7417,"7317, 7416, 929, 7217, 7316, 7318, 7415, 7617, 7518, 7419, 7516, 7517",12
"7418",7418,"3276, 7318, 4905, 7218, 7317, 7416, 7618, 7519, 7420, 7517, 7518, 7419, 9294",13
"7419",7419,"7319, 7418, 3879, 6706, 7219, 7318, 7320, 7417, 9200, 7421, 7518, 7519, 7420",13
"7420",7420,"6924, 7320, 7419, 6760, 7220, 7319, 7321, 7418, 7620, 7521, 7422, 7519, 7520, 7421",14
"7421",7421,"7321, 7420, 419, 7320, 7322, 7419, 4573, 7522, 8098, 7422",10
"7422",7422,"4404, 7421, 2328, 7222, 7321, 7323, 7420, 6938, 7622, 7523, 7521, 7423",12
"7423",7423,"2853, 7323, 7422, 7223, 2520, 9226, 7623, 7524, 7425, 7615, 8790, 7523",12
"7424",7424,"7324, 67, 7325, 9215, 7624, 7525, 7426, 7523, 7524, 7425",10
"7425",7425,"7325, 7424, 7225, 7324, 5871, 7423, 7526, 7427, 7524, 7525, 7426",11
"7426",7426,"3045, 7425, 7226, 7325, 3659, 7424, 7626, 7527, 7428, 7525, 7427",11
"7427",7427,"7327, 5679, 7326, 7328, 7425, 7426, 7717, 7627, 7528, 7429, 7526, 7527, 7428",13
"7428",7428,"2634, 5141, 6526, 7328, 7427, 368, 7327, 7426, 3803, 7527, 7528, 7429",12
"7429",7429,"3517, 5984, 7329, 7428, 7229, 7330, 7427, 7328, 7629, 7530, 7431, 7528, 7529, 7430",14
"7430",7430,"7330, 7429, 2446, 7329, 7331, 6692, 7630, 7531, 7432, 7529, 7732, 7530",12
"7431",7431,"800, 5867, 7231, 4693, 7332, 7429, 7631, 7532, 7433, 7530, 7531, 7432",12
"7432",7432,"7332, 7431, 7232, 7331, 7333, 7430, 7632, 7533, 7434, 7531, 7532, 7433",12
"7433",7433,"7432, 3905, 7233, 7332, 7334, 7336, 7431, 8041, 7633, 7534, 7532, 9439, 7533, 9376",14
"7434",7434,"7334, 7234, 7333, 7335, 7432, 7535, 7436, 7533, 7534",9
"7435",7435,"7335, 6814, 6918, 5752, 7334, 7536, 7437, 7534, 7666, 7436",10
"7436",7436,"7336, 7435, 7236, 7335, 7337, 7434, 7636, 7537, 7535, 7536, 7437",11
"7437",7437,"7337, 7436, 7237, 904, 7338, 7435, 5415, 7538, 7439, 7536, 9044",11
"7438",7438,"7338, 1270, 7238, 7337, 7339, 3483, 7638, 7440, 7537, 7538, 7439",11
"7439",7439,"7339, 7438, 7239, 7338, 1874, 7437, 7540, 7441, 7538, 7539, 7440",11
"7440",7440,"7340, 7439, 7240, 7339, 7341, 7438, 465, 7541, 7442, 7539, 7540, 7441",12
"7441",7441,"3014, 7440, 7241, 7340, 7342, 7439, 7641, 7542, 7443, 7540, 7541, 7442",12
"7442",7442,"7342, 7441, 794, 7242, 7341, 7343, 7440, 7642, 7543, 7444, 7541, 7443",12
"7443",7443,"2094, 7343, 7442, 7243, 7342, 7344, 7441, 7643, 7445, 7542, 8853, 7543, 7444",13
"7444",7444,"3684, 7344, 7443, 7244, 1136, 7345, 7442, 8435, 8154, 7644, 7545, 7446, 7543, 7544, 7445",15
"7445",7445,"7345, 7444, 6196, 7245, 7344, 7346, 7443, 7645, 7546, 7447, 7544, 7545, 7446",13
"7446",7446,"7346, 7445, 7246, 7345, 7444, 7646, 7547, 7448, 7545, 7546, 7447",11
"7447",7447,"7347, 7446, 7247, 7346, 7348, 7445, 7647, 7548, 7449, 7547",10
"7448",7448,"7348, 7248, 7347, 7349, 7446, 847, 7549, 9821, 7449, 7927",10
"7449",7449,"4846, 7349, 7448, 61, 6547, 7249, 7348, 7350, 7447, 5386, 7649, 7550, 8052, 7549",14
"7450",7450,"7350, 7250, 7351, 9571, 7650, 7551, 7452, 7549, 8253, 7451",10
"7451",7451,"2933, 7450, 7251, 7350, 7352, 7651, 7552, 7453, 7550, 7551, 8887",11
"7452",7452,"4645, 5634, 7252, 7351, 7353, 7450, 7652, 7553, 7454, 7551, 7552, 7453",12
"7453",7453,"7353, 7452, 4818, 7253, 7352, 7354, 7451, 9938, 7455, 7553, 7454",11
"7454",7454,"6822, 7354, 7453, 7254, 1947, 7355, 7452, 4741, 7654, 7555, 7456, 7553, 7554",13
"7455",7455,"2296, 7255, 7354, 7356, 7453, 7655, 7556, 7554, 7555",9
"7456",7456,"3731, 7356, 4465, 7256, 7355, 7357, 7454, 7059, 7656, 7557, 7458, 7555, 8375, 7556",14
"7457",7457,"7357, 7257, 7356, 7358, 2321, 7657, 7558, 7459, 7556, 7557, 7458",11
"7458",7458,"7358, 7457, 7258, 7357, 7359, 7456, 7738, 7658, 7559, 7460, 7557, 7558, 7459",13
"7459",7459,"7359, 7458, 1334, 2177, 2441, 7259, 7360, 7457, 9580, 7659, 7560, 7461, 9421, 7559, 7460",15
"7460",7460,"7360, 7459, 5090, 7359, 7361, 7458, 7462, 7560, 7461",9
"7461",7461,"7361, 7460, 361, 7459, 7360, 371, 9856, 7661, 7562, 7463, 7560, 7561",12
"7462",7462,"152, 2785, 7361, 7363, 7460, 7597, 8008, 7662, 7563, 7464, 7561, 7802, 7562, 7463",14
"7463",7463,"2711, 7462, 7263, 7362, 7364, 7461, 7564, 7465, 7562, 7563, 7464",11
"7464",7464,"3199, 7364, 7463, 349, 1663, 7264, 7363, 7365, 7462, 7664, 7565, 7466, 7563, 8427, 7465",15
"7465",7465,"7464, 7265, 7366, 7463, 7665, 7566, 7467, 7564, 9317, 7565, 7466",11
"7466",7466,"7366, 7465, 1484, 7266, 7365, 7367, 7464, 7666, 7468, 7565, 7566, 8292",12
"7467",7467,"7367, 7366, 7368, 7465, 7653, 8994, 7667, 7568, 7469, 7566, 7567, 7468",12
"7468",7468,"7368, 7467, 7407, 7268, 695, 7369, 7466, 7668, 7569, 7470, 7567, 7568, 7469",13
"7469",7469,"4473, 7369, 7468, 7269, 7368, 7370, 7467, 7669, 7570, 7471, 7568, 7470",12
"7470",7470,"7370, 7469, 7270, 7369, 7371, 7468, 6319, 7670, 7571, 7569, 7570, 7471",12
"7471",7471,"3156, 7470, 1741, 7271, 7370, 7372, 7469, 7671, 7473, 7570, 7944, 7472",12
"7472",7472,"3111, 1836, 7471, 7272, 7371, 7373, 7509, 7573, 7474, 7571, 7572, 7473",12
"7473",7473,"2201, 7472, 7273, 7372, 6566, 7471, 513, 7673, 7574, 7475, 7572, 7573",12
"7474",7474,"6168, 7374, 331, 7274, 7373, 7375, 7472, 3107, 7575, 7573, 7574, 7475",12
"7475",7475,"7134, 7474, 7275, 7376, 7473, 7675, 7576, 7477, 7574, 9164, 7575, 7476",12
"7476",7476,"7376, 7475, 1709, 5472, 7276, 7375, 7377, 3645, 7676, 7577, 7478, 7477",12
"7477",7477,"7377, 7476, 1646, 7277, 7376, 7378, 7475, 7677, 7578, 7479, 7576, 7577, 7478",13
"7478",7478,"7378, 7477, 6670, 6292, 7377, 7379, 7476, 7678, 7579, 7577, 9964, 7578, 7479",13
"7479",7479,"7379, 7478, 2012, 7279, 7378, 7380, 7477, 54, 1848, 7679, 7481, 7579",12
"7480",7480,"167, 1501, 5347, 6586, 7381, 3646, 7680, 7581, 7482, 9129, 7481",11
"7481",7481,"7480, 3164, 6826, 7281, 7380, 7382, 7479, 168, 7681, 7582, 7483, 7580, 7581",13
"7482",7482,"7382, 2739, 7282, 7381, 7383, 7480, 7227, 7682, 7583, 7581, 7483",11
"7483",7483,"7383, 7482, 5563, 7382, 7384, 7481, 7683, 7584, 7485, 7582",10
"7484",7484,"7384, 1416, 7284, 7383, 7385, 7684, 7585, 7486, 7584, 7485",10
"7485",7485,"7484, 5341, 7285, 7384, 7386, 7483, 7685, 7487, 7584, 7585, 7486",11
"7486",7486,"7386, 7485, 7286, 7387, 7484, 7686, 7587, 7488, 7585, 9457, 7586, 7487",12
"7487",7487,"4493, 7387, 7486, 608, 1312, 7287, 7386, 7388, 7485, 7687, 7588, 7489, 7586, 8912",14
"7488",7488,"7388, 2218, 6827, 7288, 7387, 7486, 8652, 7688, 7589, 7490, 7587, 7588, 9807",13
"7489",7489,"4514, 827, 7289, 7388, 7390, 7487, 6619, 4743, 7105, 8199, 7858, 7805, 7590, 7491, 7589",15
"7490",7490,"1297, 6593, 7390, 3528, 7290, 7389, 7488, 7690, 7591, 8977, 7590, 7491",12
"7491",7491,"7490, 7291, 7390, 7392, 7489, 7691, 7592, 7493, 7591, 7492",10
"7492",7492,"7392, 7491, 624, 7292, 7391, 7393, 501, 7692, 7593, 7494, 7591, 7592, 7493",13
"7493",7493,"7393, 7492, 7293, 312, 7491, 7693, 7594, 7495, 7592, 7593",10
"7494",7494,"1036, 7394, 1946, 3131, 7294, 7393, 7395, 7492, 7694, 7595, 7496, 7593, 7594, 7495",14
"7495",7495,"1758, 5241, 7494, 4491, 7295, 7394, 7396, 7493, 6384, 8199, 8704, 7695, 7596, 7497, 7595",15
"7496",7496,"7396, 7296, 7395, 4407, 7494, 7597, 7498, 7596, 7497",9
"7497",7497,"7397, 7496, 4143, 1394, 7396, 7398, 7495, 7697, 7598, 7499, 7596, 7597",12
"7498",7498,"4207, 7298, 7399, 7496, 1228, 7599, 7597, 7598, 7499",9
"7499",7499,"7399, 7498, 7398, 7400, 7497, 7699, 7600, 7598, 8178, 7599, 7500",11
"7500",7500,"7499, 7300, 7399, 9148, 7700, 7599, 8464",7
"7501",7501,"712, 7301, 7402, 7701, 7602, 7503, 7502",7
"7502",7502,"1093, 7402, 7501, 7302, 7403, 7702, 7603, 7504, 9870, 7602",10
"7503",7503,"7403, 7220, 2001, 5784, 7402, 7404, 7501, 8758, 7703, 7604, 7505, 7602, 7603, 7504",14
"7504",7504,"7404, 7503, 7304, 7403, 7405, 7502, 1410, 7704, 7506, 7603, 7604, 7505",12
"7505",7505,"7504, 7305, 7346, 7406, 7503, 7705, 7606, 7507, 7604, 7605, 7506",11
"7506",7506,"2542, 7406, 7505, 2749, 3491, 7306, 7405, 7407, 7504, 7706, 8009, 9298, 7508, 7606",14
"7507",7507,"7407, 1812, 40, 7307, 7406, 7408, 7505, 7707, 7608, 7509, 7607, 7508",12
"7508",7508,"7507, 7308, 7407, 7409, 7506, 8656, 7609, 7510, 7607, 7608, 7509",11
"7509",7509,"7409, 7508, 7309, 7408, 7410, 7472, 7507, 3540, 7709, 7511, 7608, 7609, 8965",13
"7510",7510,"4004, 7410, 7310, 7409, 7411, 7508, 7710, 7611, 7512, 7609, 7610, 7511",12
"7511",7511,"7411, 7510, 7311, 7410, 7412, 7509, 7711, 7612, 7513, 7610, 7611, 7512",12
"7512",7512,"7412, 7511, 7312, 7411, 7413, 7510, 1202, 7613, 7514, 7611, 7612, 7513",12
"7513",7513,"7413, 7512, 7313, 7414, 7511, 4487, 7412, 7515, 7612, 7613, 7514",11
"7514",7514,"7414, 7513, 2117, 3512, 7314, 7413, 7415, 7512, 349, 4845, 8086, 7714, 7614, 7515",14
"7515",7515,"3765, 4891, 7415, 7514, 1224, 7414, 7513, 7715, 7616, 7517, 7614",11
"7516",7516,"7416, 4484, 7316, 7415, 7417, 7127, 9692, 7716, 7617, 7518, 7615",11
"7517",7517,"7417, 2064, 7317, 7416, 7418, 7515, 7717, 7618, 7519, 7616, 7518",11
"7518",7518,"7418, 7517, 1541, 2608, 7318, 7417, 7419, 7516, 7718, 7619, 7520, 7617, 7618, 7519",14
"7519",7519,"7419, 7518, 7319, 7418, 7420, 7517, 7719, 7620, 7521, 7618, 7619, 7520",12
"7520",7520,"7420, 7519, 902, 7320, 2626, 7518, 9713, 7621, 7522, 7619, 8994, 7620, 7521",13
"7521",7521,"1356, 7520, 7420, 7422, 7519, 7721, 7622, 8621, 7620, 7621",10
"7522",7522,"4570, 7322, 7421, 6192, 7520, 7623, 7524, 7745, 7622, 7523",10
"7523",7523,"7423, 7522, 7422, 7424, 225, 7723, 7525, 7622, 7623, 7524",10
"7524",7524,"690, 7424, 7523, 7324, 7423, 7425, 7522, 7724, 7625, 7526, 7624, 7525",12
"7525",7525,"7425, 7524, 59, 2505, 7424, 7426, 7523, 5074, 7876, 7725, 7527, 7624, 7526",13
"7526",7526,"7525, 6403, 7326, 7425, 7427, 7524, 5714, 8131, 7627, 7528, 7625, 7626, 7527",13
"7527",7527,"5195, 6696, 7427, 7526, 6471, 785, 7426, 7428, 7525, 8213, 7727, 7628, 7529, 7626, 7627, 7528",16
"7528",7528,"7428, 7527, 7427, 7429, 7526, 8011, 7728, 7629, 7530, 7627, 9292, 7529",12
"7529",7529,"1636, 7429, 7528, 1516, 1961, 4467, 4954, 7430, 7527, 6157, 7729, 7628, 7629",13
"7530",7530,"7430, 2116, 3338, 7330, 7429, 7431, 7528, 7196, 7730, 7631, 7629, 7630, 7531",13
"7531",7531,"7431, 7530, 1942, 7430, 7432, 1449, 7731, 7632, 7533, 7630, 7631, 7532",12
"7532",7532,"429, 7432, 7531, 7332, 7431, 7433, 7732, 7534, 7631, 7533",10
"7533",7533,"7433, 7532, 7333, 7432, 7434, 7531, 1426, 7733, 7634, 7535, 9894, 7534",12
"7534",7534,"7434, 7533, 7334, 7433, 7435, 82, 7532, 9174, 7536, 7633, 7634, 7535",12
"7535",7535,"574, 7534, 7335, 7434, 7436, 7533, 3606, 373, 7735, 7636, 7537, 7536",12
"7536",7536,"7436, 7535, 7336, 7437, 7534, 7435, 9223, 7736, 7637, 7538, 7635, 7636, 7537",13
"7537",7537,"3823, 7536, 5463, 7436, 7438, 7535, 7737, 7638, 7539, 7636, 7637",11
"7538",7538,"7438, 1398, 7338, 7437, 7439, 7536, 4234, 7738, 7639, 7540, 7637, 7539",12
"7539",7539,"7439, 7538, 4386, 7440, 7537, 7739, 7640, 7541, 7638, 7639, 7540",11
"7540",7540,"7440, 7539, 7340, 7441, 7538, 7439, 7740, 7641, 7542, 7639, 7640, 7541",12
"7541",7541,"7441, 7540, 884, 6409, 7341, 7440, 7442, 7539, 5849, 7741, 7642, 7543, 7640, 7641",14
"7542",7542,"321, 3670, 7342, 7441, 7443, 7540, 7742, 7544, 7641, 7642, 7543",11
"7543",7543,"6158, 6566, 7443, 7542, 7343, 7442, 7444, 7541, 796, 7545, 7642, 7643, 7544",13
"7544",7544,"7444, 7543, 7344, 3713, 7445, 7542, 7744, 7645, 7546, 7644, 7545",11
"7545",7545,"7445, 7544, 7345, 7444, 7446, 7543, 7646, 7644, 7645, 7546",10
"7546",7546,"7446, 7545, 329, 7445, 345, 7544, 447, 7746, 7647, 7548, 7547",11
"7547",7547,"7447, 7546, 7347, 7446, 4381, 3636, 9839, 7747, 7648, 7549, 7646, 7647, 7548",13
"7548",7548,"7547, 7348, 7447, 4449, 7546, 7748, 7649, 7550, 7647, 7648, 7549",11
"7549",7549,"301, 7449, 7548, 289, 2994, 7349, 7448, 7450, 7547, 7749, 7650, 7551, 7649, 7550",14
"7550",7550,"5852, 5677, 7549, 1091, 7449, 7451, 7548, 7750, 7651, 7552, 7649, 7650, 7551",13
"7551",7551,"2639, 7451, 7550, 7351, 7450, 7452, 7549, 7751, 7652, 7553, 7650, 7651, 7552",13
"7552",7552,"7452, 7551, 7352, 7451, 1231, 7550, 7653, 7554, 7651, 7652, 7553",11
"7553",7553,"7453, 7552, 4621, 7353, 7452, 7454, 7551, 7753, 7654, 7555, 7652, 7653",12
"7554",7554,"4255, 7454, 4459, 7455, 7552, 7754, 7655, 7556, 7653, 7654",10
"7555",7555,"472, 638, 2304, 7455, 2197, 1305, 7355, 7454, 7456, 7553, 4921, 7755, 7656, 7557, 7654, 7556",16
"7556",7556,"7456, 7555, 7356, 7455, 7457, 7554, 7756, 7558, 7655, 7656, 7557",11
"7557",7557,"7457, 7556, 7357, 7456, 7458, 7555, 7757, 7658, 7559, 7656, 7657, 7558",12
"7558",7558,"7458, 7557, 5973, 1417, 7457, 7556, 6828, 9300, 7758, 7659, 7560, 7657, 7559",13
"7559",7559,"7459, 7558, 439, 7359, 7458, 1169, 7557, 7759, 7660, 7561, 7658, 7659, 7560",13
"7560",7560,"7460, 7559, 7110, 7117, 7459, 7461, 7558, 4138, 5225, 8007, 8600, 7562, 7660, 7561",14
"7561",7561,"7461, 7560, 7361, 7462, 7559, 7662, 7563, 7660, 7661, 8292",10
"7562",7562,"7462, 7362, 7461, 7463, 7560, 7762, 7663, 7564, 7661, 7662",10
"7563",7563,"7463, 3260, 7363, 7462, 7464, 7561, 7763, 7664, 7565, 7662, 7663, 7564",12
"7564",7564,"7563, 7364, 7463, 7465, 7562, 7565, 9351, 7764, 7665, 7566, 7663",11
"7565",7565,"7465, 7564, 7464, 7466, 7563, 7765, 7666, 7567, 7664, 7665",10
"7566",7566,"7466, 3277, 7465, 7467, 7564, 8951, 7766, 7667, 7568, 7665, 7666, 7567, 8168",13
"7567",7567,"7467, 7566, 6348, 7367, 5553, 7468, 7565, 7767, 7668, 8838, 7568",11
"7568",7568,"7468, 4331, 7368, 7467, 7469, 7566, 6087, 7567, 7768, 7669, 7570, 7667, 7668",13
"7569",7569,"1680, 616, 7369, 7468, 7470, 3181, 8580, 7670, 7917, 7668, 7570",11
"7570",7570,"6306, 7470, 7569, 4853, 5788, 7469, 7471, 7568, 7392, 7770, 7572, 7669, 7670, 7571",14
"7571",7571,"7570, 7259, 7470, 7472, 7672, 7573, 7670, 7671, 7572",9
"7572",7572,"5383, 7472, 7571, 7372, 17, 7473, 7570, 1070, 7772, 7673, 7574, 7672, 7573",13
"7573",7573,"7473, 7572, 3683, 7472, 7474, 7571, 5958, 5210, 7773, 7575, 7672, 7673",12
"7574",7574,"7474, 6131, 4981, 7374, 7473, 7475, 7572, 9459, 7774, 7675, 7576, 7673, 7674",13
"7575",7575,"1295, 3427, 7475, 5876, 7375, 7474, 7264, 7573, 7775, 7676, 7577, 7674, 7675, 7576",14
"7576",7576,"7575, 7376, 7475, 7477, 7574, 7776, 7677, 7578, 7676, 7577",10
"7577",7577,"7352, 7477, 7576, 7377, 7476, 7478, 7575, 7777, 7678, 7579, 7676, 7677, 7578",13
"7578",7578,"880, 7478, 7577, 7378, 7477, 7576, 7778, 7679, 7580, 7677, 7678, 7579",12
"7579",7579,"3141, 7479, 7578, 4446, 7379, 7478, 7577, 5450, 867, 7779, 7680, 7581, 7679",13
"7580",7580,"1190, 7380, 7481, 7578, 7780, 7681, 7582, 7679, 7680, 7581",10
"7581",7581,"7481, 7580, 7381, 7480, 7482, 7579, 9565, 7781, 7682, 7583, 7680, 7681, 7582",13
"7582",7582,"7581, 7382, 7481, 7483, 7580, 7782, 7683, 7584, 7681, 7682, 7583",11
"7583",7583,"3471, 7582, 7383, 7482, 7366, 7581, 7783, 7684, 7585, 7682, 8869, 7584",12
"7584",7584,"7484, 7583, 7483, 7485, 7582, 7784, 7685, 7586, 9594, 7684, 8731",11
"7585",7585,"7485, 7385, 7484, 7486, 7583, 7785, 7587, 9871, 7586",9
"7586",7586,"7486, 7585, 2813, 7487, 7584, 2381, 7786, 7687, 7685, 7640, 7686, 7587",12
"7587",7587,"7586, 7387, 7486, 7488, 84, 7585, 7688, 7686, 7687, 7588",10
"7588",7588,"7488, 7587, 6327, 7388, 7487, 7788, 7689, 7590, 7687, 7688",10
"7589",7589,"6439, 7489, 6463, 7389, 7488, 3114, 7789, 7690, 7591, 7688, 7689, 7590",12
"7590",7590,"7490, 7589, 7390, 7489, 5374, 7588, 7790, 7691, 7689, 7690, 7591",11
"7591",7591,"7491, 7590, 980, 963, 912, 5248, 7490, 7492, 7589, 8077, 7791, 7692, 7593, 7691, 7592",15
"7592",7592,"7492, 7591, 7392, 7491, 7493, 1633, 4550, 9001, 7792, 8785, 7692, 7593",12
"7593",7593,"4645, 7493, 7592, 7393, 7492, 7494, 7591, 709, 7793, 7694, 7595, 7693, 7594",13
"7594",7594,"7494, 7593, 7394, 7493, 465, 2286, 7695, 7596, 7693, 7694",10
"7595",7595,"7495, 4673, 7494, 7593, 7226, 8862, 7795, 7597, 7694, 7695, 7596",11
"7596",7596,"7496, 7595, 1368, 6898, 7396, 7495, 7497, 7594, 6817, 7697, 7598, 7695, 7597",13
"7597",7597,"6736, 7497, 7596, 7462, 7397, 7498, 7595, 7496, 7797, 7698, 7599, 7696, 7669, 7697, 7598",15
"7598",7598,"7498, 7597, 7398, 7497, 7499, 7596, 7798, 7699, 7600, 7697, 7698, 7599",12
"7599",7599,"7499, 7598, 6437, 7498, 7500, 7597, 7799, 7700, 7698, 7699, 7600",11
"7600",7600,"7599, 3016, 7400, 7499, 7598, 7800, 7699, 7700",8
"7601",7601,"2496, 7401, 2742, 1535, 7801, 7603, 7701, 7602",8
"7602",7602,"5578, 7502, 7601, 7402, 7501, 7503, 7802, 7703, 7604, 7701, 7702, 7603",12
"7603",7603,"7503, 7602, 7403, 7502, 7504, 7601, 6229, 7803, 7704, 7605, 7702, 7703",12
"7604",7604,"7504, 347, 7404, 7503, 7505, 7602, 7804, 7705, 7606, 7703",10
"7605",7605,"7505, 4104, 7405, 7603, 9031, 7805, 7706, 7607, 7704, 7705, 7606, 9891",12
"7606",7606,"7506, 7605, 311, 7505, 7604, 7806, 7707, 7608, 8834, 7706, 7607",11
"7607",7607,"1557, 7507, 7606, 3313, 7407, 7508, 7605, 8886, 7708, 7609, 7706, 7608",12
"7608",7608,"7508, 7607, 7408, 7507, 7509, 7606, 8815, 7808, 7709, 7610, 7707, 7708",12
"7609",7609,"7509, 5510, 2258, 7409, 7510, 7607, 7508, 7809, 7710, 7611, 7708, 8058, 7709, 7960",14
"7610",7610,"7510, 7410, 7511, 7608, 2117, 7810, 7612, 7709, 7710, 7611",10
"7611",7611,"7511, 7610, 7411, 7510, 7512, 7609, 7811, 7711, 7612",9
"7612",7612,"7512, 7611, 7511, 7513, 7610, 9610, 7812, 7713, 7614, 7712, 7613",11
"7613",7613,"7513, 7612, 875, 7413, 7512, 7813, 7714, 7615, 7713, 7614",10
"7614",7614,"7514, 7613, 7515, 7612, 5118, 7814, 7715, 7616, 7714, 7615",10
"7615",7615,"792, 7614, 7415, 7423, 5680, 7516, 7613, 7815, 7716, 7714, 7715, 7616",12
"7616",7616,"7615, 7416, 7515, 7517, 7614, 7816, 7717, 7618, 9314, 7716, 8168",11
"7617",7617,"901, 5042, 6406, 7417, 7516, 7518, 5905, 6469, 7817, 7619, 7716, 7717",12
"7618",7618,"7518, 7418, 7517, 7519, 7616, 7818, 7719, 7620, 7717, 8118, 7718, 7619",12
"7619",7619,"5204, 7519, 7618, 6567, 7518, 7520, 7617, 7819, 7720, 7621, 7718, 7719, 7620",13
"7620",7620,"7520, 7619, 7420, 7519, 7521, 7618, 7820, 7622, 7719, 7720, 7621",11
"7621",7621,"7521, 7620, 5449, 7520, 7619, 4555, 9624, 7722, 7720, 7721",10
"7622",7622,"7522, 2668, 7422, 7521, 7523, 7620, 7822, 7723, 7624, 7721, 7722, 7623",12
"7623",7623,"7523, 7622, 1351, 4238, 7423, 4828, 7522, 9285, 7823, 7724, 7625, 7722, 7723, 7624",14
"7624",7624,"7524, 7623, 4397, 7424, 7525, 7622, 7824, 7725, 7626, 7723, 7724, 7625",12
"7625",7625,"3752, 7624, 5111, 6762, 7524, 7526, 7623, 7825, 7726, 7627, 7724, 9485, 7725, 7626",14
"7626",7626,"7526, 7625, 7426, 7527, 7624, 7826, 7727, 7628, 7725, 7726, 7627",11
"7627",7627,"70, 7527, 7626, 7427, 7526, 7528, 7625, 4876, 2529, 7827, 7728, 7727, 7628",13
"7628",7628,"3608, 7627, 7527, 7529, 7626, 7828, 7729, 7630, 7727, 7728, 7629",11
"7629",7629,"997, 7529, 7628, 7429, 7528, 7530, 8145, 7829, 7730, 7631, 7729, 7630",12
"7630",7630,"7530, 7629, 7430, 7531, 7628, 7830, 7731, 7729, 7730, 7631",10
"7631",7631,"7531, 7630, 490, 7431, 7530, 7532, 7629, 7831, 7732, 7633, 7731, 7632",12
"7632",7632,"5586, 7631, 5853, 7432, 7531, 5325, 7832, 7733, 7731, 7732, 7633",11
"7633",7633,"7632, 3777, 1056, 7433, 7534, 7631, 7833, 7734, 7635, 7732, 9658",11
"7634",7634,"7534, 6907, 7533, 2243, 1082, 2867, 7834, 7636, 7733, 7635",10
"7635",7635,"7634, 7536, 7633, 9392, 7835, 7736, 7637, 7735, 7636",9
"7636",7636,"7536, 7635, 7436, 7535, 7537, 7634, 2160, 7836, 7737, 7638, 7735, 7736",12
"7637",7637,"7537, 1785, 4258, 7536, 7538, 7635, 2317, 7212, 8695, 7738, 7736, 7737",12
"7638",7638,"6820, 7438, 7537, 7539, 7636, 7739, 7640, 7737, 7738, 7639",10
"7639",7639,"729, 7539, 7638, 7538, 7540, 96, 9491, 7839, 7740, 7641, 7739, 7640",12
"7640",7640,"7540, 7639, 5768, 4075, 7586, 7539, 7541, 7638, 7740, 7840, 7741, 7642, 7739, 7641",14
"7641",7641,"7541, 7640, 2996, 7441, 7540, 7542, 7639, 7841, 7742, 7643, 7740, 7741",12
"7642",7642,"7542, 7442, 7541, 7543, 7640, 4094, 7743, 7644, 7741, 7742, 7643",11
"7643",7643,"7543, 7642, 7443, 3982, 7641, 5019, 2959, 8922, 7843, 7744, 7645, 7742, 8306, 7743",14
"7644",7644,"7544, 3252, 3759, 4074, 7444, 7545, 7642, 7844, 7906, 7646, 7743, 7744, 7645",13
"7645",7645,"1354, 7545, 7644, 7445, 7544, 4542, 7643, 4145, 3953, 7845, 7647, 7744, 7745, 7646",14
"7646",7646,"7645, 7446, 7545, 7547, 7644, 1200, 7949, 7846, 7648, 7745, 7746, 7647",12
"7647",7647,"7547, 7646, 7447, 7546, 7548, 7645, 7847, 7748, 7649, 7746, 7747, 7648",12
"7648",7648,"7548, 7647, 7547, 4428, 7646, 8770, 7848, 7749, 7650, 7747, 7748, 9917",12
"7649",7649,"7549, 7449, 7548, 7550, 7647, 8119, 7849, 7750, 7651, 7748, 7749, 7650",12
"7650",7650,"7550, 7649, 7450, 7549, 7551, 7648, 7850, 7751, 7749, 7750, 7651",11
"7651",7651,"7551, 7650, 7451, 7550, 7552, 7649, 8542, 7851, 7752, 7653, 7750, 7751, 7652",13
"7652",7652,"4594, 7552, 7651, 5634, 7452, 7551, 7553, 8363, 7852, 7753, 7654, 7653",12
"7653",7653,"4236, 7553, 7652, 2014, 7467, 1424, 7552, 7554, 7651, 3943, 1933, 9696, 7887, 7754, 7752",15
"7654",7654,"7554, 7454, 7553, 7555, 7652, 7854, 7755, 7656, 7753, 7705, 7754, 7655",12
"7655",7655,"7654, 7455, 7554, 7556, 9661, 7657, 7754, 7755, 7656",9
"7656",7656,"7556, 7655, 845, 7456, 7555, 7557, 7654, 7856, 7757, 7658, 7755, 7756, 7657",13
"7657",7657,"7557, 7656, 1133, 7457, 3803, 7558, 7655, 7857, 7758, 7659, 7756, 7757, 7658",13
"7658",7658,"7657, 7458, 7557, 7559, 7656, 7351, 7759, 7660",8
"7659",7659,"4247, 7559, 4615, 1662, 7459, 7558, 7657, 7859, 7760, 7661, 7758, 7759, 7660",13
"7660",7660,"7560, 7659, 3046, 5721, 6688, 7559, 7561, 7658, 5627, 7860, 7761, 7662, 7759, 7760, 7661",15
"7661",7661,"7561, 7660, 7461, 7562, 7659, 6789, 7663, 7760, 7761, 7662",10
"7662",7662,"7562, 7661, 7462, 7561, 7563, 7660, 7862, 7763, 7664, 7761, 7762, 7663",12
"7663",7663,"2099, 7563, 7662, 1137, 7562, 7564, 1452, 7661, 7863, 9936, 7762, 7763, 7664",13
"7664",7664,"7663, 7464, 7563, 7565, 7662, 7864, 7765, 7666, 7763, 7764",10
"7665",7665,"7565, 6431, 7465, 7564, 7566, 4726, 7865, 7766, 7667",9
"7666",7666,"7566, 6753, 7435, 7466, 7565, 7664, 808, 7767, 7668, 7765, 7766, 7667",12
"7667",7667,"7666, 7467, 7566, 7568, 7665, 5019, 951, 7867, 7669, 7767, 7668",11
"7668",7668,"7568, 7667, 7468, 7567, 7569, 7666, 4489, 7868, 7769, 7670, 7767",11
"7669",7669,"2050, 7597, 7469, 7568, 7570, 7667, 3292, 7869, 7671, 7768, 7769, 7670",12
"7670",7670,"7570, 7669, 2786, 7470, 7569, 7571, 7668, 2636, 7870, 7771, 7672, 7769, 7671",13
"7671",7671,"7571, 7670, 7471, 7669, 5103, 7871, 7772, 7673, 9018, 7771, 7672",11
"7672",7672,"7572, 7671, 7571, 7573, 7670, 7872, 7773, 7674, 7771, 7772",10
"7673",7673,"1536, 7573, 2097, 2295, 7019, 7473, 7572, 7574, 7671, 7873, 7774, 7675, 7772, 7773, 7674",15
"7674",7674,"7574, 7673, 3418, 4302, 7575, 7672, 7874, 7775, 7676, 7773, 7774, 7675",12
"7675",7675,"7575, 7674, 5145, 7475, 7574, 4463, 7673, 267, 7875, 7677, 7774, 7676",12
"7676",7676,"7576, 7675, 7476, 7575, 7577, 7674, 7876, 7777, 7678, 7775, 7776, 7677",12
"7677",7677,"3193, 7577, 7676, 6097, 7477, 7576, 7578, 7675, 7877, 7778, 7679, 7776, 9616, 7777",14
"7678",7678,"2927, 7578, 6187, 7478, 7577, 7676, 7878, 7779, 7680, 7777, 9091, 7778, 7679, 8981",14
"7679",7679,"7579, 7678, 7479, 7578, 7580, 7677, 5184, 7879, 7780, 7681, 7778, 7773, 7680",13
"7680",7680,"7580, 7679, 2512, 7480, 7579, 7581, 7678, 2599, 8258, 7880, 7781, 7779, 7681",13
"7681",7681,"1074, 7581, 7680, 729, 5322, 7481, 7580, 7582, 7679, 5217, 7881, 7782, 7683, 7682",14
"7682",7682,"7582, 7681, 814, 7482, 7581, 7583, 1609, 7882, 7684, 7781, 8645, 7782, 7683",13
"7683",7683,"7682, 7483, 7582, 3032, 7681, 2756, 7883, 7784, 7685, 7782, 7783, 7684",12
"7684",7684,"5884, 7584, 7683, 7484, 7583, 6673, 7682, 7884, 7785, 7686, 7784, 7685",12
"7685",7685,"2923, 7684, 7485, 7584, 7586, 7683, 7885, 7786, 7687, 7784, 7785, 7686",12
"7686",7686,"7586, 7685, 7486, 7587, 7684, 7886, 7787, 7688, 7785, 9251, 7786",11
"7687",7687,"885, 7587, 611, 1165, 7098, 7487, 7586, 7588, 7685, 7050, 7689, 7786, 7787",13
"7688",7688,"7588, 7074, 7488, 7587, 7589, 7686, 4037, 8609, 7789, 7690, 7787, 7788, 7689",13
"7689",7689,"7589, 7688, 4548, 7588, 7590, 7687, 7889, 7790, 7691, 7788, 7789, 7690",12
"7690",7690,"7590, 7689, 7490, 7589, 7688, 9411, 7890, 7791, 7692, 7789, 7790",11
"7691",7691,"7591, 7140, 1937, 7491, 7590, 7689, 7891, 7792, 7693, 7790, 7791, 7692",12
"7692",7692,"7592, 7691, 207, 7492, 7591, 7690, 5719, 7793, 7694, 8113, 7792, 7693",12
"7693",7693,"7593, 7692, 918, 7055, 7493, 7594, 7691, 4649, 9192, 7893, 7794, 7792, 7793",13
"7694",7694,"7594, 4495, 7494, 7593, 7595, 7692, 7795, 9767, 7696, 7793, 7794, 7695",12
"7695",7695,"7595, 7694, 5202, 7495, 7594, 7596, 7895, 7796, 7697, 7794, 7795, 7696",12
"7696",7696,"7695, 534, 7597, 7694, 7969, 7896, 7797, 7698, 7796, 7697",10
"7697",7697,"3613, 7597, 7696, 4909, 7497, 7596, 7598, 7695, 7897, 7798, 7699, 7796, 7797, 7698",14
"7698",7698,"7598, 7697, 4149, 7597, 7599, 7696, 7898, 7799, 7700, 7797, 7798, 7699",12
"7699",7699,"7599, 7698, 4215, 5588, 7499, 7598, 7600, 7697, 6163, 7899, 7800, 7799, 7700",13
"7700",7700,"7600, 7699, 7500, 7599, 7698, 8579, 7900, 7799, 7800",9
"7701",7701,"7601, 7501, 7602, 4728, 7901, 7802, 7703, 7801",8
"7702",7702,"7602, 1335, 2121, 7502, 7603, 2939, 7152, 7704, 7801, 7703",10
"7703",7703,"7603, 7702, 7503, 7602, 7604, 7701, 7903, 7804, 7705, 7802, 7803",11
"7704",7704,"767, 7504, 7603, 7605, 7702, 7904, 7805, 7706, 7803, 7804, 7705, 9612",12
"7705",7705,"7605, 7704, 7505, 7604, 7703, 7654, 7905, 7806, 7804, 7706",10
"7706",7706,"7606, 7705, 574, 7506, 7605, 7607, 7704, 7906, 7807, 7708, 7806, 7707",12
"7707",7707,"7706, 7286, 7507, 7606, 7608, 362, 7907, 7808, 7709, 7806, 7807, 7708",12
"7708",7708,"7608, 7707, 2710, 3209, 7607, 7609, 7706, 9768, 7908, 7809, 7710, 7807, 9274, 8924, 7709",15
"7709",7709,"7609, 7708, 7081, 7509, 7608, 7610, 7707, 2734, 7810, 7711, 7808",11
"7710",7710,"7610, 1063, 7510, 7609, 1958, 7708, 7910, 7811, 7712, 7809, 7810, 7711",12
"7711",7711,"7611, 7710, 7511, 7709, 8511, 7911, 7812, 7713, 7810, 7811, 7712",11
"7712",7712,"6373, 7612, 7711, 7347, 7710, 4165, 7161, 7912, 7813, 7811, 9644, 7713",12
"7713",7713,"7613, 7712, 28, 6557, 7612, 7711, 3432, 8452, 7913, 7814, 7715, 7813, 7714",13
"7714",7714,"7614, 7713, 7514, 7613, 7615, 447, 7914, 7815, 7716, 7813, 8873, 7715",12
"7715",7715,"5022, 6859, 7615, 7714, 1464, 2384, 7515, 7614, 7713, 7915, 7717, 7814, 7724, 7716",14
"7716",7716,"7616, 7715, 7516, 7615, 7617, 7714, 8319, 7916, 7817, 7718, 7816, 7717",12
"7717",7717,"7617, 7716, 7427, 7517, 7616, 7618, 7715, 7917, 7818, 7719, 7780, 7718",12
"7718",7718,"7618, 7717, 7518, 5510, 7619, 7716, 7918, 7819, 7720, 7817, 7818, 7719",12
"7719",7719,"7619, 7718, 7519, 7618, 7620, 7717, 7820, 7721, 7818, 7819",10
"7720",7720,"7620, 2764, 7619, 7621, 7718, 5511, 7920, 7821, 7721",9
"7721",7721,"7621, 7720, 7521, 1807, 7622, 7719, 7921, 7822, 7723, 7820, 7821, 7722",12
"7722",7722,"7622, 7721, 4146, 7621, 7623, 9502, 7922, 7823, 7724, 7821, 8295",11
"7723",7723,"7623, 7523, 7622, 7624, 7721, 6735, 7725, 7822, 7823, 7724",10
"7724",7724,"7624, 7723, 7715, 7524, 7623, 7625, 7722, 7924, 7726, 7725",10
"7725",7725,"7625, 7724, 3415, 7525, 7624, 7626, 7723, 7925, 7826, 7727, 7824, 7825",12
"7726",7726,"3825, 7626, 5230, 7625, 7724, 7926, 8509, 7825, 7826, 7727",10
"7727",7727,"7627, 7726, 2877, 7527, 7626, 7628, 7725, 7927, 7828, 7729, 7826, 7728",12
"7728",7728,"7628, 7727, 7528, 7627, 9009, 8023, 7829, 7730, 7827, 9902, 7828, 7729",12
"7729",7729,"5373, 7629, 7728, 7529, 7628, 7630, 7727, 4101, 5181, 7929, 7830, 7828",12
"7730",7730,"6613, 7630, 518, 4629, 7530, 7629, 4679, 7728, 264, 7831, 7732, 7829, 7830, 8901",14
"7731",7731,"7631, 7531, 7630, 7632, 7931, 7832, 7733, 7830, 7831, 7732",10
"7732",7732,"1372, 7632, 7731, 7377, 7430, 7532, 7631, 7633, 7730, 9264, 8643, 7932, 7833, 7734, 7831, 7832, 7733",17
"7733",7733,"5145, 7732, 7533, 7632, 7634, 7731, 7933, 7834, 7735, 7833, 7734",11
"7734",7734,"6885, 7733, 4221, 3136, 7633, 7732, 4552, 7934, 7835, 7833, 7834, 7735",12
"7735",7735,"7635, 7734, 4456, 7535, 7636, 7733, 7935, 7737, 7834, 7835, 7736",11
"7736",7736,"2110, 7636, 7735, 2675, 3904, 7098, 7536, 7635, 7637, 8734, 7837, 7738, 7835, 7836, 7737",15
"7737",7737,"944, 7637, 7736, 7537, 7636, 7638, 7735, 1472, 8480, 7937, 7838, 7739, 7837, 7738",14
"7738",7738,"4367, 7638, 7737, 7538, 7637, 7458, 7736, 7938, 7839, 7740, 7837, 7739",12
"7739",7739,"3835, 7639, 7738, 5009, 7539, 7638, 7640, 7737, 7939, 7840, 7741, 7838, 7839, 7740",14
"7740",7740,"7640, 7739, 7540, 7639, 7641, 7738, 1638, 7940, 7742, 7840, 7741",11
"7741",7741,"7641, 7740, 898, 1617, 3629, 5836, 7541, 7640, 7642, 7739, 7941, 7842, 7743, 7840, 7742",15
"7742",7742,"7642, 7741, 7542, 7641, 7643, 7740, 4947, 2249, 7942, 7843, 7744, 7841, 7842",13
"7743",7743,"7643, 2071, 7642, 7644, 7741, 8240, 7943, 7844, 7745, 7842, 9615, 7843, 7744",13
"7744",7744,"7644, 7743, 4966, 7544, 7643, 7645, 7742, 7944, 7845, 7746, 7843, 7844, 7745",13
"7745",7745,"7645, 7744, 7522, 7398, 7646, 7743, 1138, 7945, 7846, 7747, 7845",11
"7746",7746,"7646, 7146, 3885, 7546, 7647, 7744, 7946, 7847, 7748, 7845, 7846, 7747",12
"7747",7747,"2203, 7647, 7746, 7547, 7648, 7745, 8277, 7947, 7749, 7846, 7847, 7748",12
"7748",7748,"7648, 7747, 4858, 7548, 7647, 7649, 7746, 3740, 5397, 7948, 7849, 7848, 7749",13
"7749",7749,"7649, 7748, 4308, 7549, 7648, 7650, 7747, 9586, 7949, 7751, 7848, 7849, 7750",13
"7750",7750,"7650, 7749, 2053, 2037, 3381, 4057, 7550, 7649, 7651, 7950, 7851, 7752, 7849, 7937, 7850, 7751",16
"7751",7751,"1827, 7651, 7750, 7551, 7650, 6049, 4746, 7749, 7753, 7850, 7851, 7752",12
"7752",7752,"7751, 2572, 7651, 7653, 7750, 7952, 9858, 7754, 7851, 7852, 7753",11
"7753",7753,"7752, 7553, 7652, 7654, 7751, 7953, 7852, 7853, 7754",9
"7754",7754,"3337, 7654, 7753, 2624, 3260, 7554, 7653, 7655, 7752, 7954, 7855, 7756, 7853, 7854, 7755",15
"7755",7755,"981, 7655, 7754, 7555, 7654, 7656, 2323, 7955, 7856, 7854, 7855, 7756",12
"7756",7756,"7656, 7755, 7556, 7657, 7754, 347, 7956, 7857, 8170, 7856, 7757",11
"7757",7757,"5329, 6845, 7657, 7756, 458, 7557, 7656, 3709, 3875, 2753, 7957, 7759, 7856, 7857, 7758",15
"7758",7758,"7757, 7558, 7657, 7659, 3380, 7859, 7760, 7857, 9564, 9407, 7759",11
"7759",7759,"7659, 7758, 3278, 7559, 7658, 7660, 7757, 3692, 460, 7959, 7761, 7858, 7760",13
"7760",7760,"7660, 7759, 1959, 2007, 7659, 7661, 7758, 7960, 7861, 7762, 7859, 7860, 7761",13
"7761",7761,"7661, 7760, 6611, 7660, 7662, 7759, 7961, 7862, 7763, 7860, 7762",11
"7762",7762,"7662, 5876, 7562, 7663, 7760, 7761, 8279, 7962, 7863, 7764, 7862, 7763",12
"7763",7763,"7663, 7762, 1554, 2973, 7563, 7662, 7664, 7761, 7963, 7864, 7765, 7862, 7863, 7764",14
"7764",7764,"7664, 7763, 7564, 7762, 3144, 7865, 7766, 7863, 7765",9
"7765",7765,"216, 7187, 664, 7764, 2189, 5967, 7565, 7664, 7666, 7763, 1683, 5849, 7866, 7767, 7766",15
"7766",7766,"7666, 7765, 6675, 7566, 7665, 7764, 9114, 8190, 7966, 7867, 7768, 7767",12
"7767",7767,"7667, 7766, 914, 934, 1008, 7567, 7666, 7668, 7765, 7868, 7769, 7866, 7867, 7768",14
"7768",7768,"7767, 7568, 7669, 7766, 7968, 7869, 7770, 7867, 7868, 7769",10
"7769",7769,"3932, 7669, 7768, 1598, 7668, 7670, 7767, 7870, 7771, 7868, 7869, 7770",12
"7770",7770,"7769, 4242, 7570, 7768, 7970, 7871, 7772, 7869, 7870, 7771",10
"7771",7771,"7671, 7770, 4289, 7670, 7672, 7769, 7971, 7872, 7773, 7870",10
"7772",7772,"7672, 7572, 7671, 7673, 7770, 7972, 7871, 7872, 7773, 9105",10
"7773",7773,"7673, 7772, 576, 6095, 7573, 7672, 7674, 7771, 7679, 9261, 7973, 7874, 7872, 7774",14
"7774",7774,"7674, 7773, 7574, 7673, 7675, 3185, 580, 7974, 7873, 9929, 7775",11
"7775",7775,"1472, 7774, 7575, 7674, 7676, 1543, 2294, 821, 889, 7876, 7777, 7874",12
"7776",7776,"7676, 255, 7576, 7677, 3581, 5219, 7976, 7877, 8342, 7876, 7777",11
"7777",7777,"7677, 7776, 4766, 7577, 7676, 7678, 7775, 6687, 7977, 8857, 7779, 7877",12
"7778",7778,"7678, 3798, 7578, 7677, 7679, 2373, 7978, 7879, 7877, 7878, 7779",11
"7779",7779,"7778, 7579, 7678, 7680, 7777, 7979, 7880, 7781, 7878, 7879, 7780",11
"7780",7780,"6310, 7779, 7580, 7679, 7717, 9866, 7980, 7881, 7782, 7879, 7880, 7781",12
"7781",7781,"5778, 7780, 7581, 7680, 7682, 7779, 7981, 7882, 7959, 7880, 7881, 7782",12
"7782",7782,"7682, 7781, 3938, 7582, 7681, 7683, 7780, 7982, 7883, 7784, 7881, 7882, 7783",13
"7783",7783,"5302, 7683, 7782, 7583, 6513, 9271, 7983, 7884, 7785, 7882, 7883, 7784",12
"7784",7784,"7684, 7783, 7584, 7683, 7685, 7782, 6616, 7785, 7984, 7786, 7883",11
"7785",7785,"7685, 7784, 7585, 7684, 7686, 7783, 7369, 7985, 7886, 7787, 7884, 7885",12
"7786",7786,"7686, 3876, 2148, 7586, 7685, 7687, 7784, 8649, 7986, 7788, 7885",11
"7787",7787,"7687, 1719, 7686, 7688, 7785, 6495, 7987, 7888, 7789, 7887, 7788",11
"7788",7788,"7688, 7787, 7588, 7689, 7786, 8560, 7988, 7889, 7790, 7887, 7789",11
"7789",7789,"6238, 7689, 7788, 1052, 7589, 7688, 7690, 7787, 7989, 7890, 7791, 7888, 7889",13
"7790",7790,"2291, 7690, 5410, 2919, 7590, 7689, 7691, 7788, 2179, 6056, 7990, 7792, 7889, 7791",14
"7791",7791,"7691, 7790, 275, 7591, 7690, 7789, 7991, 7892, 7793, 7890, 9317, 7891, 7792",13
"7792",7792,"7692, 7791, 4139, 7592, 7691, 7693, 7790, 7992, 7893, 7794, 7891, 7892, 7793",13
"7793",7793,"5687, 7693, 7792, 7593, 7692, 7694, 7791, 7794, 7993, 7894, 7795, 7892",12
"7794",7794,"7694, 7793, 7693, 7695, 7792, 7994, 7895, 7796, 7893, 7894, 7795",11
"7795",7795,"7695, 7794, 6645, 7595, 7694, 1143, 7793, 9559, 7995, 7896, 7797, 7894, 7895, 7796",14
"7796",7796,"6854, 7696, 7795, 1131, 6898, 7695, 7697, 7794, 7996, 7897, 7798, 7895, 7896, 8029",14
"7797",7797,"7697, 7597, 7696, 7698, 7795, 7997, 7898, 7799, 9446, 8958, 7897, 7798",12
"7798",7798,"7698, 7797, 7598, 7697, 7796, 7998, 7899, 7800, 7897, 7898, 7799",11
"7799",7799,"7699, 7798, 3965, 3901, 7142, 7599, 7698, 7700, 7797, 7900, 7898, 8930",12
"7800",7800,"7700, 7600, 7699, 7798, 8000, 7900",6
"7801",7801,"7701, 1746, 7601, 7702, 8001, 7902, 7803, 7901, 7802",9
"7802",7802,"7462, 7801, 7602, 7701, 7703, 7380, 8002, 7903, 7804, 7902, 7803",11
"7803",7803,"7703, 7802, 7603, 7704, 7801, 3646, 8003, 7904, 7805, 7902, 7903, 7804",12
"7804",7804,"7704, 7803, 2482, 7604, 7703, 7705, 7802, 9302, 8004, 7905, 7806, 7903, 7904",13
"7805",7805,"7112, 7605, 7704, 7489, 7803, 8005, 7906, 7807, 7904, 8552, 9587, 7806, 7882",13
"7806",7806,"4924, 7706, 7805, 5210, 7606, 7705, 7707, 7804, 7012, 8006, 7907, 9946, 7906, 7807",14
"7807",7807,"2570, 7707, 7806, 7706, 7708, 7805, 8007, 7908, 7809, 7906, 7907, 7808",12
"7808",7808,"2050, 7807, 4422, 7608, 7707, 7709, 8008, 8627, 7810, 7907, 7908",11
"7809",7809,"5296, 5165, 5206, 7609, 7708, 7710, 7807, 9712, 8009, 7910, 7811, 7908, 7909, 7810",14
"7810",7810,"7710, 7809, 3774, 7610, 7709, 7711, 7808, 8010, 7911, 7830, 7910, 7811",12
"7811",7811,"7711, 7810, 2115, 7611, 7710, 7712, 7809, 8011, 7912, 7813, 7910, 7812",12
"7812",7812,"7612, 7711, 4513, 7811, 8012, 7913, 7814, 7911, 7912, 7813",10
"7813",7813,"7713, 7812, 4975, 3388, 7613, 7712, 7714, 7811, 8013, 7815, 7912, 7913, 7814",13
"7814",7814,"7813, 7614, 7713, 7715, 7812, 6230, 6092, 8014, 7915, 7816, 7914",11
"7815",7815,"3232, 7615, 7714, 7813, 8109, 8015, 8171, 7817, 7914, 9612, 7816",11
"7816",7816,"7716, 7815, 2725, 4162, 7616, 1672, 7814, 8016, 7917, 7818, 7915, 7916, 7817",13
"7817",7817,"3943, 7816, 7617, 7716, 7718, 7815, 8017, 7918, 7819, 7916, 7849, 7917, 7818",13
"7818",7818,"7718, 7817, 3651, 7618, 7717, 7719, 7816, 1839, 8018, 7919, 7820, 7917, 7918",13
"7819",7819,"7719, 7619, 7718, 7817, 9400, 7920, 7821, 7918, 8680, 7919, 7820",11
"7820",7820,"7819, 5962, 7620, 7721, 7818, 7719, 4575, 8020, 7921, 7822, 7919, 7821",12
"7821",7821,"7721, 7820, 3855, 6037, 7720, 7722, 7819, 7922, 7823, 7920, 7921, 7822",12
"7822",7822,"216, 7821, 7622, 7721, 7723, 7820, 7041, 8022, 7824, 7921, 7823",11
"7823",7823,"4392, 7723, 7822, 7623, 7722, 4245, 7821, 8023, 7825, 9494, 7824",11
"7824",7824,"7624, 4415, 7725, 6775, 7822, 7823, 8024, 7925, 9322, 7924, 7825",11
"7825",7825,"7725, 7824, 1886, 3517, 4363, 7625, 4837, 7726, 7823, 8025, 7926, 7827, 7924, 7925, 7826",15
"7826",7826,"7726, 7825, 6502, 7626, 7725, 7727, 1801, 8026, 7925, 8153, 7926, 7827",12
"7827",7827,"880, 7826, 7627, 7728, 7825, 8027, 7928, 7829, 7926, 7850, 7927, 7828",12
"7828",7828,"5478, 7728, 7827, 7628, 7727, 7729, 6246, 408, 8028, 7929, 7830, 7829",12
"7829",7829,"7828, 7629, 7728, 7730, 7827, 6243, 8029, 7930, 7831, 7928, 7830",11
"7830",7830,"7730, 7829, 7630, 7729, 7731, 7810, 7828, 9078, 7832, 7930, 7831",11
"7831",7831,"7731, 7830, 321, 7631, 7730, 7732, 7829, 8031, 7932, 7833, 8252, 7832",12
"7832",7832,"7732, 4803, 7632, 7731, 7830, 7831, 8887, 8032, 7933, 7834, 7931, 7932, 7833",13
"7833",7833,"7733, 7832, 7633, 7732, 7734, 7831, 1185, 7932, 9134, 7933, 7834",11
"7834",7834,"7734, 7833, 7634, 7733, 7735, 7832, 8034, 7935, 7836, 7933, 7934, 7835",12
"7835",7835,"7735, 7834, 2582, 7635, 7734, 7736, 6180, 5983, 5823, 8035, 7837, 7934, 7935",13
"7836",7836,"7736, 7636, 2183, 7834, 8036, 7937, 7838, 7935, 7936",9
"7837",7837,"564, 7737, 1198, 7298, 7736, 7738, 7835, 2517, 8037, 7936",10
"7838",7838,"480, 2088, 2232, 1021, 7737, 7739, 7836, 5673, 1851, 8525, 8811, 7937, 7938, 7839",14
"7839",7839,"7739, 7838, 7639, 7738, 1800, 8039, 7940, 7938, 7939, 7840",10
"7840",7840,"7740, 7839, 7640, 7739, 7741, 8040, 7941, 7842, 7939, 7940, 7841",11
"7841",7841,"7840, 7641, 7742, 4556, 7942, 7843, 7940, 7941, 7842",9
"7842",7842,"7742, 7841, 7741, 7743, 7840, 8042, 7943, 7844, 7941, 7942",10
"7843",7843,"5193, 7743, 5424, 4662, 4877, 7643, 7742, 7744, 7841, 8845, 7944, 7942, 7943, 7844",14
"7844",7844,"7744, 7843, 270, 7644, 7743, 7842, 8044, 7945, 7846, 7943, 7944, 7845",12
"7845",7845,"7745, 7844, 7645, 7744, 7746, 4861, 8045, 7946, 7847, 7944, 7945, 7846",12
"7846",7846,"7746, 7845, 7646, 7745, 7747, 7844, 8046, 7947, 7848, 7945, 7946, 7847",12
"7847",7847,"7747, 7846, 2829, 7647, 7746, 7845, 8047, 7948, 8646, 7946, 7848",11
"7848",7848,"7748, 7847, 3270, 7648, 7749, 7846, 8048, 7949, 7850, 7947, 8396, 7948",12
"7849",7849,"2091, 7749, 7817, 7649, 7748, 7750, 8049, 7950, 7851, 7948, 7949, 7850",12
"7850",7850,"7750, 7849, 7650, 7827, 7751, 7848, 9075, 8050, 7951, 7852, 7949, 7950, 7851",13
"7851",7851,"7751, 7850, 453, 7651, 7750, 7752, 7849, 8051, 7952, 7853, 7950, 7951, 7852",13
"7852",7852,"7752, 7851, 7652, 7753, 7850, 5851, 9205, 8052, 7953, 7951, 7952, 7853",12
"7853",7853,"7753, 7852, 1991, 1158, 7754, 7851, 8053, 7855, 7952, 7953, 7854",11
"7854",7854,"7754, 7853, 5194, 7232, 7654, 5234, 7755, 211, 8054, 7955, 7856, 7855",12
"7855",7855,"7755, 7854, 5543, 7754, 4322, 7853, 1794, 9598, 8055, 7956, 7857, 7955, 7856",13
"7856",7856,"7756, 7855, 7656, 7755, 7757, 7854, 8954, 8056, 7957, 7955, 7956, 7857",12
"7857",7857,"5201, 7757, 7856, 1912, 7315, 7657, 7756, 7758, 7855, 8057, 7958, 7859, 7956, 7957, 8334",15
"7858",7858,"5088, 6279, 7759, 6873, 7489, 7959, 7957, 9019, 7958",9
"7859",7859,"4342, 1349, 1835, 7659, 7758, 7760, 7857, 7959, 8059, 7960, 7861, 7958, 7860",13
"7860",7860,"7760, 7859, 7660, 7761, 8060, 7961, 7862, 8959, 7960",9
"7861",7861,"7760, 7859, 234, 918, 1688, 7965, 7962, 7863, 7961",9
"7862",7862,"4650, 7762, 7011, 7662, 7761, 7763, 7860, 7963, 7864, 7961, 7962, 7863",12
"7863",7863,"6343, 7763, 7862, 7663, 7762, 7764, 7861, 8578, 8063, 7964, 7865, 7962, 7963, 7864",14
"7864",7864,"7863, 5546, 7664, 7763, 7862, 8064, 7965, 7866, 7963, 7964, 7865",11
"7865",7865,"7864, 7665, 7764, 4358, 7863, 8065, 7867, 7964, 8716, 7965, 7866",11
"7866",7866,"4731, 7865, 7767, 7864, 7765, 4209, 9358, 8066, 7967, 7868, 7965, 7867",12
"7867",7867,"7767, 7866, 2760, 3147, 7667, 7766, 7768, 7865, 8067, 7968, 7966, 9186, 7868",13
"7868",7868,"7768, 7867, 7668, 7767, 7769, 7866, 8068, 7969, 7870, 7968, 7869",11
"7869",7869,"7769, 7868, 7669, 7768, 7770, 7318, 3739, 8069, 7970, 7871, 7968",11
"7870",7870,"7770, 7670, 7771, 7868, 716, 7769, 8957, 8070, 7971, 7871",10
"7871",7871,"4111, 7671, 7770, 7772, 7869, 7870, 8915, 8071, 7873, 7970, 7872",11
"7872",7872,"7772, 7871, 7082, 7672, 7771, 7773, 6413, 8072, 7973, 7874, 7971, 7972",12
"7873",7873,"7673, 7774, 7871, 887, 8073, 7974, 7972, 9532, 7874",9
"7874",7874,"7873, 2140, 7674, 7773, 7775, 7872, 8074, 7975, 7876, 7973, 7974, 7875",12
"7875",7875,"6808, 7874, 7675, 5095, 1098, 8075, 7877, 7974, 7975, 7876",10
"7876",7876,"2496, 7776, 7875, 7676, 7775, 6239, 7874, 7525, 8076, 7977",10
"7877",7877,"7777, 6197, 7677, 7776, 7778, 7875, 8077, 7978, 7879, 7976, 7977, 7878",12
"7878",7878,"4479, 7778, 7877, 7678, 7779, 6580, 8078, 7880, 7977, 7978, 7879",11
"7879",7879,"2557, 7779, 7878, 7679, 7778, 7780, 7877, 7980, 7881, 7978, 7979",11
"7880",7880,"7780, 2224, 2674, 4914, 6917, 7680, 7779, 7781, 7878, 8080, 7981, 7882, 7979, 7980, 7881",15
"7881",7881,"946, 4409, 7781, 7880, 7681, 7780, 7782, 7879, 8081, 7982, 7883, 7980, 7981, 7882",14
"7882",7882,"7782, 7805, 7881, 1003, 7682, 7781, 7783, 7880, 2495, 8082, 7983, 7884, 7883",13
"7883",7883,"7783, 7882, 7683, 7782, 7784, 7881, 8083, 7885, 7982, 7983, 7884",11
"7884",7884,"7883, 7684, 7783, 7785, 7882, 9428, 8084, 7985, 7886, 7983, 7984, 7885",12
"7885",7885,"7785, 7884, 7685, 7786, 7883, 8085, 7986, 7887, 7984, 7985, 7886",11
"7886",7886,"7885, 7686, 7785, 418, 7884, 3193, 651, 8950, 8086, 7987, 7985, 7986",12
"7887",7887,"7787, 5351, 4084, 6636, 7788, 7885, 7653, 8366, 7889, 7986, 7987, 7888",12
"7888",7888,"3260, 197, 7887, 7787, 7789, 2989, 8088, 7890, 7987, 7988",10
"7889",7889,"7789, 6454, 7283, 7689, 7788, 7790, 7887, 5972, 8089, 7891, 7988, 7989, 7890",13
"7890",7890,"2262, 3909, 7889, 4712, 7690, 7789, 7791, 7888, 8090, 7991, 7892, 7989, 7990, 7891",14
"7891",7891,"2043, 6401, 7791, 7890, 524, 7691, 7792, 7889, 9744, 8091, 7992, 7893, 7990, 7991, 7892",15
"7892",7892,"7792, 7891, 4860, 7791, 7793, 7890, 1553, 8092, 7993, 7894, 7893",11
"7893",7893,"5226, 7892, 7693, 7792, 7794, 7891, 7994, 7895, 7992, 7894",10
"7894",7894,"7794, 7893, 7793, 7795, 7892, 7995, 7896, 7993, 7994, 7895",10
"7895",7895,"7795, 7894, 7307, 7695, 7794, 7796, 7893, 7994, 8095, 7996, 7995, 7896",12
"7896",7896,"7796, 7895, 1124, 3631, 7696, 7795, 2808, 7894, 8096, 7898, 7995, 7996, 8040",13
"7897",7897,"7067, 7797, 7697, 7796, 7798, 4743, 8097, 7899, 7996, 7898",10
"7898",7898,"7798, 3921, 7698, 7797, 7799, 7896, 7897, 8098, 7999, 7900, 7997, 7998, 7899",13
"7899",7899,"4975, 7898, 7699, 7798, 7897, 2516, 1793, 7998, 8275, 7900",10
"7900",7900,"7800, 7899, 2415, 7700, 7898, 7799, 8485, 8100, 7999, 8000",10
"7901",7901,"7801, 3739, 7701, 7029, 8002, 7903, 8448, 8001, 7902",9
"7902",7902,"7802, 7901, 7801, 7803, 8102, 8003, 8001, 8002, 7903",9
"7903",7903,"7803, 7902, 7703, 7802, 7804, 7901, 2390, 8103, 8004, 7905, 8002, 8003",12
"7904",7904,"7804, 5563, 7704, 7803, 7805, 52, 4558, 7284, 8104, 8004, 7905",11
"7905",7905,"7904, 7705, 7804, 7903, 7062, 8105, 7907, 8004, 8005, 7906",10
"7906",7906,"7806, 7905, 7644, 7706, 7805, 7807, 8106, 8007, 7908, 8005, 8006, 7907",12
"7907",7907,"1173, 7807, 7906, 7707, 7806, 7808, 7905, 6264, 8008, 7909, 8006, 8007, 7908",13
"7908",7908,"6698, 7808, 7907, 7708, 7807, 7809, 7906, 8108, 7910, 8007, 8008, 7909",12
"7909",7909,"7809, 7908, 3121, 7907, 8183, 8109, 8010, 7911, 8008, 8009, 7910",11
"7910",7910,"7810, 7909, 5282, 7710, 7809, 7811, 7908, 8110, 8011, 7912, 8009, 8437, 7911",13
"7911",7911,"7910, 7363, 7711, 7810, 7812, 7909, 8248, 8111, 8012, 7913, 8010, 8011, 7912",13
"7912",7912,"7812, 7911, 7712, 7811, 7813, 7910, 3052, 8112, 8013, 8011, 8223, 8012, 7913",13
"7913",7913,"7813, 7912, 7713, 7812, 7911, 8113, 8014, 7915, 8012, 8013, 7914",11
"7914",7914,"7814, 7913, 1357, 7714, 7815, 6159, 6370, 7916, 8526, 8014, 7915",11
"7915",7915,"7914, 3925, 7715, 7814, 7816, 7913, 8115, 8016, 7917, 8014, 8015, 7916",12
"7916",7916,"7816, 7915, 2453, 7716, 7817, 7914, 3910, 8017, 7918, 8015, 8016, 7917",12
"7917",7917,"3128, 7817, 7916, 7569, 7717, 7816, 7818, 7915, 1650, 9125, 8117, 7919, 8016, 8053, 8017, 7918",16
"7918",7918,"7818, 7917, 250, 1608, 5289, 7718, 7817, 7819, 7916, 8118, 8019, 7920, 8018, 7919",14
"7919",7919,"7819, 7918, 7818, 7820, 7917, 8020, 7921, 8018, 9715",9
"7920",7920,"1482, 7720, 7819, 7821, 7918, 8878, 8120, 8021, 7922, 8019, 9545",11
"7921",7921,"7821, 3105, 7721, 7820, 7822, 7919, 2454, 8121, 7923, 8020, 8021, 7922",12
"7922",7922,"7921, 7722, 7821, 7920, 8122, 8023, 7924, 8022, 7923",9
"7923",7923,"7922, 7921, 1634, 3148, 8676, 8024, 9432, 7924",8
"7924",7924,"7824, 7923, 6989, 7724, 3907, 7825, 7922, 8124, 8025, 7926, 8024, 7925",12
"7925",7925,"7825, 7924, 7725, 7824, 7826, 4630, 8125, 7927, 8024, 8025, 7926",11
"7926",7926,"2113, 7826, 7925, 1392, 7726, 7825, 7827, 7924, 8126, 8027, 7928, 8025, 8026, 7927",14
"7927",7927,"7448, 7827, 7926, 7727, 2004, 7925, 2795, 8127, 8028, 8492, 8027, 7928",12
"7928",7928,"2687, 7927, 408, 5042, 7827, 7829, 7926, 8128, 8029, 9217, 8027, 8086, 8028, 7929",14
"7929",7929,"7928, 7729, 7828, 2355, 9190, 8030, 7931, 8028, 8029, 7930",10
"7930",7930,"1558, 7830, 7929, 991, 7829, 9961, 8031, 7932, 8029, 8030, 7931",11
"7931",7931,"7930, 7731, 7832, 7929, 8131, 8032, 7933, 8030, 9484, 8031, 7932",11
"7932",7932,"7832, 7931, 7245, 7732, 7831, 7833, 7930, 8132, 8033, 7934, 8031, 8032, 7933",13
"7933",7933,"7833, 7932, 7733, 7832, 7834, 7931, 2864, 8133, 8034, 7935, 8032, 8033",12
"7934",7934,"7834, 6923, 7734, 7835, 7932, 8134, 8035, 7936, 8033, 8034, 7935",11
"7935",7935,"7835, 7934, 7735, 7834, 7836, 7933, 8406, 8135, 8036, 7937, 8034, 8035, 7936",13
"7936",7936,"7836, 7935, 7837, 7934, 9056, 8136, 8037, 7938, 8035, 8036, 7937",11
"7937",7937,"1176, 7750, 7936, 7737, 7836, 7838, 7935, 8137, 8038, 8036, 8037, 7938",12
"7938",7938,"7838, 7937, 6424, 7738, 1601, 7839, 7936, 8038, 8138, 8039, 7940, 8037, 7939",13
"7939",7939,"5816, 7839, 7938, 7739, 7840, 720, 8139, 8040, 7941, 8038, 8039",11
"7940",7940,"7840, 7740, 7839, 7841, 7938, 8140, 8041, 8039, 8040, 7941",10
"7941",7941,"7841, 7940, 1581, 7741, 7840, 7842, 7939, 6477, 8141, 8042, 8040, 8041, 7942",13
"7942",7942,"7842, 7941, 7742, 7841, 7843, 4130, 8142, 7944, 8041, 8042, 7943",11
"7943",7943,"7843, 7942, 7743, 7842, 7844, 8143, 8044, 7945, 8042, 8043",10
"7944",7944,"7471, 7844, 655, 7744, 7843, 7845, 1020, 7942, 8144, 7946, 8043, 7945",12
"7945",7945,"7845, 1959, 6999, 6098, 7745, 7844, 7846, 7943, 4456, 1124, 7944, 8046, 7947",13
"7946",7946,"7846, 1244, 3694, 7746, 7845, 7847, 7944, 8146, 8047, 7948, 8045, 8046, 7947",13
"7947",7947,"7115, 7946, 5806, 7747, 7846, 7848, 7945, 9556, 8147, 8048, 8046, 8047, 7948",13
"7948",7948,"7848, 7947, 1161, 7748, 7847, 7849, 7946, 8148, 8049, 7950, 8047, 8048, 7949",13
"7949",7949,"7849, 7948, 1894, 4187, 7749, 7848, 7850, 7646, 8149, 8050, 7951, 8605, 8049, 9310",14
"7950",7950,"7850, 7750, 7849, 7851, 7948, 8150, 8051, 7952, 8049, 8050, 7951",11
"7951",7951,"3903, 7851, 7950, 4890, 5571, 7850, 7852, 7949, 8151, 8052, 7953, 8050, 7952",13
"7952",7952,"4415, 7852, 7951, 7752, 7851, 7853, 7950, 8152, 8053, 7954, 8051, 7953",12
"7953",7953,"3209, 5872, 7853, 7952, 5032, 7753, 7852, 7951, 8153, 7955, 8052, 8053, 7954",13
"7954",7954,"4123, 5304, 7953, 7754, 3392, 7952, 7956, 8054, 7955",9
"7955",7955,"7855, 7954, 798, 7755, 7854, 7856, 7953, 8155, 8056, 7957, 8054, 7956",12
"7956",7956,"7856, 7955, 7756, 7855, 7857, 7954, 4857, 2419, 8057, 8055, 8056",11
"7957",7957,"7857, 7757, 7856, 7858, 7955, 8157, 8058, 7959, 8056, 8057, 7958",11
"7958",7958,"7858, 7957, 7857, 7859, 9230, 8059, 7960, 8057, 7959",9
"7959",7959,"1331, 7859, 7958, 7759, 7781, 7858, 7957, 8159, 7961, 8058, 8059, 7960",12
"7960",7960,"7609, 7860, 7959, 861, 7062, 7760, 7859, 7958, 612, 7962, 8059, 7961",12
"7961",7961,"7861, 7960, 7761, 7860, 7862, 7959, 8161, 8062, 7963, 8060, 8061, 7962",12
"7962",7962,"7862, 7961, 7762, 7861, 7863, 7960, 9253, 8162, 8063, 7964, 8061, 8062",12
"7963",7963,"4784, 4916, 7863, 605, 7763, 7864, 7961, 1810, 841, 7862, 7965, 8062, 8286, 7964",14
"7964",7964,"7864, 7963, 4269, 5567, 7863, 7865, 7962, 4681, 8164, 8065, 8063, 7972, 8064",13
"7965",7965,"6925, 7861, 7865, 1092, 5133, 7864, 7866, 7963, 9214, 9589, 8165, 8066, 7967, 8064, 8065, 7966",16
"7966",7966,"6071, 6317, 7965, 7766, 1070, 7867, 1531, 265, 1785, 7968, 8065, 8066",12
"7967",7967,"7056, 7866, 7965, 9146, 8167, 8068, 7969, 8066, 8067, 7968",10
"7968",7968,"2113, 7868, 7967, 7768, 7867, 7869, 7966, 8168, 8069, 7970, 8067, 8068, 7969",13
"7969",7969,"7968, 661, 7696, 7868, 7272, 7967, 8002, 8169, 8070, 9796, 8068, 8069, 7970",13
"7970",7970,"7969, 5646, 7770, 7869, 7871, 7968, 3231, 8008, 8170, 8071, 8069, 9881, 8070, 7971",14
"7971",7971,"4552, 4331, 7970, 7771, 7870, 7872, 8171, 8072, 7973, 8070, 8071, 7972",12
"7972",7972,"7872, 7971, 3985, 7772, 7964, 7873, 2763, 8073, 8071, 8072, 7973",11
"7973",7973,"6523, 7972, 6273, 7773, 7872, 7874, 7971, 8173, 7975, 8072, 7974",11
"7974",7974,"7874, 7973, 7774, 7873, 7875, 6993, 3805, 8174, 7976, 8073, 8074",11
"7975",7975,"7875, 7874, 7973, 8175, 8076, 7977, 8075, 7976",8
"7976",7976,"7975, 7776, 7877, 7974, 3984, 8998, 8176, 8077, 7978, 8076, 7977",11
"7977",7977,"7877, 7976, 7777, 7876, 7878, 7975, 8177, 8078, 7979, 8076, 8637, 8077",12
"7978",7978,"7878, 4805, 4038, 7778, 7877, 7879, 7976, 8178, 8079, 7980, 8077, 8078, 7979",13
"7979",7979,"7879, 7978, 3180, 7779, 4731, 7880, 7977, 8179, 8080, 7981, 8078, 9616, 7980",13
"7980",7980,"7880, 7979, 963, 2797, 4320, 7780, 7879, 7881, 7978, 2876, 8081, 7982, 8079, 8080, 7981",15
"7981",7981,"7881, 7980, 1018, 7781, 7880, 1883, 7979, 8181, 8082, 7983, 8080, 8081, 7982",13
"7982",7982,"7981, 3830, 7782, 7881, 7883, 7980, 8182, 8083, 8081, 8082, 7983",11
"7983",7983,"7883, 7982, 7783, 7882, 7884, 7981, 4066, 7985, 7984",9
"7984",7984,"7884, 7983, 7784, 1652, 7885, 2305, 9724, 8184, 8085, 7986, 8083, 8084, 7985",13
"7985",7985,"7885, 7984, 640, 7785, 7884, 7886, 7983, 4857, 8185, 8086, 7987, 8084, 7986",13
"7986",7986,"3856, 7886, 7985, 7786, 7885, 7887, 7984, 8186, 8087, 7988, 8085, 8086, 7987",13
"7987",7987,"7887, 7986, 4990, 7787, 7886, 7888, 7985, 8187, 8088, 7989, 8087, 7988",12
"7988",7988,"7888, 7987, 7788, 7889, 7986, 2195, 8188, 8089, 7990, 8087, 9556, 7989",12
"7989",7989,"2316, 7065, 7889, 7988, 3114, 7789, 647, 7890, 7987, 8191, 8090, 7991, 8089, 7990",14
"7990",7990,"7890, 7989, 5564, 7790, 7891, 7988, 8603, 8190, 8091, 7992, 8089, 8090, 7991",13
"7991",7991,"3005, 4264, 7891, 7990, 1714, 7791, 7890, 7210, 7989, 2731, 8092, 7993, 8090, 7992",14
"7992",7992,"7991, 102, 7792, 7891, 7893, 7990, 1517, 9118, 8192, 8093, 7994, 8091, 8092",13
"7993",7993,"5968, 7793, 7892, 7894, 7991, 1358, 8094, 7995, 8093, 7994",10
"7994",7994,"7894, 7993, 7794, 7895, 7992, 7893, 8194, 8095, 7996, 8093, 8094, 7995",12
"7995",7995,"494, 7895, 7994, 7795, 7894, 7896, 7993, 8195, 8096, 7997, 8094, 8095, 7996",13
"7996",7996,"3094, 7896, 7995, 7796, 7895, 7897, 7994, 8196, 9168, 8095, 8096, 7997",12
"7997",7997,"7996, 7797, 6925, 7898, 7995, 8024, 8197, 8098, 7999, 8096, 8097, 7998",12
"7998",7998,"6938, 7898, 7997, 7798, 1306, 7899, 8198, 8099, 8000, 8097, 8098, 7999",12
"7999",7999,"7998, 7898, 7900, 7997, 6248, 8100, 8098, 9274, 8099, 8000",10
"8000",8000,"7900, 7999, 6720, 7800, 7998, 3209, 8421, 9358, 8100",9
"8001",8001,"7901, 7801, 7902, 8201, 8102, 8003, 8101, 8002",8
"8002",8002,"7902, 8001, 2331, 7969, 7802, 7901, 7903, 230, 8558, 8202, 8103, 8004, 8101, 8102",14
"8003",8003,"3390, 4783, 7903, 7803, 7902, 8001, 8203, 8104, 8005, 8102, 8103",11
"8004",8004,"2666, 7904, 5129, 6879, 7804, 7903, 7905, 8002, 2165, 8204, 8105, 8006, 8104, 8005, 9912",15
"8005",8005,"7905, 8004, 7805, 7906, 8003, 5156, 8106, 8007, 9266, 8105",10
"8006",8006,"7906, 7806, 7907, 8004, 6243, 9325, 8107, 8008, 8105, 8106, 8007, 9775",12
"8007",8007,"7907, 8006, 7311, 7560, 7807, 7906, 7908, 8005, 8207, 8108, 8009, 8106, 8107, 8008",14
"8008",8008,"7970, 7908, 8007, 7808, 7907, 7909, 8006, 7462, 9683, 9390, 8208, 8010, 8107, 8108, 8009",15
"8009",8009,"5520, 7909, 8008, 7809, 7506, 7910, 8007, 8011, 8108, 8109, 8010",11
"8010",8010,"8009, 7810, 7909, 7911, 8008, 8210, 8111, 8012, 8109, 8110, 8011",11
"8011",8011,"7911, 8010, 7528, 7811, 7910, 7912, 8009, 8211, 8112, 8013, 8110, 8111",12
"8012",8012,"7912, 363, 2314, 7812, 7911, 7913, 8010, 5773, 9133, 8212, 8113, 8014, 8111, 8112",14
"8013",8013,"7913, 7813, 7912, 4552, 8011, 9826, 8114, 8112, 8113, 8014",10
"8014",8014,"3985, 4673, 7914, 8013, 1694, 7814, 7913, 7915, 8012, 8214, 8115, 8016, 8113, 8114, 8015",15
"8015",8015,"6507, 7915, 8014, 7815, 7916, 3548, 526, 8215, 8017, 8114, 8115, 8016",12
"8016",8016,"7916, 8015, 1998, 7816, 7915, 7917, 8014, 8216, 8117, 8018, 8115, 8116, 8017",13
"8017",8017,"7917, 8016, 7817, 7916, 4505, 8015, 8217, 9881, 8019, 8116, 8117, 8018",12
"8018",8018,"7918, 8017, 6828, 7818, 7919, 8016, 8218, 8119, 8020, 8117, 8118, 8019",12
"8019",8019,"2252, 8018, 7235, 7918, 7920, 8017, 7226, 8219, 8120, 8021, 8119",11
"8020",8020,"4999, 2796, 7820, 7919, 7921, 8018, 8220, 8121, 8022, 8120, 8021",11
"8021",8021,"1957, 7921, 8020, 582, 4080, 3209, 7920, 8019, 5058, 8334, 9174, 8023, 8120, 8022",14
"8022",8022,"7922, 8021, 7822, 3274, 8020, 8222, 8123, 8024, 8121, 8122, 8023",11
"8023",8023,"8022, 4502, 7823, 7922, 7728, 8021, 9055, 8025, 8122, 8123",10
"8024",8024,"7997, 7924, 6082, 7824, 7923, 7925, 8022, 8224, 8125, 8026, 8123, 8124",12
"8025",8025,"3058, 4152, 7925, 1102, 1916, 7825, 7924, 7926, 8023, 2419, 8126, 8027, 8124, 8125, 8026",15
"8026",8026,"7926, 8025, 7826, 8024, 6943, 8127, 8028, 8770, 8027",9
"8027",8027,"7927, 8026, 7827, 7926, 7928, 8025, 8227, 8128, 8029, 8126, 8028",11
"8028",8028,"7928, 8027, 5433, 7828, 7927, 7929, 8026, 8228, 8129, 8030, 8127, 8128",12
"8029",8029,"7289, 7796, 7929, 69, 2315, 7829, 7928, 7930, 8027, 2850, 8229, 8031, 8128, 8936, 8129, 8030",16
"8030",8030,"4669, 7930, 8029, 3562, 5303, 7366, 6459, 7929, 7931, 8028, 8131, 8032, 8130, 8031",14
"8031",8031,"7931, 8030, 7831, 7930, 7932, 8029, 8231, 8132, 8033, 8130, 8131",11
"8032",8032,"7932, 3680, 7832, 7931, 7933, 8030, 8232, 8133, 8034, 8131, 8132, 8033, 8386",13
"8033",8033,"7933, 8032, 136, 7932, 7934, 8031, 8984, 8132, 9741, 8134, 8133, 8034",12
"8034",8034,"7934, 8033, 2262, 7834, 7933, 7935, 8032, 8234, 8135, 8036, 8133, 8134, 8035",13
"8035",8035,"7935, 8034, 2563, 3973, 7835, 7934, 7936, 1323, 8136, 8037, 8134, 8135, 8036",13
"8036",8036,"7100, 7936, 8035, 7836, 7935, 7937, 8034, 8936, 8236, 8137, 8038, 8135, 8136, 8037",14
"8037",8037,"7937, 8036, 7837, 7936, 7938, 8035, 9322, 8599, 8237, 8138, 8039, 8137, 8038",13
"8038",8038,"7938, 8037, 3219, 7937, 7939, 8036, 8238, 8139, 8040, 8137, 8138, 8039",12
"8039",8039,"7939, 8038, 7839, 7938, 7940, 8037, 8572, 8140, 8041, 8139",10
"8040",8040,"7896, 7940, 2459, 1401, 3519, 5609, 7840, 7939, 7941, 8038, 7358, 8240, 8141, 8042, 8139, 8041",16
"8041",8041,"7433, 7941, 8040, 7940, 7942, 8039, 8142, 8043, 8140, 9484, 8141, 8042",12
"8042",8042,"7942, 8041, 7842, 7941, 7943, 8040, 8242, 8143, 8044, 8141, 8142, 8043",12
"8043",8043,"7943, 8042, 7944, 8041, 8243, 8144, 8045, 8142, 9443, 8143",10
"8044",8044,"5238, 7844, 7943, 8042, 8892, 8244, 8046, 8143, 8144",9
"8045",8045,"6023, 7845, 7946, 8043, 7023, 8146, 8047, 8144, 8145, 8046",10
"8046",8046,"7946, 8045, 5787, 7846, 7945, 7947, 8044, 8246, 8147, 8048, 8145, 8047",12
"8047",8047,"7947, 8046, 6552, 7847, 7946, 7948, 8045, 4727, 8247, 8146, 8147",11
"8048",8048,"7948, 4038, 7848, 7947, 8046, 8248, 8149, 8050, 8147, 8148, 8049",11
"8049",8049,"7949, 8048, 7849, 7948, 7950, 155, 9799, 8249, 8148, 8149, 8050",11
"8050",8050,"7950, 8049, 863, 7850, 7949, 7951, 8048, 8250, 8151, 8052, 8149, 8150",12
"8051",8051,"7333, 7851, 7950, 7952, 5450, 9545, 8251, 8053, 8151, 8052, 9179",11
"8052",8052,"6319, 8051, 7449, 7852, 7951, 7953, 8050, 4628, 8153, 8054, 8152, 8053",12
"8053",8053,"7953, 8052, 7853, 7952, 1108, 8051, 7917, 8253, 8154, 8055, 8152, 8153, 8054",13
"8054",8054,"7954, 8053, 7854, 7955, 8052, 8254, 8155, 8056, 8153, 9350, 8154, 8055",12
"8055",8055,"575, 8054, 7855, 6086, 7956, 8053, 8255, 8156, 8057, 9252, 8155, 8056",12
"8056",8056,"7956, 8055, 1784, 7856, 7955, 7957, 8054, 6028, 8256, 8157, 8058, 8155, 8057",13
"8057",8057,"7957, 8056, 4291, 6610, 7857, 7956, 7958, 8055, 7349, 8257, 8158, 8156, 8058",13
"8058",8058,"7609, 8057, 7114, 7957, 7959, 8056, 8258, 8159, 8060, 8157, 8158, 8059",12
"8059",8059,"7959, 8058, 418, 7859, 7958, 7960, 3072, 43, 8160, 9989, 8594, 8060",12
"8060",8060,"6594, 8059, 998, 3255, 7860, 5768, 7961, 8058, 8475, 8260, 8161, 8062, 8159, 8061",14
"8061",8061,"7961, 8060, 7962, 8261, 8162, 8063, 8160, 8161, 8062",9
"8062",8062,"7962, 8061, 2248, 7961, 7963, 8060, 7056, 9745, 8163, 8161, 8162, 8063",12
"8063",8063,"3764, 4766, 8062, 7863, 7962, 7964, 8061, 148, 8263, 8164, 8065, 8162, 8064",13
"8064",8064,"7964, 8063, 1351, 7864, 7965, 2132, 8165, 9028, 8543, 8163, 8164, 8065",12
"8065",8065,"7965, 8064, 7865, 7964, 7966, 8063, 8265, 8166, 8067, 8164, 8165",11
"8066",8066,"1457, 7966, 3042, 7866, 7965, 7967, 8266, 8167, 8068, 8165, 8166, 8067, 8476",13
"8067",8067,"3505, 7967, 8066, 1641, 7867, 7968, 8065, 2717, 8267, 8168, 8069, 8167, 8068",13
"8068",8068,"6509, 7968, 8067, 2004, 7868, 7967, 7969, 8066, 8169, 8070, 8167, 8069",12
"8069",8069,"7969, 8068, 7869, 7968, 7970, 8067, 8919, 8269, 8170, 8071, 8168, 8169, 8070",13
"8070",8070,"7970, 8069, 7870, 7969, 7971, 8068, 2996, 8270, 8171, 8072, 8169, 8170",12
"8071",8071,"3919, 7971, 7054, 7871, 7970, 7972, 8069, 8271, 8172, 8073, 8170, 8171",12
"8072",8072,"7972, 6490, 7872, 7971, 7973, 8070, 8173, 8074, 8171, 8172, 8073",11
"8073",8073,"3147, 8072, 7873, 7974, 8071, 823, 7972, 9747, 8174, 8075, 8173, 8074",12
"8074",8074,"7974, 8073, 7874, 146, 5861, 8072, 1693, 6228, 6554, 8076, 8173, 8174",12
"8075",8075,"7975, 7875, 8073, 3133, 8275, 8176, 8174, 8175, 8076",9
"8076",8076,"7976, 8075, 7876, 7975, 7977, 8074, 8276, 8177, 8078, 8175, 8822, 8176, 8077",13
"8077",8077,"7591, 5398, 7977, 8076, 7877, 7976, 7978, 9889, 8277, 8178, 8079, 8177, 8078",13
"8078",8078,"7978, 8077, 1496, 7878, 7977, 7979, 8076, 8278, 8179, 8080, 8177, 8178, 8079",13
"8079",8079,"2681, 3720, 8078, 2066, 1975, 7978, 7980, 8077, 2203, 8279, 8180, 8081, 8178",13
"8080",8080,"7384, 7980, 7880, 7979, 7981, 8078, 8216, 8280, 8181, 8082, 8179, 8180, 8081",13
"8081",8081,"4566, 7981, 8080, 7881, 7980, 7982, 8079, 1136, 9376, 8281, 8083, 8180, 8181, 8082",14
"8082",8082,"7982, 8081, 5935, 7882, 7981, 145, 8080, 8282, 8183, 8084, 8181, 8182",12
"8083",8083,"4428, 4539, 7883, 7982, 7984, 8081, 5565, 8283, 8184, 8085, 8182, 8183",12
"8084",8084,"1704, 7984, 7884, 7985, 8082, 4147, 8185, 8183, 8184, 8085",10
"8085",8085,"8084, 7885, 7984, 7986, 8083, 8186, 8087, 8184",8
"8086",8086,"3944, 7986, 7928, 7886, 7985, 7514, 4042, 9530, 8286, 8187, 8088, 8267, 8186, 9114",14
"8087",8087,"7987, 2726, 7986, 7988, 8085, 8287, 8188, 8089, 8186, 8187, 8088",11
"8088",8088,"8087, 983, 7888, 7987, 5166, 8086, 8288, 8189, 8090, 8187, 8188, 8089",12
"8089",8089,"7989, 8088, 7889, 7988, 7990, 8087, 8289, 8190, 8091, 8188, 8189, 8090",12
"8090",8090,"7990, 8089, 3470, 3811, 7890, 7989, 7991, 8088, 8290, 8191, 8092, 8189, 8091",13
"8091",8091,"1786, 8090, 6761, 7891, 7990, 7992, 8089, 8291, 8192, 8093, 8190, 8191, 8092",13
"8092",8092,"7992, 8091, 7892, 7991, 4480, 8090, 4657, 8292, 8193, 8191, 8192, 8093",12
"8093",8093,"7993, 8092, 7992, 7994, 8091, 9808, 8194, 8095, 8192, 8193, 8094",11
"8094",8094,"6972, 7994, 8093, 735, 4949, 5573, 7993, 7995, 8294, 8195, 8096, 8193, 8095",13
"8095",8095,"7995, 8094, 1851, 7895, 7994, 7996, 8093, 8295, 8196, 8097, 8505, 8096",12
"8096",8096,"7996, 8095, 7896, 7995, 7997, 8094, 6172, 9883, 8197, 8098, 8195, 8097",12
"8097",8097,"4679, 7997, 8096, 7897, 7998, 8095, 4432, 8198, 8099, 8196, 8197, 8098",12
"8098",8098,"4008, 7998, 8097, 7421, 7898, 7997, 7999, 8096, 8298, 8199, 8100, 8197",12
"8099",8099,"7999, 1647, 7998, 8097, 8299, 8198, 8199, 8100",8
"8100",8100,"8000, 8099, 4612, 7900, 7999, 8098, 8300, 8199, 8200",9
"8101",8101,"8001, 8002, 8301, 8202, 8103, 8201, 8102",7
"8102",8102,"8002, 8101, 1123, 7902, 8001, 8003, 4691, 8302, 8104, 8202, 8103",11
"8103",8103,"8003, 8102, 7903, 8002, 8101, 8303, 8105, 8202, 8203",9
"8104",8104,"5234, 8004, 7904, 8003, 8102, 3037, 8562, 8304, 8106, 8203, 8204, 9956",12
"8105",8105,"8005, 5056, 7905, 8004, 8006, 8103, 8305, 8206, 8107, 8204, 8205",11
"8106",8106,"3134, 8006, 5706, 7906, 8005, 8007, 8104, 1341, 8666, 8207, 8206, 8107",12
"8107",8107,"6857, 8007, 8106, 8006, 8008, 8105, 8307, 8208, 8109, 8206, 8207, 8108",12
"8108",8108,"8008, 8107, 7908, 8007, 8009, 1735, 5383, 8209, 8110, 8207, 8109",11
"8109",8109,"4688, 8009, 8108, 7815, 7909, 8010, 8107, 8309, 8210, 8111, 8209, 8110",12
"8110",8110,"8010, 8109, 3110, 3288, 7910, 1455, 8011, 8108, 8310, 8211, 8112, 8209, 8210, 8111",14
"8111",8111,"5497, 8011, 8110, 7299, 7911, 8010, 8012, 8109, 4764, 8311, 8212, 8113, 8210, 8211",14
"8112",8112,"8012, 7912, 8011, 8013, 8110, 8490, 8250, 8312, 8213, 8114, 8211, 8212, 8113",13
"8113",8113,"8013, 8112, 7692, 7913, 8012, 8014, 8111, 6639, 8313, 8214, 8115, 8212, 8213",13
"8114",8114,"8014, 6698, 8013, 8015, 8112, 4431, 1096, 8215, 8116, 8213, 8115",11
"8115",8115,"8015, 8114, 7915, 8014, 8016, 8113, 8154, 9269, 8315, 8117, 8214, 8215, 8116",13
"8116",8116,"8016, 8115, 2603, 8017, 8114, 8916, 8217, 8118, 8215, 8216, 8117",11
"8117",8117,"8017, 8116, 7917, 8016, 8018, 8115, 9023, 8317, 8218, 8119, 8216, 8217",12
"8118",8118,"8018, 7618, 7918, 8116, 8318, 8219, 8120, 8217, 8218, 8119",10
"8119",8119,"3639, 8019, 8118, 1820, 5172, 8018, 7649, 8117, 2507, 8319, 8220, 8121, 8218, 8219, 8120",15
"8120",8120,"2697, 8020, 8119, 7920, 8019, 8021, 8118, 4131, 8320, 8122, 8219, 8220, 8121",13
"8121",8121,"2204, 8120, 1868, 7921, 8020, 8022, 8119, 2187, 8321, 8222, 8123, 8221, 9249",13
"8122",8122,"3437, 8022, 4420, 7922, 667, 8023, 8120, 6556, 8714, 8221, 8123",11
"8123",8123,"8023, 8122, 294, 8022, 8024, 8121, 3610, 8224, 8125, 8222, 8223, 8124",12
"8124",8124,"8024, 8123, 7924, 8025, 3989, 9417, 8324, 8225, 8126, 8223, 8125",11
"8125",8125,"6796, 8025, 8124, 7925, 8024, 8123, 3908, 8226, 8443, 8225, 8126",11
"8126",8126,"6692, 8125, 4702, 7926, 8025, 8027, 8124, 4154, 8326, 8226, 8127",11
"8127",8127,"7279, 8126, 7927, 8026, 8028, 5339, 8228, 8129, 8226, 8128",10
"8128",8128,"5665, 8028, 8127, 7928, 8027, 8029, 8328, 8229, 8130, 8227, 8228, 8129",12
"8129",8129,"8029, 8128, 335, 8028, 745, 8127, 1190, 8329, 8230, 8229",10
"8130",8130,"8030, 778, 6367, 8031, 8128, 3309, 9088, 8330, 8231, 8132, 8229, 8230",12
"8131",8131,"7526, 8031, 7931, 8030, 8032, 1952, 8331, 8232, 8133, 8230, 8231, 8132",12
"8132",8132,"8032, 8131, 7932, 8031, 8033, 8130, 8332, 8233, 8134, 8231, 8232, 8133",12
"8133",8133,"8033, 8132, 5143, 7933, 8032, 8034, 8131, 2492, 8234, 8135, 8232",11
"8134",8134,"8034, 1775, 7934, 8033, 8035, 8132, 8334, 8235, 8136, 8234, 8135",11
"8135",8135,"8035, 8134, 7935, 8034, 8036, 8133, 8335, 8236, 8137, 8234, 8842, 8235, 8136",13
"8136",8136,"8036, 8135, 7936, 8035, 213, 8134, 9448, 8336, 8237, 8138, 8235, 8236, 8137",13
"8137",8137,"8037, 8136, 7937, 8036, 8038, 8135, 8337, 8238, 8139, 8236, 8237, 8138",12
"8138",8138,"8038, 8137, 7938, 8037, 8136, 8338, 8239, 8140, 8237, 8238",10
"8139",8139,"8039, 7036, 2814, 7939, 8038, 8040, 8137, 8339, 8240, 8141, 8238, 8239, 9957",13
"8140",8140,"7940, 8041, 8138, 8039, 8861, 8340, 8142, 8240, 8141",9
"8141",8141,"8041, 8140, 567, 7941, 8040, 8042, 8139, 8341, 8242, 8143, 8241, 8142",12
"8142",8142,"8042, 8141, 1783, 7942, 8041, 8043, 8140, 8342, 8243, 8144, 8241, 8242",12
"8143",8143,"5356, 8043, 1340, 7943, 8042, 8044, 8141, 8343, 8244, 8145, 8242, 9332, 8144",13
"8144",8144,"8044, 8143, 7944, 8043, 8045, 8142, 4237, 8410, 8344, 8245, 8146, 8243, 8244",13
"8145",8145,"8045, 3730, 7629, 2945, 8046, 8143, 8345, 8246, 8147, 8244, 8185, 8245, 8146",13
"8146",8146,"8145, 4837, 6985, 7946, 8045, 8047, 8144, 8346, 8247, 8148, 8245, 8246, 8147",13
"8147",8147,"6079, 8047, 8146, 7947, 8046, 8048, 8145, 6850, 8248, 8149, 8246, 8247, 8148",13
"8148",8148,"8048, 8147, 7948, 8049, 8146, 8348, 8249, 8150, 8247, 8248",10
"8149",8149,"8049, 1977, 7949, 8048, 8050, 8147, 8349, 8250, 8151, 8248, 8249, 8150",12
"8150",8150,"8050, 8149, 7950, 2020, 1319, 8148, 8350, 8251, 8152, 8249, 8250, 8151",12
"8151",8151,"8051, 8150, 267, 7951, 8050, 7087, 8149, 1904, 8351, 8252, 8153, 8250, 8152",13
"8152",8152,"8052, 8151, 7952, 2150, 8053, 8150, 8253, 8154, 8251, 8252, 8153",11
"8153",8153,"8053, 8152, 7953, 8052, 8054, 8151, 7826, 8254, 8155, 8252, 8253",11
"8154",8154,"8054, 8115, 7444, 8053, 8152, 5283, 8216, 8354, 8255, 8156, 8254, 8155",12
"8155",8155,"8055, 8154, 7955, 8054, 8056, 8153, 8355, 8256, 8157, 8254, 8255, 8156",12
"8156",8156,"6228, 8155, 5424, 8055, 8057, 8154, 8356, 8257, 8158, 8255, 8256, 8157",12
"8157",8157,"8156, 6004, 7957, 8056, 8058, 8155, 4202, 3737, 8258, 8159, 8257, 8158",12
"8158",8158,"8058, 8157, 4856, 8057, 8156, 8358, 8259, 8160, 8257, 8258, 8159",11
"8159",8159,"4741, 8158, 2169, 7959, 8058, 8060, 8157, 8359, 8260, 8161, 8259",11
"8160",8160,"5282, 3433, 6106, 8059, 8061, 8158, 765, 8162, 8259, 8260, 8161",11
"8161",8161,"8061, 8160, 7961, 8060, 8062, 8159, 8361, 8262, 8163, 8260, 8261, 8162",12
"8162",8162,"1798, 8062, 8161, 2822, 4310, 7962, 8061, 8063, 8160, 4094, 8362, 8263, 8164, 8262",14
"8163",8163,"7362, 8062, 8064, 8161, 1506, 9149, 8363, 8264, 8165, 8263, 8164",11
"8164",8164,"4058, 8064, 8163, 1380, 6717, 7964, 8063, 8065, 8162, 8364, 8265, 8166, 8263, 8264, 8165",15
"8165",8165,"8065, 8164, 7965, 8064, 8066, 8163, 1269, 8266, 8167, 8265, 8166",11
"8166",8166,"8066, 8165, 8065, 8164, 8366, 8267, 8168, 8265, 8266, 8167",10
"8167",8167,"8067, 8166, 148, 4819, 6274, 7967, 8066, 8068, 8165, 9778, 8268, 8169, 8168",13
"8168",8168,"7566, 7616, 110, 8167, 2394, 7968, 8067, 8069, 8166, 8368, 8269, 8170, 8267, 8268, 8169",15
"8169",8169,"8069, 8168, 809, 7969, 8068, 8070, 8167, 8369, 8171, 8269, 8170",11
"8170",8170,"8070, 8169, 934, 4315, 7970, 8069, 8071, 8168, 7756, 8370, 8271, 8172, 8269, 8171",14
"8171",8171,"8071, 8170, 4241, 6127, 7815, 7971, 8070, 8072, 8169, 8371, 8272, 8173, 8270, 8271, 8172",15
"8172",8172,"1859, 3024, 8072, 8171, 3968, 8071, 8170, 9594, 8524, 8372, 8273, 8174, 8271, 8272, 8173",15
"8173",8173,"8073, 8172, 7973, 8072, 8074, 8171, 6906, 8373, 8274, 8175, 8272, 8273",12
"8174",8174,"8074, 7974, 8073, 8075, 8172, 1516, 8374, 8176, 8274, 8175",10
"8175",8175,"8075, 8174, 6832, 7975, 8076, 8173, 4940, 8375, 8276, 8176",10
"8176",8176,"8076, 8175, 6737, 7976, 8075, 2852, 8174, 2210, 8376, 8178, 8275, 8276, 8177",13
"8177",8177,"8077, 8176, 7977, 8076, 8078, 2766, 8377, 8278, 8179, 8178",10
"8178",8178,"8078, 8177, 3960, 7978, 8077, 8079, 8176, 2301, 7499, 8378, 8279, 8180, 8278",13
"8179",8179,"7979, 8078, 8080, 8177, 8379, 8280, 8181, 8278, 8279",9
"8180",8180,"8080, 5231, 486, 8079, 8081, 8178, 9633, 8380, 8281, 8182, 8279, 8280, 8181",13
"8181",8181,"8081, 8180, 7981, 8080, 8082, 8179, 3623, 8381, 8282, 8183, 8281",11
"8182",8182,"8082, 7414, 7982, 8083, 8180, 8283, 8281, 8282, 8183",9
"8183",8183,"8083, 8182, 4856, 4963, 8082, 8084, 8181, 7909, 8383, 8284, 8282, 8283, 8184",13
"8184",8184,"8084, 8183, 7984, 8083, 8085, 1434, 8384, 8285, 8186, 8283, 8284",11
"8185",8185,"2673, 8145, 4571, 7985, 8084, 8385, 8286, 8187, 8284, 8285, 8186",11
"8186",8186,"8086, 8185, 4018, 7986, 8085, 8087, 8184, 8386, 8287, 8285, 8286, 8187",12
"8187",8187,"8087, 8186, 4377, 7987, 8086, 8088, 8185, 8387, 8189, 8286, 8287, 8188",12
"8188",8188,"1943, 4913, 8088, 8187, 6442, 7988, 8087, 8089, 4693, 8388, 8289, 8287, 8288",13
"8189",8189,"8089, 6452, 8088, 8090, 8187, 2421, 9060, 8290, 8191, 8288, 8190",11
"8190",8190,"5177, 8189, 7990, 8089, 8091, 7766, 8390, 8291, 8289, 8290, 8191",11
"8191",8191,"8091, 8190, 7989, 8090, 8092, 8189, 3803, 8292, 8193, 8290, 8291",11
"8192",8192,"5398, 8092, 3735, 7992, 8091, 8093, 790, 8741, 8392, 8194, 8291, 9283, 8292",13
"8193",8193,"8093, 2062, 3928, 4231, 8092, 8094, 8191, 1378, 8676, 8393, 8294, 8195, 8503, 8293, 8194",15
"8194",8194,"6285, 8193, 7994, 8093, 8192, 379, 8394, 8295, 8293, 8294, 8195",11
"8195",8195,"304, 8194, 2132, 7995, 8094, 8096, 8193, 8395, 8296, 8294, 8295, 8196",12
"8196",8196,"4524, 8195, 1986, 7996, 8095, 8097, 5958, 8297, 8198, 8295, 8296",11
"8197",8197,"8097, 2947, 7997, 8096, 8098, 4392, 2156, 8298, 8199, 8296, 8297, 8198",12
"8198",8198,"5943, 1849, 8197, 7998, 8097, 8099, 8196, 8299, 8200, 8298, 8199",11
"8199",8199,"7495, 8099, 8198, 7489, 8098, 8100, 8197, 8399, 8300, 8298, 8299, 8200",12
"8200",8200,"8100, 8199, 1775, 7163, 8198, 8400, 8299, 8300",8
"8201",8201,"4913, 8101, 8001, 3761, 8401, 8302, 8203, 8301, 8202",9
"8202",8202,"439, 8102, 8201, 8002, 8101, 8103, 8303, 8204, 8301, 8302, 8203",11
"8203",8203,"8103, 8202, 4025, 8003, 8104, 8201, 8302, 8204",8
"8204",8204,"8104, 8203, 6265, 8004, 8105, 8202, 8404, 8206, 8303, 8304, 8205",11
"8205",8205,"8105, 8204, 1671, 799, 5347, 8405, 8306, 8207, 8304, 8305, 8206",11
"8206",8206,"8106, 8205, 2274, 8105, 8107, 8204, 8406, 8307, 8208, 8305, 8306, 8207",12
"8207",8207,"576, 8107, 8206, 3662, 8007, 8106, 8108, 8205, 4925, 8407, 8308, 8209, 8306, 8208",14
"8208",8208,"227, 3396, 8207, 2901, 8008, 8107, 8206, 8689, 8309, 8210, 8307, 8308, 8209",13
"8209",8209,"8109, 8208, 1852, 1574, 8108, 8110, 8207, 8409, 8310, 8211, 8308, 8210",12
"8210",8210,"1946, 8110, 8010, 8109, 8111, 8208, 8209, 8311, 8212, 8309, 8310, 8211",12
"8211",8211,"8111, 8210, 8011, 8110, 8112, 8209, 4996, 7340, 8411, 8585, 8311",11
"8212",8212,"8112, 1847, 8012, 8111, 8113, 8210, 6233, 6002, 9659, 8313, 8312, 8213",12
"8213",8213,"2047, 8113, 8212, 7527, 8112, 8114, 1084, 8413, 8314, 8215, 8312, 8214",12
"8214",8214,"8213, 8014, 8113, 8115, 2041, 3194, 8315, 8216, 8314, 8215",10
"8215",8215,"8115, 8214, 2986, 3365, 6010, 8015, 8114, 8116, 8213, 8415, 8316, 8217, 8314, 8315, 8216",15
"8216",8216,"177, 950, 8116, 8215, 2094, 8016, 8080, 8117, 8214, 8154, 8317, 8315, 8423",13
"8217",8217,"8117, 2167, 8017, 8116, 8118, 8215, 8417, 8318, 8219, 8316, 8317, 8218",12
"8218",8218,"8118, 8217, 5323, 8018, 8117, 8119, 6352, 8418, 8220, 8317, 8318, 8219",12
"8219",8219,"1284, 8119, 8218, 6435, 8019, 8118, 8120, 8217, 8419, 8221, 8318, 8220",12
"8220",8220,"8120, 8219, 8020, 8119, 8218, 8420, 8321, 8319, 8221",9
"8221",8221,"4398, 8121, 8220, 8122, 8219, 5482, 3941, 9937, 8322, 8223, 8320, 8222",12
"8222",8222,"8221, 8022, 8121, 8123, 6445, 8323, 8224, 8321, 8322, 8223",10
"8223",8223,"8123, 8222, 8124, 8221, 7912, 8952, 8423, 8324, 8225, 8322, 8224",11
"8224",8224,"2338, 6804, 8223, 8024, 8123, 8222, 8424, 8325, 8226, 8324, 8225",11
"8225",8225,"8125, 8224, 8124, 8223, 8425, 8326, 8227, 8324, 8325, 8226",10
"8226",8226,"8126, 8225, 417, 8125, 8127, 8224, 5965, 8426, 8327, 8228, 8325, 8326",12
"8227",8227,"8027, 1040, 8128, 8225, 3012, 8427, 8229, 8327, 8228",9
"8228",8228,"3691, 8128, 8227, 8028, 8127, 8226, 6421, 8428, 8329, 8230, 8328, 8229",12
"8229",8229,"8129, 8228, 8029, 8128, 8130, 8227, 6245, 8429, 8231, 8328, 8329, 8230",12
"8230",8230,"8130, 8229, 6934, 8129, 8131, 8228, 5438, 8430, 8331, 8232, 8330, 8231",12
"8231",8231,"3849, 8131, 8230, 4643, 8031, 8130, 8132, 8229, 1378, 527, 8332, 8233, 8330, 8331",14
"8232",8232,"8132, 3184, 8032, 8131, 8133, 8230, 8432, 8333, 8234, 8331, 8332, 8233",12
"8233",8233,"3752, 8232, 3450, 8132, 8231, 8289, 8433, 8334, 8235, 8332, 8333, 8234",12
"8234",8234,"8134, 8233, 913, 8034, 8135, 8232, 5897, 8133, 8335, 8236, 8333, 8334, 8235",13
"8235",8235,"8135, 8234, 1621, 8134, 8136, 8233, 4662, 8435, 8336, 8334, 8335, 8236",12
"8236",8236,"8136, 8235, 7030, 3038, 8036, 8135, 8137, 8234, 8436, 8337, 8238, 8335, 8237",13
"8237",8237,"1681, 8137, 8236, 8037, 8136, 8138, 4793, 8801, 8338, 8239, 8336, 8337",12
"8238",8238,"8138, 4352, 8038, 8137, 8139, 8236, 5211, 8438, 8339, 8338",10
"8239",8239,"8139, 4933, 8138, 8237, 9817, 9169, 8439, 8340, 8241, 8338, 8339",11
"8240",8240,"8140, 1956, 8040, 8139, 774, 7743, 8440, 8341, 8242",9
"8241",8241,"8141, 4198, 6879, 2, 8142, 8239, 8441, 8342, 8243, 8340",10
"8242",8242,"8142, 8042, 8141, 8143, 8240, 6963, 8442, 8962, 8341, 8342, 8243, 9265",12
"8243",8243,"1778, 3000, 8242, 8043, 8142, 8144, 8241, 8443, 8344, 8245, 8342, 8343, 8244",13
"8244",8244,"456, 8144, 8243, 8044, 8143, 8145, 8444, 8345, 8343, 8344, 8245",11
"8245",8245,"8145, 8244, 8144, 8146, 8243, 9579, 8445, 8346, 8247, 9302, 8246",11
"8246",8246,"1080, 8146, 8245, 5234, 8046, 8145, 8147, 5573, 3972, 8446, 8347, 8248, 8346, 8247",14
"8247",8247,"8147, 8246, 7288, 8047, 8146, 8148, 8245, 7122, 8447, 8348, 8249, 8346, 9238",13
"8248",8248,"7911, 8148, 8048, 8147, 8149, 8246, 8448, 8349, 8250, 8347, 8348, 8249",12
"8249",8249,"8149, 8248, 8049, 8148, 8150, 8247, 8449, 8350, 8251, 8348, 8250",11
"8250",8250,"6364, 8150, 8249, 4046, 8050, 8149, 8151, 8248, 8112, 5494, 8351, 8252, 8349, 8350",14
"8251",8251,"5897, 3684, 5708, 8051, 8150, 8152, 8249, 8451, 8352, 8351, 8252",11
"8252",8252,"8152, 8251, 7831, 883, 8151, 8153, 8250, 8452, 9079, 8254, 8253",11
"8253",8253,"5995, 8153, 8252, 7450, 8053, 8152, 2725, 8354, 8255, 8352, 8696, 8353",12
"8254",8254,"8154, 8054, 8153, 8155, 8252, 9851, 8355, 8256, 8353, 8354, 8255",11
"8255",8255,"8155, 8254, 8055, 8154, 8156, 8253, 4244, 8455, 8356, 8257, 8354, 8355",12
"8256",8256,"8156, 2264, 8056, 8155, 8254, 8456, 8357, 8258, 8356",9
"8257",8257,"8157, 5250, 8057, 8156, 8158, 8255, 8457, 8358, 8259, 8356, 8357, 8258, 8419",13
"8258",8258,"8158, 8257, 3193, 5313, 8058, 8157, 7680, 8256, 8359, 8260, 8358",11
"8259",8259,"8159, 1912, 8158, 8160, 8257, 8459, 8360, 8261, 8358, 9686, 8359, 8260",12
"8260",8260,"8160, 8259, 8060, 8159, 8161, 8258, 3707, 8460, 8361, 8359, 8360, 8261",12
"8261",8261,"8161, 8260, 1368, 8061, 5469, 777, 8259, 6750, 8461, 8362, 8263, 8360, 8361",13
"8262",8262,"8162, 8161, 8462, 8363, 8264, 8361, 8362, 8263",8
"8263",8263,"2589, 8163, 8262, 5390, 1342, 7136, 8063, 8162, 8164, 8261, 8463, 8364, 8265, 8362, 8264",15
"8264",8264,"8164, 8263, 2526, 8163, 447, 8262, 8464, 8365, 8266, 8363",10
"8265",8265,"8165, 8065, 8164, 8166, 8263, 8465, 8366, 8267, 8364, 8365, 8266",11
"8266",8266,"8166, 8265, 2127, 6130, 8066, 8165, 1208, 8264, 8398, 8466, 8367, 8268, 9858, 8366, 8267",15
"8267",8267,"5643, 8266, 8067, 8086, 8166, 8168, 8265, 2645, 8366, 8367, 8268",11
"8268",8268,"8168, 8267, 1993, 2738, 8167, 5718, 8266, 8468, 8369, 8270, 8367, 8368, 8269",13
"8269",8269,"1632, 8169, 8268, 8069, 8168, 8170, 5173, 1399, 8469, 8368, 8369, 8270",12
"8270",8270,"8269, 6380, 8070, 3872, 8171, 8268, 3935, 6173, 9348, 8470, 8371, 8370, 8271",13
"8271",8271,"8171, 8270, 8071, 8170, 8172, 1182, 8471, 8273, 8371, 8272",10
"8272",8272,"8172, 8271, 6984, 8171, 8173, 8472, 8373, 8274, 8371, 9395, 9412, 8372, 8273",13
"8273",8273,"8173, 8272, 8172, 8271, 8473, 8374, 8275, 8372, 8373, 8274",10
"8274",8274,"3444, 6744, 8174, 8273, 4184, 8173, 8272, 8474, 8375, 8276, 8373, 8374, 8275",13
"8275",8275,"1546, 8274, 7899, 8075, 4154, 8176, 8273, 5597, 3305, 8475, 8376, 8277, 8276",13
"8276",8276,"8176, 8275, 8076, 8175, 765, 8274, 4248, 8476, 8377, 8278, 8375, 8277",12
"8277",8277,"2660, 17, 8276, 5880, 8077, 8275, 7747, 8378, 8376, 8278",10
"8278",8278,"8178, 8277, 1568, 8078, 8177, 8179, 8276, 1874, 3553, 8478, 8379, 8377, 8378, 8279",14
"8279",8279,"1917, 8179, 8278, 6891, 7762, 8079, 8178, 8180, 1058, 3315, 8479, 8380, 8281, 8379, 8280",15
"8280",8280,"8180, 8279, 8080, 8179, 1855, 1922, 8480, 8381, 8282, 8379, 8281",11
"8281",8281,"2791, 8181, 8280, 8081, 8180, 8182, 8279, 8481, 8283, 8380, 8282",11
"8282",8282,"1502, 8182, 8281, 560, 8082, 8181, 8183, 8280, 1812, 8482, 8383, 8381, 8382",13
"8283",8283,"1138, 8183, 4928, 8083, 8182, 8184, 8281, 3486, 8384, 8285, 8382, 8383",12
"8284",8284,"4637, 8184, 3270, 5623, 8183, 8185, 865, 8484, 8385, 8286, 8383, 8285",12
"8285",8285,"8185, 6789, 8184, 8186, 8283, 8284, 8485, 8386, 8287, 8384, 8385, 8286",12
"8286",8286,"7963, 8186, 8285, 88, 2244, 8086, 8185, 8187, 8284, 8486, 8387, 8288, 8385, 8386, 8287",15
"8287",8287,"8187, 8286, 3541, 5574, 8087, 8186, 8188, 8285, 8487, 8388, 8289, 8386",12
"8288",8288,"8188, 2515, 3988, 8088, 112, 8189, 8286, 8488, 8290, 8387, 8388, 8289",12
"8289",8289,"5017, 8288, 8089, 8233, 8188, 8190, 8287, 8489, 8390, 8291, 8388, 8389, 8290",13
"8290",8290,"8190, 8289, 8090, 8189, 8191, 8288, 6067, 8490, 8391, 8292, 8389, 8390",12
"8291",8291,"8191, 8091, 8190, 8192, 8289, 9759, 8392, 8293, 8292",9
"8292",8292,"7466, 7561, 8192, 8291, 8092, 8191, 8290, 8492, 8393, 8734, 8391, 8392, 8293",13
"8293",8293,"8193, 8292, 3207, 4082, 4690, 4731, 5573, 8194, 8291, 8493, 8394, 8295, 8294",13
"8294",8294,"3367, 8194, 8293, 8094, 8193, 8195, 5853, 8494, 8395, 8296, 8393, 8394",12
"8295",8295,"8195, 7722, 8095, 8194, 8196, 8293, 8495, 8297, 8394, 8395, 8296",11
"8296",8296,"5295, 8196, 8295, 8195, 8197, 8294, 8496, 8397, 8298, 8395, 8396, 8297",12
"8297",8297,"8197, 8296, 8196, 2718, 8295, 5537, 8398, 8299, 8396, 8397, 8298",11
"8298",8298,"8198, 8297, 5718, 8098, 8197, 8199, 8296, 8498, 8399, 8300, 8397, 8398, 8299",13
"8299",8299,"286, 8199, 8298, 5943, 8099, 8198, 8200, 8297, 8499, 8400, 8398, 8399, 8300",13
"8300",8300,"4566, 8200, 8299, 8100, 8199, 8298, 3057, 8500, 8400",9
"8301",8301,"8201, 8101, 8202, 8501, 8402, 8303, 8401, 8302",8
"8302",8302,"832, 8202, 8301, 2292, 3143, 4966, 8102, 8201, 8203, 8502, 8911, 8304, 8402, 8446",14
"8303",8303,"3319, 8103, 8202, 8204, 8301, 8503, 8404, 8402, 8403, 8304",10
"8304",8304,"8204, 8303, 4401, 8104, 7232, 8205, 8302, 4448, 8504, 8405, 8306, 8404, 8305",13
"8305",8305,"8205, 8304, 8105, 3512, 8206, 7040, 8505, 8404, 8684, 8405, 8306",11
"8306",8306,"5967, 8206, 8305, 7643, 8205, 8207, 8304, 9836, 8506, 8407, 8354, 8405, 8307",13
"8307",8307,"8306, 2315, 3522, 8107, 8206, 8208, 3319, 8507, 8408, 8309, 8406, 8407, 8308",13
"8308",8308,"8208, 8307, 8207, 8209, 8508, 8409, 8310, 8407, 8408, 8309",10
"8309",8309,"8308, 2452, 8109, 8208, 8210, 8307, 9510, 8509, 8410, 8311, 8409, 8310",12
"8310",8310,"1422, 8210, 8309, 8110, 8209, 8308, 6203, 1655, 8510, 8411, 8409, 8410",12
"8311",8311,"8211, 8111, 8210, 5739, 8309, 8511, 8412, 8313, 8410, 8411, 8312",11
"8312",8312,"8212, 8311, 8112, 8213, 8512, 8413, 8314, 8411, 8412, 8313",10
"8313",8313,"8312, 3770, 8113, 8212, 8311, 6880, 8513, 8414, 8412, 8413, 8314",11
"8314",8314,"8214, 8313, 8213, 8215, 8312, 3127, 8514, 8415, 8316, 8413, 8315",11
"8315",8315,"4808, 8215, 8314, 8115, 8214, 8216, 9884, 8416, 8317, 8414, 8415, 8316",12
"8316",8316,"595, 8315, 8215, 8217, 8314, 8415, 8416, 8317",8
"8317",8317,"8217, 8316, 226, 8117, 8216, 8218, 8315, 4280, 2864, 8345, 8418, 8319, 8417, 8318",14
"8318",8318,"4009, 4601, 6182, 8218, 8317, 597, 8118, 8217, 8219, 3684, 8518, 8419, 8320, 8417, 8418",15
"8319",8319,"2611, 5595, 8119, 7716, 8220, 8317, 9726, 8420, 8321, 8418, 8419, 8320",12
"8320",8320,"4433, 1420, 8319, 6148, 8120, 3549, 8221, 8318, 8520, 8322, 8419, 8420, 8321",13
"8321",8321,"8320, 8121, 8220, 8222, 8319, 8521, 8422, 8323, 8420, 8977, 8322",11
"8322",8322,"625, 5244, 8222, 8321, 1082, 2096, 5465, 8221, 8223, 8320, 9505, 8522, 8423, 8324, 8421, 8422, 8323",17
"8323",8323,"8322, 1669, 2614, 8222, 155, 8321, 6591, 8523, 8424, 8325, 8422, 8423",12
"8324",8324,"8224, 8124, 8223, 8225, 8322, 8524, 8425, 8326, 8423, 8424, 8325",11
"8325",8325,"8225, 8324, 945, 4986, 8224, 8226, 8323, 8525, 8426, 8327, 8424, 8425, 8326",13
"8326",8326,"3399, 8226, 8325, 7382, 8126, 8225, 6469, 8324, 6674, 8526, 8425, 8895, 8426, 8327",14
"8327",8327,"8227, 8326, 608, 2701, 4818, 8226, 8325, 3419, 6185, 8527, 8428, 8426, 8427",13
"8328",8328,"7192, 8228, 2425, 8128, 8229, 8528, 8429, 8330, 8427, 8428, 8329",11
"8329",8329,"1434, 8229, 8328, 2841, 8129, 8228, 8529, 8430, 8331, 8330",10
"8330",8330,"8230, 8329, 8130, 8231, 8328, 7054, 153, 8530, 8431, 8430",10
"8331",8331,"7026, 7337, 8231, 8131, 8230, 8232, 8329, 8531, 8432, 8333, 8430, 8431, 8332",13
"8332",8332,"2857, 8232, 8331, 8132, 8231, 8233, 8433, 8334, 8431, 8432, 8333",11
"8333",8333,"8233, 8332, 4750, 7105, 8232, 8234, 8331, 8533, 8434, 8335, 8432, 8433, 8334",13
"8334",8334,"7857, 8234, 8333, 8021, 8134, 8233, 8235, 8332, 8435, 8336, 8433, 8434, 8335",13
"8335",8335,"8235, 8334, 8135, 8234, 8236, 8333, 8535, 8436, 8337, 8434, 8435, 8336",12
"8336",8336,"8335, 8136, 8235, 8237, 8334, 8536, 8437, 8338, 8435, 8436, 8337",11
"8337",8337,"8237, 8336, 8137, 8236, 8335, 1908, 8537, 8438, 8339, 8436, 8338",11
"8338",8338,"8238, 8337, 2050, 8138, 8237, 8239, 8336, 1820, 8439, 8340, 8437",11
"8339",8339,"8239, 3115, 8139, 8238, 1003, 8337, 5640, 8539, 8440, 8341, 9552, 9428",12
"8340",8340,"1817, 6132, 833, 2578, 8140, 8239, 8241, 8338, 8441, 8342, 8980, 8440",12
"8341",8341,"7248, 1098, 2896, 1004, 4555, 6567, 8141, 8240, 8242, 8339, 8541, 8442, 8343, 8441, 8342",15
"8342",8342,"8242, 8341, 7776, 8142, 8241, 8243, 8340, 8542, 8443, 8344, 8442, 8343",12
"8343",8343,"8243, 8342, 3167, 4907, 8143, 8244, 8341, 8543, 9934, 8345, 8442",11
"8344",8344,"8244, 6075, 8144, 8243, 8342, 5212, 2316, 8544, 8443, 8444",10
"8345",8345,"7401, 8145, 8244, 8343, 8317, 8545, 8347, 8444, 8346",9
"8346",8346,"8246, 8345, 7374, 8146, 8245, 8247, 198, 9381, 9686, 8546, 8447, 8348, 8446",13
"8347",8347,"6605, 220, 8246, 8248, 8345, 1574, 8448, 8446, 8447, 8348",10
"8348",8348,"8248, 8347, 4617, 8148, 8247, 8249, 8346, 8548, 8449, 8350, 8447, 8448, 8349",13
"8349",8349,"661, 8348, 8149, 8248, 8250, 1306, 855, 8450, 8448, 8449, 8350",11
"8350",8350,"723, 4519, 8250, 8349, 8150, 8249, 3023, 8348, 5694, 8502, 8451, 8352, 8449, 8450, 8351",15
"8351",8351,"8251, 8350, 3927, 8151, 8250, 521, 9258, 8551, 8452, 8353, 8450, 9095, 8451, 8352",14
"8352",8352,"8351, 3663, 8251, 8253, 8350, 8552, 8354, 8452, 8353",9
"8353",8353,"8253, 8352, 669, 8254, 8351, 6682, 8454, 8355, 8453, 8354",10
"8354",8354,"8254, 8353, 5479, 8154, 8253, 8255, 8306, 8352, 8554, 8455, 8356, 8453, 8454, 8355",14
"8355",8355,"3584, 8255, 8354, 3164, 4190, 8155, 8254, 7066, 8353, 7, 8456, 8357, 8454, 8455, 8356",15
"8356",8356,"8256, 8355, 1133, 4388, 8156, 8255, 8257, 8354, 8556, 8457, 8358, 8455, 8357",13
"8357",8357,"8257, 8356, 8256, 482, 8355, 8557, 8359, 8456, 9495",9
"8358",8358,"8258, 5431, 8158, 8257, 8259, 8356, 8558, 8459, 8360, 8457, 8458, 8359",12
"8359",8359,"5123, 8259, 8358, 8159, 8258, 8260, 5769, 8357, 8559, 8460, 8361, 8459, 8360",13
"8360",8360,"8260, 8359, 810, 8259, 8261, 8358, 4903, 7386, 8560, 8362, 8459, 8460, 8361",13
"8361",8361,"8261, 8360, 8161, 8260, 8262, 8359, 8561, 8462, 8460, 8461, 8362",11
"8362",8362,"1706, 8262, 8361, 3637, 5047, 8162, 8261, 8263, 8360, 8562, 8364, 8461, 8462, 8363",14
"8363",8363,"8362, 8163, 8262, 8264, 7652, 8563, 8464, 8365, 8462, 8463",10
"8364",8364,"2607, 6791, 8164, 8263, 8265, 8362, 2810, 9359, 8564, 8465, 8366, 8463, 8365",13
"8365",8365,"656, 8265, 8364, 8264, 8363, 850, 8565, 8466, 8464, 8465, 8366",11
"8366",8366,"8266, 8365, 8166, 8265, 8267, 8364, 7887, 8368, 8466",9
"8367",8367,"8267, 872, 8266, 8268, 8567, 8468, 8369, 8467, 8368",9
"8368",8368,"4800, 8268, 8367, 6195, 8168, 8269, 8366, 6394, 9209, 8568, 8469, 8370, 8467, 8468",14
"8369",8369,"8269, 8169, 8268, 8367, 9253, 8470, 8371, 8468, 8469, 8370",10
"8370",8370,"2782, 8270, 8369, 3725, 8170, 3369, 8368, 7138, 8570, 8470, 8371",11
"8371",8371,"6986, 8271, 8370, 8171, 8270, 8272, 8369, 8571, 8472, 8373, 8470, 8471, 8372",13
"8372",8372,"8272, 8371, 8172, 8273, 2312, 8572, 8473, 8374, 8471, 8472, 8373",11
"8373",8373,"8273, 8372, 3365, 5239, 8173, 8272, 8274, 8371, 8573, 8474, 8375, 8767, 8473",13
"8374",8374,"8274, 1138, 8174, 8273, 8372, 9987, 8574, 8475, 8376, 8473, 8474, 8375, 8644",13
"8375",8375,"8374, 7456, 8175, 8274, 8276, 8373, 5363, 8575, 8476, 8377, 8474",11
"8376",8376,"8176, 8275, 8277, 8374, 8576, 8477, 8378, 8476, 8377",9
"8377",8377,"2858, 8376, 298, 8177, 8276, 8278, 8375, 4782, 8577, 8478, 9100, 8378",12
"8378",8378,"8278, 8377, 210, 4190, 8178, 8277, 8376, 8578, 8479, 8380, 8477, 8379",12
"8379",8379,"3523, 8279, 8378, 2976, 8179, 8278, 8280, 1876, 8579, 8480, 8478, 9937, 8380",13
"8380",8380,"8379, 6061, 8180, 8279, 8281, 8378, 6346, 4418, 8479, 8480, 8381",11
"8381",8381,"6663, 8380, 8181, 8280, 8282, 8581, 8482, 8383, 8480, 8481, 8382",11
"8382",8382,"5278, 8282, 8381, 3234, 5350, 8283, 8582, 8483, 8384, 8481, 8482, 8383",12
"8383",8383,"8283, 8382, 2447, 64, 8183, 8282, 8284, 8381, 8583, 8484, 8385, 8482, 8483, 8384",14
"8384",8384,"5869, 8383, 8184, 8283, 8285, 8382, 8814, 8584, 8386, 8483, 8484, 8385",12
"8385",8385,"8285, 8384, 1396, 8185, 8284, 8286, 8383, 8585, 8387, 8484, 8485, 8386",12
"8386",8386,"8032, 8286, 8385, 4068, 8186, 8285, 8287, 8384, 8586, 8487, 8388, 8485, 8486, 8387",14
"8387",8387,"4782, 8386, 1761, 8187, 8286, 8288, 8385, 8587, 8488, 8486, 8487, 8388",12
"8388",8388,"8288, 8387, 5405, 5943, 8188, 8287, 8289, 8386, 9333, 8588, 8489, 8390, 8488, 8389",14
"8389",8389,"885, 8289, 8388, 1666, 2718, 8290, 271, 5656, 8490, 8391, 8488, 8489, 8390",13
"8390",8390,"8290, 8389, 1624, 8190, 8289, 1202, 8388, 8590, 8491, 8392, 8489, 8490",12
"8391",8391,"4192, 5266, 7384, 6740, 8290, 8292, 8389, 8591, 8492, 8393, 8490, 8491, 8392",13
"8392",8392,"8292, 8391, 8192, 8390, 8291, 8493, 8394, 8491, 8492, 8393",10
"8393",8393,"8392, 2036, 2495, 8193, 8292, 8294, 8391, 8593, 8494, 8492, 8493, 8394",12
"8394",8394,"3757, 8294, 8393, 3734, 5519, 8194, 8293, 8295, 8392, 8594, 8495, 8493, 8494",13
"8395",8395,"8295, 3783, 8195, 8294, 8296, 1765, 8595, 8496, 8397, 8494, 8495, 8396, 9810",13
"8396",8396,"8296, 8395, 1227, 7848, 1461, 8297, 4075, 8596, 8497, 8398, 8495, 8496, 8397",13
"8397",8397,"8297, 8396, 8296, 8298, 8395, 8597, 8498, 8399, 8496, 9055, 8497, 8398",12
"8398",8398,"8298, 8397, 4571, 8297, 8299, 8396, 8266, 8561, 8598, 8499, 8497, 8399",12
"8399",8399,"8299, 8398, 321, 4351, 8199, 8298, 8397, 8500, 8498, 8499, 8400",11
"8400",8400,"3631, 8300, 8399, 8200, 8299, 8600, 8499, 8500",8
"8401",8401,"8301, 5109, 8201, 6788, 4436, 8601, 8502, 8403",8
"8402",8402,"8302, 1262, 474, 1302, 8301, 8303, 8602, 8503, 8404, 8501, 8502, 8403",12
"8403",8403,"2648, 8303, 8402, 8401, 8603, 8504, 8405, 8503, 8404",9
"8404",8404,"8304, 8403, 6382, 8204, 8303, 8305, 8402, 1835, 8604, 8505, 8406, 8503, 8504, 8405",14
"8405",8405,"8305, 8404, 8205, 8304, 8306, 8403, 1974, 8605, 8504, 8876, 8406",11
"8406",8406,"2497, 8405, 7935, 8206, 8307, 8404, 8507, 8408, 8505, 8506, 8407",11
"8407",8407,"393, 5294, 8307, 8406, 1253, 5762, 8207, 8306, 8308, 3881, 8607, 8508, 8409, 8506, 8507, 8408",16
"8408",8408,"8308, 8407, 1162, 6654, 8307, 6173, 8406, 8608, 8509, 8410, 8508, 8409",12
"8409",8409,"1398, 8309, 8408, 8209, 8308, 8310, 8407, 8510, 8411, 8508, 8509, 8410",12
"8410",8410,"5088, 8310, 8409, 8144, 5495, 8309, 8311, 8408, 4810, 183, 8610, 8511, 8412, 8411",14
"8411",8411,"8311, 8410, 7378, 8211, 8310, 8312, 8409, 3177, 8512, 8413, 8510, 8511, 8412",13
"8412",8412,"3606, 8312, 8411, 2145, 8311, 8313, 8410, 8612, 8513, 8414, 8511, 8512, 8413",13
"8413",8413,"8313, 8412, 6926, 8213, 8312, 8314, 8411, 8613, 8514, 8415, 8512, 8513",12
"8414",8414,"965, 8313, 8315, 8412, 6764, 5215, 8614, 8416, 8513, 8514",10
"8415",8415,"8315, 2376, 8215, 8314, 8316, 8413, 4180, 8615, 8417, 8514, 8515, 8416",12
"8416",8416,"4628, 8316, 8415, 8414, 8315, 6256, 8616, 8517, 8418, 8515, 8417",11
"8417",8417,"8317, 8416, 92, 8217, 8318, 8415, 8617, 8518, 8419, 8516, 9186, 8418",12
"8418",8418,"8318, 8417, 8218, 8317, 8319, 8416, 5338, 8518, 8519, 8420, 8517",11
"8419",8419,"5072, 8257, 8319, 5921, 8219, 8318, 8320, 8417, 5330, 8619, 8520, 8421, 8518",13
"8420",8420,"4593, 8320, 6413, 6779, 8220, 8319, 8321, 8418, 3521, 8620, 8422, 8520, 8421",13
"8421",8421,"831, 8420, 8000, 3102, 8322, 8419, 8621, 8423, 8520, 8521, 8422",11
"8422",8422,"4473, 8322, 8421, 1426, 6191, 8321, 8323, 8420, 8622, 8523, 8521, 8522, 8423",13
"8423",8423,"3045, 8216, 8323, 8422, 8223, 8322, 8324, 8421, 8623, 8524, 8425, 8522, 8523",13
"8424",8424,"6144, 8324, 6452, 5037, 6943, 8224, 8323, 8325, 6493, 8624, 8525, 8426, 8523",13
"8425",8425,"2167, 8325, 8225, 8324, 8326, 8423, 803, 8625, 8526, 8427, 8524, 8426",12
"8426",8426,"8326, 8425, 5492, 8226, 8325, 8327, 8424, 4921, 8626, 8527, 8428, 8525, 8427",13
"8427",8427,"7464, 8327, 8426, 6487, 8227, 8328, 8425, 3433, 9896, 8627, 8528, 8526, 8846, 8428",14
"8428",8428,"8328, 8427, 8228, 8327, 8426, 656, 9832, 8628, 8529, 8527, 8429",11
"8429",8429,"8428, 4479, 8229, 8328, 4757, 3134, 1799, 8530, 8431, 8528, 8529, 8430",12
"8430",8430,"8330, 8429, 8230, 8329, 8331, 8630, 8531, 8432, 8529, 8839, 8530, 8431",12
"8431",8431,"7250, 8331, 8430, 4018, 8330, 8332, 8429, 6585, 8744, 8631, 8433, 8530, 8531",13
"8432",8432,"8332, 7215, 8232, 8331, 8333, 8430, 4760, 8533, 8434, 8531, 8532, 8433",12
"8433",8433,"8333, 8432, 8233, 8332, 8334, 8431, 5350, 8633, 8534, 8435, 8532, 8533",12
"8434",8434,"8334, 3188, 3968, 8333, 8335, 8432, 6790, 8634, 8650, 8436, 8533, 8534",12
"8435",8435,"7444, 8335, 8235, 8334, 8336, 8433, 4188, 8635, 8536, 8437, 8535, 8436",12
"8436",8436,"5426, 8336, 8435, 5105, 8236, 8335, 8337, 8434, 6638, 5275, 9629, 8636, 8438, 8535, 8437",15
"8437",8437,"7910, 8436, 8336, 8338, 8435, 8637, 8538, 8439, 8536, 8537, 8438",11
"8438",8438,"304, 8437, 2100, 8238, 8337, 8436, 8638, 8539, 8440, 8537, 8538, 8439",12
"8439",8439,"59, 8438, 6412, 8239, 8338, 8437, 8639, 8540, 8538, 8539, 8440",11
"8440",8440,"8340, 8439, 2186, 3673, 8240, 8339, 1453, 8438, 2563, 8640, 8541, 8442, 8540, 8441",14
"8441",8441,"8341, 8440, 8241, 8340, 1066, 4359, 8641, 8542, 8443, 8540, 8541",11
"8442",8442,"8342, 526, 6311, 8242, 8341, 8343, 8440, 5501, 8543, 8444, 8541",11
"8443",8443,"8125, 8243, 8342, 8344, 8441, 8643, 8544, 8445, 8542, 8543",10
"8444",8444,"8344, 8244, 8345, 8442, 984, 8644, 8446, 8543, 8544, 8445",10
"8445",8445,"5774, 8444, 8245, 8443, 8645, 8546, 8447, 8446",8
"8446",8446,"8302, 8346, 8445, 361, 8246, 8347, 8444, 8547, 8448, 8545, 8546, 8447",12
"8447",8447,"8347, 8446, 6167, 8247, 8346, 8348, 8445, 8647, 8548, 8449, 8546, 8448",12
"8448",8448,"8348, 8447, 8248, 8347, 8349, 8446, 7901, 8648, 8549, 8450, 8547, 8548",12
"8449",8449,"8349, 5439, 8249, 8348, 8350, 8447, 8649, 8550, 8451, 8548, 8549, 8450",12
"8450",8450,"8350, 8449, 980, 8349, 8351, 8448, 5268, 9237, 8650, 8551, 8452, 8549, 8550",13
"8451",8451,"8351, 8251, 8350, 491, 8449, 8651, 8453, 8830, 8452",9
"8452",8452,"8352, 8451, 6210, 7713, 8252, 8351, 8450, 8652, 8553, 8454, 8551, 8453",12
"8453",8453,"8353, 8452, 5317, 4249, 468, 8354, 8451, 6928, 8653, 8554, 8455, 8552, 9756, 8454",14
"8454",8454,"8354, 8453, 4580, 8353, 8355, 8452, 8654, 8555, 8456, 8553, 8554, 8455",12
"8455",8455,"8355, 8454, 8255, 8354, 8356, 8453, 8655, 8556, 8457, 8554, 9060, 8456",12
"8456",8456,"8455, 8256, 8355, 8357, 8454, 1811, 8557, 8555, 8556, 8457",10
"8457",8457,"4824, 8456, 4634, 8257, 8356, 8358, 8455, 8657, 8558, 8459, 8556, 8557, 8458",13
"8458",8458,"8358, 8457, 4349, 2563, 8658, 8559, 8460, 8557, 8875, 8558, 8459",11
"8459",8459,"412, 8359, 8458, 8259, 8358, 8360, 8457, 8659, 8560, 8558, 8559, 8460",12
"8460",8460,"8360, 8459, 3238, 8260, 8359, 8361, 8458, 8660, 8561, 8462, 8559, 8560",12
"8461",8461,"8361, 3730, 8261, 8362, 3728, 2025, 3619, 8463, 8560, 8561",10
"8462",8462,"1512, 8362, 4747, 8262, 8361, 8363, 8460, 6513, 8662, 8464, 8561, 8562, 8463",13
"8463",8463,"8363, 8462, 553, 8263, 3889, 8364, 8461, 8663, 8562, 8563, 8464",11
"8464",8464,"6893, 7500, 8463, 8264, 8363, 8365, 8462, 9182, 8664, 8565, 8466, 8563, 8564, 8465",14
"8465",8465,"8365, 8464, 2131, 8265, 8364, 1415, 4464, 8665, 8566, 8564, 8565, 8466",12
"8466",8466,"8366, 8465, 1035, 6630, 8266, 8365, 4020, 8464, 886, 8567, 8468, 8565, 8566, 8467",14
"8467",8467,"8367, 8466, 2980, 4523, 8368, 6985, 8667, 8568, 8469, 8566, 8567, 8468",12
"8468",8468,"6479, 8368, 8467, 6056, 8268, 8367, 8369, 8466, 7323, 8668, 8569, 8470, 8568, 8469",14
"8469",8469,"1185, 7108, 5971, 8369, 8468, 5052, 8269, 8368, 3612, 8467, 2145, 8669, 8570, 8471, 8568, 8470",16
"8470",8470,"2282, 8370, 8469, 1089, 1629, 8270, 8369, 8371, 8468, 8670, 8571, 8472, 8569, 8570",14
"8471",8471,"5431, 8371, 8271, 8372, 8469, 1916, 8671, 8473, 8571, 8472, 9602",11
"8472",8472,"8372, 8471, 3733, 7385, 8272, 8371, 8470, 8578, 8672, 8573, 8474, 8571, 8572, 8473",14
"8473",8473,"8373, 8472, 6388, 8273, 8372, 8374, 2506, 8471, 8673, 8574, 8475, 8474",12
"8474",8474,"8374, 8473, 8274, 8373, 8375, 8472, 8674, 8575, 8476, 8573, 9548, 8574, 8475",13
"8475",8475,"2972, 8474, 7042, 8275, 8374, 8473, 8060, 9237, 8675, 8576, 8574, 8575, 8476",13
"8476",8476,"8066, 8376, 8475, 5580, 8276, 8375, 5370, 8474, 8676, 8577, 8478, 8575, 8576, 8477",14
"8477",8477,"8476, 8376, 8378, 8677, 8578, 8479, 8576, 8577, 8478",9
"8478",8478,"209, 8477, 8278, 8377, 8379, 8476, 6026, 8678, 8579, 8577, 8479",11
"8479",8479,"8478, 8279, 8378, 8380, 8477, 8679, 8481, 8579, 8480",9
"8480",8480,"7737, 2164, 8380, 8479, 5942, 8280, 8379, 8381, 6926, 1212, 8680, 8581, 8579, 8580, 8481",15
"8481",8481,"8381, 8480, 2400, 8281, 8382, 8479, 8681, 8582, 8483, 8580, 8581",11
"8482",8482,"8382, 5350, 582, 2811, 8282, 8381, 8383, 570, 5074, 8682, 8583, 8484, 8581, 8582",14
"8483",8483,"8383, 8382, 8384, 8481, 8683, 8584, 8485, 8582, 8583, 8484",10
"8484",8484,"4041, 8384, 8483, 8284, 8383, 8385, 8482, 8684, 8585, 8583, 8584, 8485",12
"8485",8485,"8385, 8484, 1547, 2951, 8285, 7900, 8386, 8483, 8586, 8487, 8584, 8585, 8486",13
"8486",8486,"8386, 8485, 1544, 7287, 5963, 8286, 5114, 8387, 3109, 8686, 8587, 8488, 8585, 8487",14
"8487",8487,"5297, 8387, 8287, 8386, 5961, 8485, 3170, 8486, 8687, 8588, 8586, 8488",12
"8488",8488,"8388, 8288, 8387, 8389, 8486, 8487, 8688, 8589, 8490, 8587, 8588, 8489",12
"8489",8489,"8389, 8488, 8289, 8388, 8390, 1123, 8590, 8491, 8588, 9090, 8589, 8490",12
"8490",8490,"8112, 8390, 8489, 4778, 8290, 8389, 8391, 8488, 9461, 8690, 8492, 8589, 8590, 8491",14
"8491",8491,"8391, 8490, 3136, 8390, 8392, 8489, 9497, 8691, 8729, 8590, 8591, 8492",12
"8492",8492,"8392, 8491, 7927, 8292, 8391, 8393, 8490, 5698, 8692, 8494, 8592, 8493",12
"8493",8493,"8393, 8492, 7103, 8293, 8394, 6762, 8392, 8506, 8594, 8495, 8592, 8593, 8494",13
"8494",8494,"8394, 8493, 6194, 8294, 8393, 8395, 8492, 8694, 8595, 8594, 8495",11
"8495",8495,"3958, 8395, 8494, 5480, 3967, 6877, 6949, 8295, 8394, 8396, 8493, 5679, 8695, 8596, 8497, 8594",16
"8496",8496,"8396, 4134, 7412, 8296, 8395, 8397, 5447, 8696, 8597, 8498, 8595, 8596, 8497",13
"8497",8497,"1212, 8397, 8496, 8396, 8398, 8495, 8697, 8598, 8499, 8596, 8597, 8498",12
"8498",8498,"5186, 8497, 2941, 8298, 8397, 8399, 8496, 1393, 8698, 8599, 8500, 8597, 8598",13
"8499",8499,"4286, 8399, 8299, 8398, 8400, 8497, 6053, 8699, 8600, 8598, 8972, 8599",12
"8500",8500,"8400, 8300, 8399, 8498, 6156, 8700, 8599",7
"8501",8501,"5733, 8301, 8402, 8701, 8602, 8503, 8601, 8502",8
"8502",8502,"8402, 8501, 5275, 8302, 8401, 8350, 8504, 8601, 8602",9
"8503",8503,"1013, 8403, 8193, 8303, 8402, 8404, 8501, 8602, 8703, 8604, 8603, 8504",12
"8504",8504,"8404, 8503, 8304, 8403, 8405, 8502, 8704, 8605, 8506, 8603, 8604, 8505",12
"8505",8505,"8095, 8504, 743, 8305, 8404, 8406, 9831, 8705, 8606, 8507, 8604, 8605, 8506",13
"8506",8506,"8406, 8505, 8306, 8407, 8493, 8504, 8706, 8607, 8508, 8605, 8606, 8507",12
"8507",8507,"8407, 8506, 8307, 8406, 5111, 8505, 6444, 8707, 8608, 8509, 9526, 8607",12
"8508",8508,"6206, 8408, 8308, 8407, 8409, 8506, 8708, 8609, 8510, 8607, 8608, 8509",12
"8509",8509,"8409, 8508, 4068, 7726, 8309, 8408, 8507, 8709, 8511, 8608, 8609, 8510",12
"8510",8510,"8509, 8310, 8409, 8411, 8508, 8710, 8611, 8512, 8609, 8610, 8511",11
"8511",8511,"8411, 8510, 196, 1736, 7711, 8311, 8410, 8412, 8509, 8711, 8513, 8542, 8611, 8512",14
"8512",8512,"8412, 8511, 8312, 8411, 8413, 8510, 6447, 7394, 8712, 8514, 8612, 8513",12
"8513",8513,"8413, 8512, 8313, 8412, 8414, 8511, 8713, 8614, 8515, 8612, 8613, 8514",12
"8514",8514,"8414, 8513, 8314, 8413, 8415, 8512, 6895, 8714, 8516, 8613, 8614, 8515",12
"8515",8515,"8415, 8514, 8416, 8513, 9809, 9364, 8715, 8616, 8517, 8615, 8516",11
"8516",8516,"8515, 6780, 8417, 8514, 8716, 8518, 8615, 8616, 8517",9
"8517",8517,"6728, 8516, 8416, 8418, 8515, 8717, 8618, 8519, 8616, 8617, 8518",11
"8518",8518,"8418, 8517, 8318, 8417, 8419, 8516, 2315, 8520, 8618, 8519",10
"8519",8519,"8518, 1801, 8418, 8517, 8895, 8719, 8620, 8521, 8618, 8619, 8520",11
"8520",8520,"8420, 8519, 8320, 8419, 8421, 8518, 6899, 8720, 8621, 8522, 8619, 8521",12
"8521",8521,"8421, 8520, 8321, 3609, 8422, 8519, 5275, 9032, 8721, 8622, 8523, 8621, 8522",13
"8522",8522,"8422, 8521, 3271, 3929, 8322, 2841, 8423, 8520, 8722, 8623, 8524, 8621, 8622, 8523",14
"8523",8523,"8423, 8522, 8323, 8422, 8424, 8521, 8723, 8624, 8622, 8623, 8524",11
"8524",8524,"4647, 8523, 3033, 8172, 8324, 8423, 8425, 8522, 8724, 8625, 8526, 8623, 8525",13
"8525",8525,"8524, 2335, 8325, 8424, 8426, 7838, 8725, 8626, 8527, 8624, 8841, 8625",12
"8526",8526,"7914, 8326, 8425, 8427, 8524, 5833, 8627, 8528, 8625, 9905, 8626, 8527",12
"8527",8527,"8526, 8327, 8426, 8428, 8525, 8727, 8628, 8529, 8626, 9328, 8627, 8528",12
"8528",8528,"6126, 8527, 8328, 8427, 8429, 8526, 6446, 8530, 8627, 8628, 8529",11
"8529",8529,"8429, 8528, 8329, 8428, 8430, 8527, 8729, 8630, 8531, 8628, 9429, 8530",12
"8530",8530,"8430, 8529, 5342, 8330, 8429, 8431, 8528, 5641, 8730, 8631, 8629, 8630, 8531",13
"8531",8531,"8431, 8530, 8331, 8430, 8432, 8529, 5849, 8731, 8533, 8630, 8631, 8532",12
"8532",8532,"8432, 8531, 3788, 5764, 8433, 8732, 8633, 8534, 8631, 8632, 8533",11
"8533",8533,"1835, 8433, 8532, 564, 8333, 8432, 8434, 8531, 8733, 8634, 8535, 8632, 8633, 8534",14
"8534",8534,"117, 5026, 8434, 8533, 10, 6710, 8433, 8532, 8734, 8635, 8536, 8633, 8634, 8535",14
"8535",8535,"8435, 8534, 5388, 6845, 8335, 8436, 8533, 2341, 9672, 8735, 8636, 8634, 8635, 8536",14
"8536",8536,"8535, 8336, 8435, 8437, 8534, 8736, 8637, 8538, 8636, 8537",10
"8537",8537,"8437, 8536, 1963, 8337, 8438, 8737, 8638, 8539, 8636, 8637, 8538",11
"8538",8538,"8438, 8537, 3638, 8437, 8439, 8536, 5190, 8738, 8540, 8637, 8638",11
"8539",8539,"8439, 5944, 8339, 8438, 8537, 8640, 8541, 8638, 8639, 8540",10
"8540",8540,"8440, 8539, 3279, 2367, 8439, 8441, 8538, 9892, 8641, 8542, 8639, 8640, 8541",13
"8541",8541,"8441, 8540, 8341, 8440, 8442, 8539, 9713, 8642, 8543, 8640, 8542",11
"8542",8542,"5932, 1221, 8342, 8441, 8443, 8511, 8540, 274, 7651, 565, 8541, 8742, 8643, 8642",14
"8543",8543,"8443, 8064, 8343, 8442, 8444, 8541, 8743, 8545, 8642, 8643, 8544",11
"8544",8544,"8444, 8543, 1712, 776, 8344, 8443, 4860, 5249, 8645, 8546, 8643",11
"8545",8545,"1834, 8345, 8446, 8543, 8745, 8646, 8547, 8644, 8645, 8546",10
"8546",8546,"6407, 8446, 8545, 8346, 8445, 8447, 8544, 6590, 8720, 8746, 8645, 8646, 8547",13
"8547",8547,"8546, 8446, 8448, 8545, 1391, 8648, 8646, 8647, 8548",9
"8548",8548,"8448, 8547, 8348, 8447, 8449, 3954, 8748, 8550, 8647, 8648",10
"8549",8549,"8449, 4310, 8448, 8450, 7204, 8749, 8650, 8649, 8550",9
"8550",8550,"4002, 8450, 8549, 8449, 4769, 8548, 8750, 8651, 8552, 8650, 8551",11
"8551",8551,"8550, 1321, 8351, 8450, 8452, 2177, 8835, 8751, 8652, 8553, 8651, 8552",12
"8552",8552,"7805, 8551, 2847, 8352, 2918, 8453, 8550, 8752, 8653, 9785, 8651, 8652, 8553",13
"8553",8553,"8552, 3883, 8452, 8454, 8551, 8653, 8753, 8654, 8555, 8652, 8554",11
"8554",8554,"1915, 3008, 8454, 8553, 8354, 8453, 8455, 9883, 8754, 8655, 8653, 8654",12
"8555",8555,"1018, 50, 8454, 8456, 8553, 8755, 8656, 8557, 8654, 9372, 8655, 8556",12
"8556",8556,"8456, 8555, 8356, 8455, 8457, 665, 8756, 8558, 8655, 8656, 8557",11
"8557",8557,"4324, 8457, 8556, 4349, 8357, 8456, 8458, 8555, 1585, 5254, 8757, 8559, 8656",13
"8558",8558,"4890, 8458, 1832, 8002, 8358, 8457, 8459, 8556, 8758, 8659, 8560, 9537, 8658, 8559",14
"8559",8559,"8459, 8558, 8359, 8458, 8460, 8557, 8759, 8660, 8658, 8659, 8560",11
"8560",8560,"8460, 8559, 4758, 8360, 8459, 8461, 8558, 7788, 8661, 8659, 8660, 8561",12
"8561",8561,"8461, 8560, 8361, 8460, 8462, 8398, 1995, 8662, 8660, 8661, 8562",11
"8562",8562,"8462, 8561, 8362, 8463, 6561, 8104, 8662, 8762, 8663, 8564, 8563",11
"8563",8563,"8463, 8562, 8363, 8464, 1464, 8763, 8565, 8662, 8663",9
"8564",8564,"8464, 4552, 8364, 5346, 8465, 8562, 4561, 8826, 8764, 8665, 8663, 8565",12
"8565",8565,"5162, 8465, 8365, 8464, 8466, 8563, 8564, 8765, 8567, 8664, 8665, 8566",12
"8566",8566,"8466, 8565, 8465, 8467, 4011, 9478, 9386, 8568, 8665, 8666, 8567",11
"8567",8567,"8467, 8566, 8367, 8466, 8565, 8767, 8986, 8569, 8666, 8667, 8568",11
"8568",8568,"8468, 8567, 7384, 8368, 8467, 8469, 8566, 8768, 8669, 8570, 8667, 8668, 8569",13
"8569",8569,"8568, 8468, 8470, 8567, 2678, 8769, 8670, 8571, 8669, 8570",10
"8570",8570,"8470, 8569, 3127, 8370, 8469, 8568, 5423, 9470, 8770, 8671, 8669, 8571",12
"8571",8571,"8471, 8570, 3616, 8371, 8470, 8472, 8569, 8771, 8672, 8573, 8670, 8671, 8572",13
"8572",8572,"8472, 8571, 8372, 4427, 8039, 8772, 8673, 8575, 8672, 8573",10
"8573",8573,"5269, 8572, 2160, 8373, 8472, 8474, 8571, 8773, 8674, 8575, 8672, 8673, 8574",13
"8574",8574,"8474, 8573, 1070, 8374, 8473, 8475, 9291, 8774, 8675, 8576, 8673, 9796, 8674, 8575",14
"8575",8575,"8475, 8574, 8375, 8572, 8474, 8476, 8573, 5818, 8775, 8676, 8577, 8674, 9506",13
"8576",8576,"8476, 8376, 8475, 8477, 8574, 8972, 8776, 8677, 8675, 8676, 8577",11
"8577",8577,"8477, 8576, 8377, 8476, 8478, 8575, 8777, 8678, 8579, 8677, 8578",11
"8578",8578,"8577, 854, 8378, 8477, 8472, 2484, 7863, 8778, 8580, 8677, 8678, 8579",12
"8579",8579,"5477, 7308, 8479, 8578, 8379, 8478, 8480, 8577, 7700, 7207, 8779, 8680, 8581, 8679",14
"8580",8580,"8480, 1776, 3484, 1802, 7569, 8481, 8578, 8780, 8681, 8582, 8679, 8680, 8581",13
"8581",8581,"1349, 8481, 8580, 4447, 8381, 8480, 8482, 8579, 8781, 8682, 8583, 8680, 8681, 8582",14
"8582",8582,"8482, 8581, 6824, 8382, 8481, 8483, 8580, 753, 3027, 8782, 8584, 8681, 8583",13
"8583",8583,"7121, 8483, 8582, 8383, 8482, 8484, 8581, 8783, 8684, 8585, 8682, 8683, 8584",13
"8584",8584,"8484, 8583, 7239, 8384, 8483, 8485, 8582, 6111, 8784, 8586, 8683, 8684, 8585",13
"8585",8585,"8485, 8584, 8211, 8385, 8484, 8486, 8583, 8785, 8686, 8587, 8684, 8685",12
"8586",8586,"1559, 1625, 8386, 8485, 8487, 8584, 9458, 8786, 8687, 8588, 8685, 8686, 8587",13
"8587",8587,"8586, 8387, 8486, 8488, 8585, 8805, 8787, 8688, 8686, 8687, 8588",11
"8588",8588,"8488, 8587, 5579, 8388, 8487, 8489, 8586, 8788, 8689, 8687",10
"8589",8589,"8489, 3915, 3682, 3714, 8488, 8490, 3780, 5686, 3235, 8690, 8591, 8689, 8590",13
"8590",8590,"8490, 8589, 8390, 8489, 8491, 4959, 8790, 8691, 8592, 8689, 8690, 8591",12
"8591",8591,"8491, 8590, 8391, 8589, 8791, 8692, 8593, 8691, 8592",9
"8592",8592,"8492, 8591, 6131, 8493, 8590, 7135, 9560, 8792, 8693, 8691, 8692, 8593",12
"8593",8593,"3293, 8493, 8592, 6884, 8393, 5405, 8591, 8793, 8694, 8595, 8692, 8693, 8594",13
"8594",8594,"8494, 8593, 8059, 8394, 8493, 8495, 3052, 8695, 8596, 8694, 8595",11
"8595",8595,"8594, 6819, 8395, 8494, 8496, 8593, 5890, 8696, 8597, 8694, 8695, 8596",12
"8596",8596,"8496, 8595, 5953, 8396, 8495, 8497, 8594, 8796, 8697, 8598, 8695, 8696, 8597",13
"8597",8597,"8497, 8596, 7129, 8397, 8496, 8498, 8595, 8797, 8698, 8599, 8773, 8697, 9943",13
"8598",8598,"6362, 8498, 8398, 8497, 8499, 8596, 8798, 8699, 8600, 8698, 8599",11
"8599",8599,"8499, 8598, 4696, 857, 8498, 8500, 8597, 8037, 8698, 8699, 8600",11
"8600",8600,"8599, 7560, 8400, 8499, 8598, 8800, 8699, 8700",8
"8601",8601,"8501, 3861, 6551, 8401, 8502, 8801, 8702, 8603, 8701, 8602",10
"8602",8602,"8502, 8601, 8402, 8501, 8503, 8802, 8703, 8604, 8701, 8746, 8702, 8603",12
"8603",8603,"8503, 8602, 8403, 5662, 8504, 8601, 7018, 7990, 6837, 8803, 8703, 8604",12
"8604",8604,"8504, 8603, 8404, 8503, 8505, 8602, 8804, 8606, 8703, 8704, 8605",11
"8605",8605,"8505, 8604, 5061, 7949, 8405, 8504, 8506, 2089, 6121, 8805, 8706, 8607, 8606",13
"8606",8606,"8506, 8605, 7093, 8505, 8604, 5839, 8799, 8806, 8705, 8706, 8607",11
"8607",8607,"8507, 8606, 8407, 8506, 8508, 8605, 8807, 8708, 8706, 8707, 8608",11
"8608",8608,"8508, 8607, 959, 1208, 2754, 8408, 8507, 8509, 3092, 8808, 8709, 8610, 8707, 8708, 8609",15
"8609",8609,"5863, 8509, 8608, 7688, 8508, 8510, 3547, 73, 1165, 8710, 8708, 8709, 8610",13
"8610",8610,"8510, 8609, 6332, 8410, 5228, 8608, 8810, 8711, 8612, 8709, 8616, 8710",12
"8611",8611,"8511, 2161, 5367, 8510, 6067, 9203, 8811, 8712, 8710, 8711, 9593",11
"8612",8612,"8512, 8412, 1174, 8513, 8610, 8812, 8747, 8711, 8712, 8613",10
"8613",8613,"8513, 8612, 8413, 8514, 8813, 8615, 8712, 8713, 8614",9
"8614",8614,"8514, 8613, 4673, 8414, 8513, 1531, 5422, 8814, 8715, 8616, 8714, 8615",12
"8615",8615,"4224, 8515, 8614, 8415, 8516, 8613, 8616, 8617, 8714",9
"8616",8616,"471, 8516, 8615, 8610, 8416, 8515, 8517, 8614, 8816, 8717, 8618, 8715",12
"8617",8617,"1521, 1833, 8517, 8417, 8615, 8817, 8718, 8619, 8716, 8717",10
"8618",8618,"8518, 2403, 7167, 1272, 6698, 8517, 8519, 8616, 2155, 8818, 8620, 8717",12
"8619",8619,"3971, 8519, 1733, 2626, 8419, 5505, 8520, 8617, 8819, 8621, 8718, 8620",12
"8620",8620,"8619, 1416, 4066, 4427, 8420, 8519, 8618, 8820, 8721, 8622, 8719, 8720",12
"8621",8621,"8521, 5960, 7521, 8421, 8520, 8522, 8619, 1805, 8821, 8623, 8721, 8622",12
"8622",8622,"8522, 8621, 8422, 8521, 8523, 8620, 3924, 8723, 8624, 8721, 8722, 8623",12
"8623",8623,"8523, 8622, 8423, 8522, 8524, 8621, 2731, 8823, 8724, 8625, 8723, 8624",12
"8624",8624,"6016, 5280, 8623, 8424, 8523, 8525, 8622, 8824, 8626, 8723, 8724",11
"8625",8625,"8525, 1605, 6883, 8425, 8524, 8526, 8623, 8825, 8627, 8724, 8725, 8626",12
"8626",8626,"8526, 8625, 6358, 8426, 8525, 8527, 8624, 138, 8826, 8727, 8628, 8725, 8627",13
"8627",8627,"8527, 8626, 7808, 8427, 8526, 8528, 8625, 8827, 8728, 8629, 8726, 8727, 8628",13
"8628",8628,"8528, 8627, 8428, 8527, 8529, 8626, 9279, 8828, 8729, 8630, 8727, 8629",12
"8629",8629,"8628, 5124, 8530, 8627, 8730, 8631, 8728, 8729, 8630",9
"8630",8630,"8530, 8629, 2373, 8430, 8529, 8531, 8628, 8830, 8731, 8729, 9671",11
"8631",8631,"8531, 983, 8431, 8530, 8532, 8629, 21, 8831, 8732, 8633, 8730, 8731",12
"8632",8632,"2702, 8532, 6305, 8533, 3183, 8849, 8832, 8733, 8634, 8731, 8732, 8633",12
"8633",8633,"8533, 8632, 8433, 8532, 8534, 8631, 4702, 8833, 8734, 8732, 8733, 8634",12
"8634",8634,"8534, 8633, 8434, 8533, 8535, 8632, 8834, 8735, 8636, 8733, 8734, 8635",12
"8635",8635,"8535, 8634, 8435, 8534, 5226, 1364, 8835, 8736, 8637, 8734, 8636",11
"8636",8636,"3725, 8536, 8635, 8436, 8535, 8537, 8634, 9154, 8737, 8638, 8735, 8736, 8637",13
"8637",8637,"375, 8537, 8636, 1410, 2412, 8437, 8536, 8538, 8635, 7977, 8967, 8837, 8738, 8639, 8736, 8638",16
"8638",8638,"8538, 8637, 8438, 8537, 8539, 8636, 8838, 8739, 8737, 8738",10
"8639",8639,"8539, 1106, 5597, 6696, 8439, 8540, 8637, 834, 8641, 8739",10
"8640",8640,"8540, 8440, 8539, 8541, 1852, 8840, 8642, 8739, 8740, 8641",10
"8641",8641,"8640, 8441, 8540, 8639, 9168, 8841, 8742, 8643, 8740, 8741, 8642",11
"8642",8642,"1437, 6402, 8542, 8641, 448, 3548, 5306, 8541, 8543, 8640, 8842, 8644, 8741, 9166, 8742, 8643",16
"8643",8643,"8543, 8642, 8443, 8542, 8544, 8641, 7732, 8645, 8742, 8743, 8644",11
"8644",8644,"8374, 1682, 8643, 8444, 8545, 8642, 8844, 8745, 8646, 8743, 8983, 8744, 8645",13
"8645",8645,"8545, 8644, 7682, 8445, 8544, 8546, 8643, 1037, 9282, 8845, 8746, 8744, 8745, 8646",14
"8646",8646,"1115, 8546, 8645, 2867, 7847, 1039, 8545, 8547, 8644, 9802, 8846, 8648, 8745, 8746, 8647",15
"8647",8647,"3032, 3677, 8547, 8646, 204, 8447, 1162, 8548, 8847, 8748, 8649, 8746, 9836, 8747, 8786",15
"8648",8648,"8548, 8448, 8547, 1367, 8646, 6299, 8749, 8650, 8747, 8649",10
"8649",8649,"8549, 7006, 8449, 7786, 8647, 3741, 8648, 8849, 8750, 8748, 8650",11
"8650",8650,"8550, 8649, 480, 8434, 8450, 8549, 5631, 8648, 1468, 8850, 8751, 8750, 8651",13
"8651",8651,"8551, 8650, 5785, 8451, 8550, 8552, 6823, 1864, 8851, 8752, 8653, 8750",12
"8652",8652,"8552, 8452, 8551, 8553, 7488, 8753, 8654, 8751, 8752, 8653",10
"8653",8653,"7243, 8553, 8652, 8453, 8552, 8554, 8651, 7384, 1364, 8655, 8752, 8753, 8654",13
"8654",8654,"8554, 8653, 5187, 8454, 8553, 8555, 8652, 3498, 8755, 8656, 8753, 8754, 8655",13
"8655",8655,"8555, 8654, 8455, 8554, 8556, 8653, 2108, 763, 8756, 8755, 8656",11
"8656",8656,"2528, 7229, 8556, 8655, 2677, 3334, 7508, 8555, 8557, 8654, 41, 8757, 8658, 8756",14
"8657",8657,"3738, 157, 3970, 8457, 3423, 7073, 8857, 8758, 8659, 8757, 8658",11
"8658",8658,"7131, 8558, 8657, 8458, 8559, 8656, 8858, 8759, 8660, 8757, 8758, 8659",12
"8659",8659,"5247, 8559, 8658, 6887, 8459, 8558, 8560, 8657, 9411, 8760, 8661, 8758, 8759, 8660",14
"8660",8660,"8560, 8659, 2962, 8460, 8559, 8561, 8658, 8860, 8662, 8759, 8760, 8661",12
"8661",8661,"8561, 8660, 5864, 8560, 8659, 8861, 8762, 8663, 8760, 8938, 8761, 8662",12
"8662",8662,"8562, 8661, 3598, 5672, 8462, 8561, 8563, 8660, 8862, 8763, 8664, 8761, 8762",13
"8663",8663,"8563, 8463, 8562, 8564, 8661, 8863, 8764, 8665, 8762, 8763, 8664, 9368",12
"8664",8664,"8663, 8464, 6553, 8565, 8662, 9738, 8864, 8765, 8666, 8763, 8764, 8665",12
"8665",8665,"8565, 8664, 1020, 2165, 8465, 8564, 8566, 8663, 8865, 8766, 8667, 8764, 8765, 8666",14
"8666",8666,"8566, 8665, 811, 3979, 8106, 8567, 8664, 8866, 8668, 8765, 8766, 8667",12
"8667",8667,"8567, 8666, 8467, 5430, 8568, 8665, 4311, 8867, 8856, 8669, 8766, 8767, 8668",13
"8668",8668,"3466, 8568, 8667, 8468, 8666, 8868, 8769, 8670, 8767, 8768, 8669",11
"8669",8669,"399, 8569, 8668, 694, 2770, 8469, 8568, 8570, 8667, 320, 8869, 8770, 8671, 8769, 8670",15
"8670",8670,"8669, 5734, 8470, 8569, 8571, 8668, 8870, 8771, 8672, 8671",10
"8671",8671,"1475, 8571, 8670, 2864, 8471, 8570, 8669, 8871, 8772, 9190, 8770, 9089, 8771, 8672",14
"8672",8672,"5490, 8572, 8671, 8472, 8571, 8573, 8670, 8872, 8773, 8771, 8772, 8673",12
"8673",8673,"8573, 8672, 8473, 8572, 8574, 5541, 8873, 9309, 8675, 8773, 8674",11
"8674",8674,"8574, 8673, 8474, 8573, 8575, 4192, 8874, 8775, 8676, 8773, 8774, 8675",12
"8675",8675,"3924, 4760, 8674, 1478, 8475, 8574, 8576, 8673, 8875, 8776, 8677, 8774, 8775, 8676",14
"8676",8676,"7923, 8576, 8675, 2813, 4157, 8476, 8575, 8674, 8193, 8978, 8876, 8678, 8776, 8677",14
"8677",8677,"8577, 8676, 8477, 8576, 8578, 8675, 3735, 8877, 8778, 8776, 8794, 8777",12
"8678",8678,"4160, 8578, 4544, 1152, 8478, 8577, 8676, 8878, 8779, 8680, 8777, 9239, 8778, 8679",14
"8679",8679,"8579, 8678, 1687, 2564, 8479, 8580, 8780, 8681, 8778, 8779, 8680",11
"8680",8680,"8580, 8679, 7819, 8480, 8579, 8581, 8678, 8880, 8781, 8682, 8779, 8780, 8681",13
"8681",8681,"7274, 8581, 8680, 5443, 8481, 8580, 8582, 8679, 8881, 8683, 8780, 8781, 8682",13
"8682",8682,"8681, 8482, 8581, 8583, 8680, 5955, 8882, 8684, 8782, 8683",10
"8683",8683,"8583, 8682, 1911, 8483, 8584, 8681, 8883, 8685, 8782, 8783, 8684",11
"8684",8684,"8584, 8683, 2521, 4368, 8305, 8484, 8583, 8585, 8682, 8785, 8686, 8783, 8784, 8685",14
"8685",8685,"571, 8585, 8684, 1763, 1332, 8586, 8683, 8885, 8786, 8687, 8784, 8686",12
"8686",8686,"4364, 8586, 8685, 8486, 8585, 8587, 8684, 1226, 8886, 8787, 8688, 8785, 8687",13
"8687",8687,"8587, 8686, 8487, 8586, 8588, 8685, 9029, 8887, 8788, 8689, 8786, 8787, 8688",13
"8688",8688,"5186, 8687, 8488, 8587, 8686, 8888, 8789, 8690, 8787, 8788, 8689",11
"8689",8689,"8589, 8688, 8208, 8588, 8590, 8687, 8889, 8790, 8691, 8788, 8789, 8690",12
"8690",8690,"8590, 8689, 6798, 8490, 8589, 4696, 8688, 9495, 8791, 8692, 8789, 8691",12
"8691",8691,"3468, 8591, 8690, 6161, 8491, 8590, 8592, 8689, 8891, 8792, 8693, 8692",12
"8692",8692,"8592, 8691, 2462, 5873, 8492, 8591, 8593, 8690, 1683, 8892, 8791, 8792, 8693",13
"8693",8693,"2222, 8593, 8692, 3743, 8592, 8691, 9115, 8893, 8794, 8695, 8792, 8694",12
"8694",8694,"8594, 8693, 1282, 3286, 8494, 8593, 8595, 6051, 8894, 8793, 8794, 8695",12
"8695",8695,"8595, 8694, 8495, 8594, 8596, 8693, 7637, 8796, 8795, 8696",10
"8696",8696,"8596, 8695, 973, 8253, 8496, 8595, 6518, 8896, 8797, 8698, 8795, 8796, 8697",13
"8697",8697,"510, 8597, 8696, 8497, 8596, 2742, 5285, 3556, 8754, 8699, 8797, 8698",12
"8698",8698,"7229, 8598, 8697, 8498, 8597, 8599, 8696, 8898, 8799, 8700, 8797, 8798, 8699",13
"8699",8699,"8599, 8698, 3673, 8499, 8598, 8600, 8697, 2077, 4203, 8799, 8800, 8798",12
"8700",8700,"8600, 8500, 8698, 8900",4
"8701",8701,"2608, 8601, 8501, 8602, 6911, 8901, 8801, 8702",8
"8702",8702,"8602, 8701, 1830, 8601, 8902, 8803, 8801, 8802, 8703",9
"8703",8703,"8603, 8702, 1118, 6309, 6455, 8503, 8602, 8604, 1093, 1066, 8903, 8804, 8705, 8802, 8704",15
"8704",8704,"8604, 8703, 8504, 7495, 8904, 9046, 8803, 8804, 8705",9
"8705",8705,"8704, 8505, 1356, 8606, 8703, 8905, 8806, 8707, 8804, 8805, 8706",11
"8706",8706,"8606, 8705, 8506, 8605, 8607, 8807, 8708, 8806, 8707",9
"8707",8707,"8607, 8706, 8507, 8608, 8705, 1541, 8907, 8808, 8806, 8708",10
"8708",8708,"8608, 8707, 8508, 8607, 8609, 8706, 8908, 8809, 8710, 8808, 8709",11
"8709",8709,"8609, 8708, 8509, 8608, 8610, 2483, 8909, 8810, 8711, 8808, 8809, 8710",12
"8710",8710,"8610, 8709, 4817, 8510, 8609, 8611, 8708, 8910, 8811, 8712, 8809, 8810, 8711",13
"8711",8711,"8611, 8710, 8511, 8610, 8612, 8709, 8911, 8812, 8810, 8811, 8712",11
"8712",8712,"4671, 8612, 8711, 2502, 8512, 8611, 8613, 8710, 8812, 8912, 8813, 8714, 8811, 8713",14
"8713",8713,"8613, 8712, 8513, 4081, 1349, 1487, 3075, 3163, 8913",9
"8714",8714,"8614, 2121, 8122, 8514, 1374, 8615, 8712, 8914, 8815, 8716, 8814, 8715",12
"8715",8715,"302, 8714, 3042, 7213, 8515, 8614, 8616, 8915, 8816, 8717, 8814, 8815, 8716",13
"8716",8716,"6010, 7865, 8715, 1177, 6293, 8516, 1951, 8617, 8714, 8916, 8817, 8718, 8815, 8816, 8717",15
"8717",8717,"5390, 8617, 8716, 3699, 6435, 8517, 8616, 8618, 8715, 94, 8917, 8818, 8719, 8816, 8718",15
"8718",8718,"6711, 8717, 2904, 3926, 8617, 8619, 8716, 8918, 8819, 8720, 8817, 8818, 8719",13
"8719",8719,"8718, 8519, 8620, 8717, 8919, 8820, 8721, 8818, 8819, 8720",10
"8720",8720,"8620, 8719, 8520, 3518, 8546, 8718, 8920, 8821, 8722, 8819, 8820, 8721",12
"8721",8721,"8621, 8720, 1350, 8521, 8620, 8622, 8719, 602, 8723, 8820, 8821, 8722",12
"8722",8722,"8622, 8721, 7327, 8522, 8720, 8922, 8823, 8724, 8821, 8723",10
"8723",8723,"6399, 8623, 8722, 3745, 8523, 8622, 8624, 8721, 8923, 8824, 8725, 8822, 8724",13
"8724",8724,"8624, 8723, 8524, 8623, 8625, 8722, 8825, 8726, 8823, 8824, 8725",11
"8725",8725,"8625, 8724, 8525, 5421, 8626, 8723, 9594, 9479, 8925, 8727, 8825, 8726",12
"8726",8726,"8725, 3687, 40, 8627, 8724, 7284, 8764, 8926, 8728, 8825, 8826, 8727",12
"8727",8727,"8627, 8726, 8527, 8626, 8628, 8725, 8927, 8828, 8729, 8826, 8728",11
"8728",8728,"1041, 8727, 744, 8627, 8629, 8726, 8928, 8829, 8730, 8828, 8729",11
"8729",8729,"8629, 8728, 8491, 8529, 8628, 8630, 8727, 9705, 8929, 8830, 8731, 8828, 8829, 8730",14
"8730",8730,"8729, 8530, 8629, 8631, 8728, 8731, 8930, 8732, 8829",9
"8731",8731,"7584, 8631, 8730, 1276, 5669, 8531, 8630, 8632, 8729, 8832, 8733, 8830, 8831, 8732",14
"8732",8732,"8632, 8731, 8532, 8631, 8633, 8730, 8932, 8833, 8734, 8831, 8832, 8733",12
"8733",8733,"1597, 8633, 8732, 1198, 7136, 8533, 8632, 8634, 8731, 3534, 8933, 8832, 8833, 8734",14
"8734",8734,"8634, 8733, 7736, 8292, 8534, 8633, 8635, 8732, 8934, 8835, 8736, 8833, 8834, 8735",14
"8735",8735,"8734, 8535, 8634, 8636, 2315, 8935, 8737, 8834, 8835, 8736",10
"8736",8736,"8636, 8735, 412, 6563, 8536, 8635, 8637, 8734, 9295, 8936, 8837, 8738, 8835, 8836, 8737",15
"8737",8737,"3323, 8736, 8537, 8636, 8638, 8735, 8937, 8838, 8739, 8836, 8837, 8738",12
"8738",8738,"12, 8638, 8737, 8538, 8637, 4723, 8736, 8938, 8839, 8740, 8838",11
"8739",8739,"1424, 8639, 2124, 3102, 8638, 8640, 8737, 8939, 8840, 8741, 8838, 8839, 8740",13
"8740",8740,"8640, 8739, 1071, 2704, 3328, 2167, 5257, 8641, 8738, 6913, 8940, 8841, 8742, 8741",14
"8741",8741,"8641, 8740, 3909, 1828, 8192, 8642, 8739, 3251, 530, 8842, 8743, 8841, 8742",13
"8742",8742,"8642, 8741, 5987, 8542, 8641, 8643, 8740, 2675, 8942, 8843, 8841",11
"8743",8743,"2379, 8643, 3248, 8543, 803, 8644, 8741, 8943, 8844, 8745, 8842, 8744",12
"8744",8744,"3050, 8644, 8743, 6352, 3354, 8645, 5027, 8431, 8944, 8746, 8745",11
"8745",8745,"8645, 8744, 8545, 8644, 8646, 8743, 8945, 8846, 8747, 8845",10
"8746",8746,"2295, 8646, 8602, 8546, 8645, 8647, 8744, 8946, 8847, 8748, 8845, 8846, 8747",13
"8747",8747,"8647, 8746, 8612, 2727, 8648, 8745, 8947, 8848, 8749, 8846, 8847, 8748",12
"8748",8748,"1614, 8747, 3655, 8548, 8647, 8649, 8746, 8779, 8948, 8849, 8750, 8749",12
"8749",8749,"2788, 8748, 8549, 8648, 8747, 855, 8949, 8850, 8751, 9033, 8849, 8750",12
"8750",8750,"8650, 8749, 8550, 8649, 8651, 8748, 8950, 8851, 8752, 8849, 9639, 8850, 8751",13
"8751",8751,"8750, 8551, 8650, 8652, 8749, 8752, 8951, 8852, 8850",9
"8752",8752,"8652, 8751, 507, 8552, 8651, 8653, 8750, 8952, 8853, 8754, 8851, 8852, 8753",13
"8753",8753,"8653, 8752, 2735, 8553, 8652, 8654, 2286, 8953, 8854, 8755, 8852, 8853, 8754",13
"8754",8754,"8654, 8753, 8554, 8697, 8752, 8954, 8855, 8756, 8853, 8854, 8755",11
"8755",8755,"8655, 8754, 1429, 8555, 8654, 8753, 856, 8955, 8856, 8757, 9636, 8855, 8756",13
"8756",8756,"8656, 8755, 417, 8556, 8655, 127, 8754, 8956, 8857, 8758, 8855, 8757",12
"8757",8757,"8657, 8756, 8557, 8656, 8658, 8755, 8957, 8858, 8759, 8856, 8857, 8758",12
"8758",8758,"1038, 8658, 8757, 8558, 8657, 8659, 8756, 7503, 8859, 8760, 8857, 9194, 8858, 8759",14
"8759",8759,"4132, 8659, 8758, 5528, 8559, 8658, 8660, 8757, 8959, 8860, 8761, 8858, 8859, 8760",14
"8760",8760,"8660, 8759, 8661, 8758, 8659, 9952, 8960, 8861, 8762, 8859, 8860, 8761",12
"8761",8761,"6254, 8661, 8760, 4327, 8662, 8759, 925, 8961, 9028, 8860, 8861, 8762",12
"8762",8762,"8662, 8761, 8562, 8661, 8663, 8760, 8962, 8863, 8764, 8861, 8862, 8763",12
"8763",8763,"8663, 8762, 8563, 8662, 8664, 8963, 8864, 8765, 8862, 8863, 8764",11
"8764",8764,"5053, 8664, 8763, 3682, 8564, 8663, 8665, 8762, 7241, 8726, 8964, 8863, 8864, 8765",14
"8765",8765,"8665, 8764, 8565, 8664, 8666, 8763, 8965, 8866, 8767, 8864, 9084, 8865, 8766",13
"8766",8766,"8666, 8765, 603, 3636, 8665, 8667, 8966, 8867, 8768, 8866, 8767",11
"8767",8767,"8667, 8766, 8373, 8567, 8668, 8765, 8967, 8769, 8866, 9937, 8867, 8768",12
"8768",8768,"8668, 8767, 8568, 8766, 8968, 8869, 8770, 8867, 8769",9
"8769",8769,"8669, 8768, 8569, 8668, 2828, 8767, 8770, 8969, 8870, 8771, 8868",11
"8770",8770,"4872, 8769, 8570, 8669, 8671, 8768, 7648, 8026, 8970, 8871, 8869, 8870",12
"8771",8771,"8671, 8571, 8670, 8672, 8769, 3041, 8971, 8872, 8773, 8772",10
"8772",8772,"2634, 8672, 8771, 2724, 8572, 8671, 156, 8972, 8873, 8774, 8872, 8773",12
"8773",8773,"8673, 8772, 8573, 8672, 8674, 8771, 8597, 8973, 8874, 8775, 8872, 8873",12
"8774",8774,"8674, 6653, 8574, 8675, 8772, 8875, 8776, 8874, 8775",9
"8775",8775,"1504, 8675, 8774, 8575, 8674, 8773, 8975, 8876, 8777, 8874, 8875, 8776",12
"8776",8776,"4651, 8676, 8775, 8576, 8675, 8677, 8774, 8976, 8877, 8778, 8875, 8876, 8777",13
"8777",8777,"8677, 8776, 3027, 8577, 5661, 8678, 8775, 9728, 8878, 8779, 8877, 8778",12
"8778",8778,"8678, 8777, 605, 3608, 8578, 8677, 8679, 8776, 9459, 8978, 8879, 8780, 8877, 9694, 8779",15
"8779",8779,"8748, 8679, 8778, 4835, 8579, 8678, 8680, 8777, 5508, 8979, 8880, 8878, 8879, 8780",14
"8780",8780,"8680, 8779, 993, 8580, 8679, 8681, 8778, 8980, 8881, 8782, 8879, 8781",12
"8781",8781,"8681, 8780, 8581, 8680, 8981, 8882, 8783, 8880, 8881, 8782",10
"8782",8782,"5841, 8682, 8781, 1511, 8582, 8683, 8780, 3365, 2820, 8982, 8784, 8881, 9430, 8979",14
"8783",8783,"8683, 5778, 8583, 8684, 8781, 9523, 8884, 9509, 8882, 9996, 8883, 8784",12
"8784",8784,"8684, 8783, 6935, 8584, 8685, 8782, 8984, 8885, 8786, 8883, 9734, 8884, 8785",13
"8785",8785,"3638, 8784, 337, 8585, 8684, 8686, 7592, 7364, 8985, 8886, 8787, 8884, 8786",13
"8786",8786,"8647, 8785, 6127, 6402, 8586, 8685, 8687, 8784, 9695, 8986, 8887, 8788, 8885, 8886, 8787",15
"8787",8787,"8687, 8786, 2888, 8587, 8686, 8688, 8785, 9232, 8987, 8888, 8789, 8886, 8887, 8788",14
"8788",8788,"8688, 8787, 843, 8588, 8687, 8689, 8786, 4389, 8889, 8790, 8887, 8888, 8789",13
"8789",8789,"8689, 8788, 8688, 8690, 8787, 8989, 8890, 8889, 8790",9
"8790",8790,"7139, 8789, 821, 8590, 8689, 8788, 7423, 9318, 8990, 8891, 8792, 8890",12
"8791",8791,"3324, 6952, 8591, 8690, 8692, 5740, 8793, 8891, 8792",9
"8792",8792,"8692, 8791, 8592, 8691, 8693, 8790, 8992, 8893, 8794, 8891, 8892, 8793",12
"8793",8793,"3792, 8792, 8593, 8694, 8791, 703, 8993, 8894, 8795, 8892, 9101, 8893",12
"8794",8794,"5333, 8694, 1120, 4391, 8693, 5027, 8792, 8677, 8994, 8895, 8796, 8893, 8795",13
"8795",8795,"8695, 8794, 2121, 8696, 8793, 8896, 8797, 8895, 8796",9
"8796",8796,"8696, 8795, 8596, 8695, 8794, 8996, 8897, 8798, 8895, 8896, 8797",11
"8797",8797,"3963, 8697, 8796, 821, 4461, 8597, 8696, 8698, 8795, 5164, 8997, 8898, 8799, 8896",14
"8798",8798,"8698, 5005, 8598, 8699, 8796, 8998, 8899, 8979, 8897, 8799",10
"8799",8799,"8699, 8798, 202, 5530, 6495, 7247, 8698, 8606, 8797, 8999, 8900, 8898, 8899, 8800",14
"8800",8800,"3932, 8799, 990, 1328, 3624, 8600, 8699, 8899, 8900",9
"8801",8801,"8701, 51, 1844, 4388, 8237, 8601, 8702, 2068, 9001, 8902, 8803",11
"8802",8802,"8702, 3748, 4801, 8602, 8703, 9002, 8903, 8804, 8901, 8902, 8803",11
"8803",8803,"8802, 4943, 8603, 8702, 8704, 8801, 9003, 8904, 8805, 8902, 8903, 8804",12
"8804",8804,"8704, 8803, 5574, 8604, 8703, 8705, 8802, 520, 9004, 8905, 8806, 8904, 8805",13
"8805",8805,"8587, 8705, 8804, 8605, 992, 1066, 8803, 9451, 9005, 8906, 8807, 8904, 8905, 8806",14
"8806",8806,"8706, 8805, 8606, 8705, 8707, 8804, 9006, 8907, 8808, 8905, 8807",11
"8807",8807,"8806, 344, 8607, 8706, 8805, 9007, 8908, 8809, 8906, 8907",10
"8808",8808,"8708, 760, 8608, 8707, 8709, 8806, 9008, 8909, 8810, 8907, 8908, 8809",12
"8809",8809,"8709, 8808, 6988, 8708, 8710, 8807, 2474, 1798, 9009, 8910, 8908, 8810",12
"8810",8810,"8710, 8809, 3868, 8610, 8709, 8711, 8808, 9010, 8911, 8812, 8909, 8910, 8811",13
"8811",8811,"8711, 8810, 7838, 8611, 8710, 8712, 3397, 7165, 9011, 8912",10
"8812",8812,"5405, 8712, 5344, 1087, 8612, 8711, 3367, 8810, 9012, 8913, 8814, 8911, 8912, 8813",14
"8813",8813,"4446, 8812, 8613, 8712, 5054, 9013, 8912, 8877, 8913, 8814",10
"8814",8814,"2492, 2779, 4078, 8384, 8714, 8813, 8614, 8715, 8812, 9014, 8915, 8816, 8913, 8815",14
"8815",8815,"8715, 8814, 5314, 7608, 8714, 8716, 9812, 8817, 8914, 8915, 8816",11
"8816",8816,"8716, 8815, 8616, 8715, 8717, 8814, 9016, 8917, 9716, 8915, 8916, 8817",12
"8817",8817,"8816, 339, 4214, 8617, 8716, 8718, 8815, 9539, 8918, 8819, 8916, 8917, 8818",13
"8818",8818,"3963, 8718, 8817, 2435, 8618, 8717, 8719, 3253, 8820, 8917",10
"8819",8819,"8719, 8619, 8718, 8720, 8817, 9019, 8920, 8821, 8918, 8820",10
"8820",8820,"8720, 8819, 9, 8620, 8719, 8721, 8818, 9020, 8921, 8822, 8919, 9813, 8920, 8821",14
"8821",8821,"2197, 8721, 8820, 8621, 8720, 8722, 8819, 9021, 8920, 8921",10
"8822",8822,"428, 8076, 3856, 3159, 4491, 8723, 8820, 333, 9022, 8923, 8824, 8921, 8837, 8922",14
"8823",8823,"5409, 8623, 8722, 8724, 5983, 9023, 8924, 8825, 8922, 8923, 8824",11
"8824",8824,"8724, 8823, 8624, 8723, 8822, 8925, 8826, 8923, 8825",9
"8825",8825,"8725, 8824, 6041, 8625, 8724, 8726, 8823, 5179, 9025, 8926, 8924, 8826",12
"8826",8826,"8726, 8825, 8626, 8564, 8727, 8824, 1386, 9026, 8828, 8925, 8926, 8827",12
"8827",8827,"4083, 8826, 702, 861, 8627, 184, 9027, 8928, 8829, 8926, 8927, 8828",12
"8828",8828,"2440, 6261, 8728, 8827, 8628, 8727, 8729, 8826, 8830, 9028, 8927, 8928, 8829",13
"8829",8829,"8729, 8828, 843, 8728, 8730, 8827, 9029, 8930, 8831, 8928, 8929, 8830",12
"8830",8830,"8451, 8829, 8630, 8729, 8731, 8828, 9030, 8931, 8929, 8930",10
"8831",8831,"8731, 4832, 8631, 1417, 8732, 8829, 3492, 8932, 8833, 8930, 8931, 8832",12
"8832",8832,"8732, 8831, 8632, 8731, 8733, 2375, 8933, 8834, 8931",9
"8833",8833,"8733, 4166, 8633, 8732, 8734, 8831, 9033, 8934, 8835, 8932, 8933, 8834",12
"8834",8834,"8734, 8833, 7606, 8634, 8735, 8832, 9034, 8935, 8836, 8933, 8934, 8835",12
"8835",8835,"5760, 8735, 8834, 5551, 8635, 8734, 8736, 8833, 8551, 8934, 8935, 8836",12
"8836",8836,"8736, 8835, 5380, 8737, 8834, 9036, 8937, 8838, 8935, 8936, 8837",11
"8837",8837,"8737, 8836, 8637, 8736, 927, 8822, 9300, 9037, 8938, 8839, 8936, 8838",12
"8838",8838,"8738, 8837, 7567, 8638, 8737, 8739, 8836, 2989, 9038, 8939, 9875, 8938, 8839",13
"8839",8839,"8739, 8838, 4862, 7379, 8430, 5704, 8738, 7018, 8837, 9039, 8940, 8841, 8938, 8939, 8840",15
"8840",8840,"8839, 8640, 8739, 9040, 8941, 8842, 8939, 8940, 8841",9
"8841",8841,"8741, 8840, 8641, 8740, 8742, 8839, 2000, 8525, 9041, 8942, 8843, 8941",12
"8842",8842,"8642, 8741, 8743, 8840, 8135, 8893, 9042, 8943, 8844, 8941, 8843",11
"8843",8843,"2275, 8842, 8742, 8841, 147, 9255, 8944, 8942, 8943, 8844",10
"8844",8844,"1611, 8843, 4146, 8644, 8743, 2578, 8842, 9044, 8945, 8846, 8943, 8944, 8845",13
"8845",8845,"8745, 8844, 5249, 7843, 8645, 8746, 7275, 8847, 9045, 8846",10
"8846",8846,"4400, 6579, 8746, 668, 8427, 8646, 8745, 8747, 8844, 8845, 9046, 8947, 8945",13
"8847",8847,"8747, 4451, 3051, 8647, 8746, 4574, 8845, 9047, 8948, 8849, 8848",11
"8848",8848,"1292, 8847, 5525, 8747, 4198, 7057, 9048, 8949, 8850, 8947, 8948",11
"8849",8849,"8749, 2163, 8649, 8748, 8750, 8847, 8632, 9049, 8950, 8948, 8949, 8850",12
"8850",8850,"8750, 8849, 8650, 8749, 8751, 8848, 9050, 8951, 8852, 8949, 8950, 8851",12
"8851",8851,"8850, 7331, 8651, 8750, 8752, 9051, 8952, 8853, 8950, 8951, 8852",11
"8852",8852,"8752, 8851, 8751, 8753, 8850, 9052, 8953, 8854, 8951, 8952",10
"8853",8853,"927, 8753, 7443, 1643, 8752, 8754, 8851, 9053, 8954, 8855, 8952, 8953, 8854",13
"8854",8854,"8754, 8853, 1391, 6919, 8753, 8852, 9054, 8955, 8856, 8953, 8954, 8855",12
"8855",8855,"6932, 8755, 8854, 6976, 8754, 8756, 8853, 3664, 9055, 8956, 8954, 8955, 8856",13
"8856",8856,"4017, 8855, 6332, 8667, 8755, 8757, 8854, 9056, 8957, 8858, 8955, 8956, 8857",13
"8857",8857,"3813, 8757, 8856, 7777, 8657, 8756, 8758, 7205, 9057, 8958, 8859, 8956, 8858",13
"8858",8858,"8758, 8857, 8658, 8757, 8759, 8856, 9058, 8959, 8860, 8958, 8859",11
"8859",8859,"8759, 8858, 6005, 6785, 8758, 8760, 8857, 9549, 9059, 8960, 8861, 8958, 8959, 8860",14
"8860",8860,"8760, 8859, 8660, 8759, 8761, 8858, 9060, 8961, 8862, 8959, 8960, 8861",12
"8861",8861,"8761, 8860, 8661, 8760, 8762, 8859, 8140, 9061, 8962, 8960, 8961, 8862",12
"8862",8862,"8762, 8861, 7033, 7595, 8662, 8763, 8860, 9062, 8864, 9549, 8962, 8863",12
"8863",8863,"8763, 8862, 1224, 8663, 8762, 8764, 8964, 8865, 8962, 8963, 8864",11
"8864",8864,"3674, 8764, 8863, 8664, 8763, 8765, 8862, 9064, 8965, 8866, 8963, 8964, 8865",13
"8865",8865,"8765, 8864, 8665, 3682, 8863, 9065, 8966, 8867, 8964, 8965, 8866",11
"8866",8866,"8766, 8865, 8666, 8765, 8767, 8864, 9066, 8868, 8965, 8966, 8867",11
"8867",8867,"8767, 8866, 8667, 8766, 8768, 8865, 9067, 9054, 8869, 8966, 8967, 8868",12
"8868",8868,"6837, 8867, 4102, 8668, 147, 8769, 8866, 9068, 8969, 8870, 8968, 8869",12
"8869",8869,"7583, 8868, 8669, 8768, 8770, 8867, 9069, 8970, 8871, 8968, 8969, 8870",12
"8870",8870,"223, 8770, 8869, 8670, 8769, 751, 8868, 9070, 8971, 8872, 8969, 9206, 8970, 8871",14
"8871",8871,"3220, 8870, 870, 7266, 8671, 8770, 8869, 496, 9071, 8972, 8970, 8872",12
"8872",8872,"8772, 8871, 8672, 8771, 8773, 8870, 9072, 8973, 8874, 8971, 8972",11
"8873",8873,"8773, 7714, 8673, 8772, 6661, 9073, 8974, 8875, 8972, 8973, 8874, 9657",12
"8874",8874,"8774, 8873, 8674, 8773, 8775, 8872, 5059, 9074, 8975, 8876, 8973, 8875",12
"8875",8875,"5694, 8775, 8874, 8458, 8675, 8776, 8873, 8774, 9075, 8976, 8877, 8974, 8975, 8876",14
"8876",8876,"8776, 8875, 1990, 8676, 8775, 5746, 8874, 8405, 9076, 8977, 8878, 8975, 9619, 8877",14
"8877",8877,"8777, 8876, 8677, 8776, 8778, 8813, 8875, 9077, 8978, 8879, 8976, 8878",12
"8878",8878,"8877, 7920, 8678, 8777, 8779, 8876, 9078, 8979, 8880, 8977, 8978, 8879",12
"8879",8879,"8779, 8878, 7268, 8778, 8780, 8877, 9079, 8980, 8881, 8978, 8979, 8880",12
"8880",8880,"935, 6741, 1684, 8879, 8680, 8779, 8781, 8878, 5626, 9080, 8981, 8979, 8980",13
"8881",8881,"81, 8781, 410, 8681, 8780, 8782, 8879, 8982, 8883, 8980, 8981, 8882",12
"8882",8882,"4811, 1567, 8881, 8682, 8781, 8783, 622, 2291, 9943, 9082, 8981, 8982, 8883",13
"8883",8883,"8783, 8882, 8683, 8784, 8881, 9083, 8984, 8885, 8982, 8884",10
"8884",8884,"3448, 8784, 8883, 1588, 1997, 8783, 8785, 9084, 8985, 8983, 9463, 8990, 8984, 8885",14
"8885",8885,"8884, 8685, 8784, 8786, 8883, 9736, 8986, 8887, 8984, 8985, 8886",11
"8886",8886,"8786, 8885, 7607, 8686, 8785, 8787, 4981, 9086, 8987, 8888, 8985, 8986, 8887",13
"8887",8887,"7451, 8787, 8886, 7832, 8687, 8786, 8788, 8885, 6075, 9087, 8988, 8889, 8987, 8888",14
"8888",8888,"8788, 8887, 7353, 8688, 8787, 4903, 8886, 2440, 8989, 8987, 8988, 8889",12
"8889",8889,"8789, 8888, 8689, 8788, 2119, 8887, 2954, 9089, 8990, 8988, 8989, 8890",12
"8890",8890,"8790, 8889, 8789, 4198, 9090, 8892, 8989, 8990, 8891",9
"8891",8891,"687, 8791, 8890, 8691, 8790, 8792, 4016, 9091, 8992, 8893, 8990, 8892",12
"8892",8892,"8044, 8792, 8891, 1377, 4620, 8692, 415, 8793, 8890, 4653, 8993, 8991, 8992, 8893",14
"8893",8893,"8793, 8892, 7078, 8693, 8792, 8794, 8891, 8842, 9093, 8994, 8895, 8992, 8993, 8894",14
"8894",8894,"8893, 1183, 8694, 8793, 5048, 5121, 5582, 9094, 8995, 8993, 8994, 8895",12
"8895",8895,"8795, 8894, 6362, 8794, 8796, 8893, 8519, 5541, 8326, 8996, 8897, 8995",12
"8896",8896,"8796, 8696, 8795, 8797, 5200, 9096, 8997, 8898, 8995, 8897",10
"8897",8897,"8896, 8796, 8798, 8895, 9097, 8998, 8899, 8997, 8898",9
"8898",8898,"7031, 8897, 8698, 8797, 8799, 8896, 9098, 8999, 8900, 8998, 9670",11
"8899",8899,"8799, 8798, 8800, 8897, 9099, 9000, 8998, 8999, 8900",9
"8900",8900,"8800, 8899, 8700, 8799, 8898, 9100, 8999, 9000",8
"8901",8901,"7730, 446, 8701, 8802, 9896, 9101, 8903, 9001, 8902",9
"8902",8902,"3196, 4146, 8802, 8901, 8702, 8801, 8803, 837, 9102, 9003, 8904, 9002, 8903",13
"8903",8903,"8803, 8902, 8703, 8802, 8901, 9103, 8905, 9002, 9003, 8904",10
"8904",8904,"8804, 8903, 8704, 8803, 8805, 8902, 9104, 9005, 8906, 9003, 9004, 8905",12
"8905",8905,"1782, 8805, 8904, 3563, 8705, 8804, 8806, 8903, 9105, 9006, 8907, 9004, 9005, 8906",14
"8906",8906,"5895, 7116, 6676, 8905, 5120, 8805, 8807, 8904, 9106, 9007, 8908, 9005, 9006, 8907",14
"8907",8907,"8807, 8906, 8707, 8806, 8808, 8905, 5867, 9107, 8909, 9006, 8959, 8908",12
"8908",8908,"8808, 8907, 8708, 8807, 8809, 8906, 9320, 9108, 8910, 9007, 9008, 8909",12
"8909",8909,"8908, 8709, 8808, 8810, 8907, 9109, 9010, 8911, 9008, 9009, 8910",11
"8910",8910,"1856, 8810, 8909, 3496, 8710, 8809, 8908, 9110, 9011, 8912, 9009, 9010, 8911",13
"8911",8911,"8910, 8302, 8711, 8810, 8812, 8909, 9111, 9012, 8913, 9010, 8953, 9011, 8912",13
"8912",8912,"7487, 8812, 8911, 8712, 8811, 8813, 8910, 2307, 9641, 9112, 8914, 9011, 9012, 8913",14
"8913",8913,"8813, 8912, 1624, 6118, 8713, 8812, 8814, 8911, 9014, 8915, 9012, 9013, 8914",13
"8914",8914,"4383, 8913, 2632, 8714, 4501, 8815, 8912, 4201, 9114, 9015, 9013, 9014, 8915",13
"8915",8915,"7871, 8815, 8914, 8715, 8814, 8816, 8913, 9115, 9016, 8917, 9014, 9015, 8916",13
"8916",8916,"1610, 8816, 8915, 8116, 8716, 517, 8817, 9116, 9017, 8918, 9015, 8917",12
"8917",8917,"2682, 8817, 8916, 4657, 8717, 8816, 8818, 8915, 9117, 9018, 9016, 9017, 8918",13
"8918",8918,"421, 8917, 8718, 8817, 8819, 8916, 9118, 9019, 8920, 9017, 9018, 8919",12
"8919",8919,"692, 8918, 2935, 8719, 8069, 8820, 9119, 9020, 8921, 9018",10
"8920",8920,"8820, 478, 8720, 8819, 8821, 8918, 9120, 8922, 9019, 9020, 8921",11
"8921",8921,"8821, 8920, 8820, 8822, 8919, 5523, 9121, 9022, 8923, 9020, 8922",11
"8922",8922,"8822, 8921, 8722, 7643, 8823, 8920, 2396, 9122, 9023, 9021, 9022, 8923",12
"8923",8923,"8823, 8922, 8723, 8822, 8824, 8921, 655, 9024, 8925, 9022, 9023, 8924",12
"8924",8924,"3835, 7708, 8923, 4627, 8823, 8825, 734, 9124, 8926, 9024, 8925",11
"8925",8925,"1336, 8924, 8725, 8824, 8826, 8923, 9125, 9026, 8927, 9024, 9025, 8926",12
"8926",8926,"3272, 8826, 8925, 8726, 8825, 8827, 8924, 9924, 9126, 9027, 8928, 9025, 9026, 8927",14
"8927",8927,"8827, 8926, 8727, 8828, 8925, 4082, 9127, 9028, 8929, 9026, 8928",11
"8928",8928,"8828, 8927, 8728, 8827, 8829, 8926, 8930, 8929",8
"8929",8929,"4255, 8829, 8928, 8729, 8830, 8927, 9129, 9030, 8931, 9028, 9029, 8930",12
"8930",8930,"8830, 8929, 8730, 8829, 8831, 8928, 7799, 9130, 9031, 8932, 9029, 9030",12
"8931",8931,"8831, 3628, 8830, 8832, 8929, 9131, 9032, 8933, 9030, 9031, 8932",11
"8932",8932,"3463, 3135, 8931, 8732, 8831, 8833, 8930, 4960, 9132, 9033, 8934, 9031",12
"8933",8933,"7076, 8833, 321, 8733, 8832, 8834, 8931, 9133, 9034, 8935, 9032, 9033, 8934",13
"8934",8934,"8834, 8933, 2869, 8734, 8833, 8835, 8932, 2432, 9134, 8936, 9033, 9034, 8935",13
"8935",8935,"3431, 4013, 5156, 8835, 8934, 501, 1726, 3065, 8735, 8834, 8836, 8933, 1998, 9135, 9036, 9034, 8936",17
"8936",8936,"8836, 8935, 8736, 8036, 8837, 8934, 8029, 9136, 9507, 8938, 9035, 9036",12
"8937",8937,"3975, 3548, 8737, 8836, 6351, 9137, 9038, 8939, 9036, 9037, 8938",11
"8938",8938,"8838, 8937, 8738, 8837, 8839, 8936, 8661, 9138, 9039, 8940, 9037, 9038, 8939",13
"8939",8939,"5272, 8839, 8938, 5895, 8739, 8838, 8840, 8937, 9139, 9040, 8941, 9039, 8940",13
"8940",8940,"2779, 8840, 8939, 8740, 8839, 8938, 9140, 9041, 8942, 9040, 8941",11
"8941",8941,"8841, 8940, 8840, 8842, 8939, 9141, 9042, 8943, 9040, 9041, 8942",11
"8942",8942,"8941, 8742, 8841, 8843, 8940, 9043, 8944, 9041, 9042, 8943",10
"8943",8943,"8843, 8942, 342, 2537, 8743, 8842, 8844, 8941, 9143, 9044, 8945, 9042, 9043, 8944",14
"8944",8944,"8844, 8943, 1930, 2113, 8744, 8843, 8942, 9144, 9045, 8946, 9043, 8945",12
"8945",8945,"2872, 8944, 8745, 8844, 8846, 8943, 9704, 9145, 9046, 8947, 9044, 8946",12
"8946",8946,"2708, 8945, 8746, 3080, 8944, 712, 9146, 8948, 9045, 9046, 8947",11
"8947",8947,"8946, 8747, 8846, 8848, 8945, 2734, 9147, 9048, 8949, 9047",10
"8948",8948,"4680, 8848, 6682, 8748, 8847, 8849, 8946, 3805, 4197, 9049, 9047, 9048, 8949",13
"8949",8949,"987, 3639, 8849, 8948, 6189, 8749, 8848, 8850, 8947, 6042, 9050, 8951, 9049, 8950",14
"8950",8950,"7886, 8850, 8949, 8750, 8849, 8851, 2853, 9150, 9051, 8952, 9049, 8951",12
"8951",8951,"2044, 8851, 8950, 8751, 8850, 8852, 8949, 7566, 9151, 8953, 9051, 8952",12
"8952",8952,"8852, 8951, 960, 8223, 8752, 8851, 8853, 8950, 9152, 9053, 8954, 9051, 9052, 8953",14
"8953",8953,"8853, 8952, 6630, 8753, 8852, 8854, 8951, 8911, 9153, 9054, 8955, 9052, 8954",13
"8954",8954,"6506, 8854, 8953, 316, 8754, 8853, 8855, 8952, 7856, 5536, 9479, 9154, 9055, 9054, 8955",15
"8955",8955,"4731, 8855, 8954, 1647, 8755, 8854, 8856, 8953, 9056, 8957, 8956",11
"8956",8956,"8856, 8955, 1857, 8756, 8855, 8857, 2237, 9057, 9055, 9712",10
"8957",8957,"7870, 8757, 8856, 3703, 8955, 687, 8959, 9056, 9057, 9424",10
"8958",8958,"8858, 7797, 8857, 8859, 9158, 9059, 8960, 9057, 9745, 9058, 8959",11
"8959",8959,"1571, 5806, 8859, 8907, 8958, 1130, 4297, 7860, 8759, 8858, 8860, 8957, 9159, 9060, 8961, 9058, 9059, 8960",18
"8960",8960,"992, 8860, 8959, 8760, 8859, 8861, 8958, 9160, 9061, 8962, 9059, 9060, 8961",13
"8961",8961,"772, 8861, 8960, 5078, 8761, 8860, 8959, 3323, 7398, 8963, 9060, 9061, 8962",13
"8962",8962,"8862, 8961, 8242, 8762, 8861, 8863, 8960, 9162, 9063, 8964, 9061, 8963",12
"8963",8963,"8863, 8962, 8763, 971, 8864, 8961, 9163, 9064, 8965, 9062, 9063, 8964",12
"8964",8964,"8864, 8963, 8764, 8863, 8865, 8962, 9164, 9065, 8966, 9063, 9064, 8965",12
"8965",8965,"2026, 7509, 8865, 8964, 8765, 8864, 8866, 8963, 1090, 9682, 9165, 9066, 9064, 9065, 8966",15
"8966",8966,"8866, 8965, 8766, 8865, 8867, 8964, 9166, 9067, 8968, 9065, 9066, 8967",12
"8967",8967,"8867, 8966, 1084, 8767, 8637, 5387, 332, 9654, 9167, 9068, 8969, 9067, 8968",13
"8968",8968,"8868, 8967, 8768, 8869, 8966, 9168, 9069, 8970, 9067, 9068, 8969",11
"8969",8969,"6319, 8869, 8968, 3809, 8769, 8868, 8870, 8967, 9169, 9070, 8971, 9068, 9069, 8970",14
"8970",8970,"8870, 8969, 8770, 8869, 8871, 8968, 6059, 9170, 9071, 9069, 9070, 8971",12
"8971",8971,"1754, 8970, 8771, 8870, 8872, 8969, 9171, 9072, 9070, 9071, 8972",11
"8972",8972,"500, 8576, 8872, 8971, 3700, 8772, 8871, 8873, 8499, 9172, 9725, 9071, 9072",13
"8973",8973,"2946, 8873, 739, 4467, 8773, 8872, 8874, 9173, 9074, 8975, 9628, 9073, 8974",13
"8974",8974,"8973, 1986, 8873, 8875, 3380, 1388, 5115, 9691, 9075, 8976, 9074, 8975",12
"8975",8975,"8875, 8974, 3916, 8775, 8874, 8876, 8973, 9175, 9076, 8977, 9074, 9075, 8976",13
"8976",8976,"8975, 957, 3295, 6563, 8776, 8875, 8877, 8974, 9176, 9077, 8978, 9075, 9076",13
"8977",8977,"8321, 245, 7490, 902, 4264, 6763, 8876, 8878, 8975, 5016, 9767, 9078, 8979, 9076, 9374, 9077, 8978",17
"8978",8978,"8878, 8977, 8676, 8778, 8877, 8879, 8976, 9077, 9178, 9277, 9079, 9078, 8979",13
"8979",8979,"5826, 8782, 8879, 8978, 8779, 8798, 8878, 8880, 8977, 9179, 9080, 8981, 9079",13
"8980",8980,"8880, 4093, 8340, 8780, 8879, 8881, 6260, 9776, 9180, 8982, 9079, 9928, 9080, 8981",14
"8981",8981,"1752, 7006, 7678, 8881, 8980, 3841, 8781, 8880, 8882, 8979, 9082, 8983, 9080, 9081",14
"8982",8982,"8882, 3730, 638, 1500, 8782, 8881, 8883, 8980, 2194, 9182, 9083, 8984, 9082",13
"8983",8983,"5529, 4896, 6094, 8644, 6449, 8884, 8981, 1452, 9183, 9084, 9082, 9083, 8984",13
"8984",8984,"8884, 8983, 15, 8033, 8784, 8883, 8885, 8982, 2867, 9184, 9083, 9084, 8985",13
"8985",8985,"8885, 8984, 5981, 6744, 8785, 8884, 8886, 9086, 9084",9
"8986",8986,"8886, 5827, 932, 8567, 8786, 8885, 5732, 9186, 9087, 8988, 9085, 8987",12
"8987",8987,"4706, 8887, 8986, 6151, 8787, 8886, 8888, 2623, 9187, 9088, 8989, 9086, 9087, 8988",14
"8988",8988,"8888, 8987, 6848, 3890, 5162, 8887, 8889, 8986, 9188, 9089, 8990, 9087, 9088, 8989",14
"8989",8989,"1118, 8889, 8988, 8789, 8888, 8890, 8987, 3846, 9090, 8991, 9089",11
"8990",8990,"8890, 8884, 4802, 8790, 8889, 8891, 8988, 8992, 9089, 9090, 8991",11
"8991",8991,"8990, 5998, 8892, 8989, 9191, 9092, 8993, 9090, 9091",9
"8992",8992,"8892, 275, 8792, 8891, 8893, 8990, 9093, 8994, 9091",9
"8993",8993,"2732, 8893, 5722, 5462, 8793, 8892, 8894, 8991, 9193, 9094, 8995, 9092, 9093, 8994",14
"8994",8994,"8894, 8993, 8794, 8893, 8992, 7467, 7520, 9603, 9194, 9095, 8996, 8995",12
"8995",8995,"8895, 8994, 150, 8894, 8896, 8993, 9096, 8997, 9094, 9095, 8996",11
"8996",8996,"8995, 8796, 8895, 8994, 9563, 9196, 9097, 8998, 9095, 9096, 8997",11
"8997",8997,"4464, 4680, 8897, 8996, 8797, 8896, 8995, 9197, 9098, 8999, 9096, 9097, 8998",13
"8998",8998,"8898, 8997, 5090, 6023, 8798, 8897, 8899, 8996, 3070, 7976, 3603, 9000, 9097, 9098",14
"8999",8999,"676, 8899, 3438, 8799, 8898, 8900, 8997, 9199, 9100, 9099, 9000",11
"9000",9000,"8900, 8999, 3983, 8899, 8998, 231, 9099, 9100",8
"9001",9001,"6661, 8901, 8801, 7592, 3137, 9102, 9003, 9053, 9002",9
"9002",9002,"8902, 9001, 8802, 1993, 8903, 9832, 9202, 9103, 9004, 9101, 9102, 9003",12
"9003",9003,"8903, 9002, 8803, 8902, 8904, 9001, 9203, 9104, 9005, 9102, 9103, 9004",12
"9004",9004,"8904, 9003, 275, 517, 5854, 8804, 1738, 8905, 9002, 1956, 9204, 9105, 9103, 9104, 9005",15
"9005",9005,"8905, 9004, 1493, 8805, 8904, 8906, 9003, 9205, 9106, 9007, 9104, 9105, 9006",13
"9006",9006,"8906, 9005, 8806, 8905, 8907, 9206, 9107, 9008, 9105, 9106, 9007",11
"9007",9007,"9006, 8807, 8906, 8908, 9005, 9207, 9108, 9009, 9107, 9008",10
"9008",9008,"8908, 9007, 5772, 8808, 8909, 9006, 86, 9208, 9010, 9107, 9108, 9009",12
"9009",9009,"2190, 8909, 9008, 7728, 8809, 2540, 8910, 9007, 2666, 7062, 9209, 9108, 9109, 9010",14
"9010",9010,"130, 133, 8910, 9009, 6688, 8810, 8909, 8911, 9008, 9210, 9111, 9012, 9109, 9110, 9011",15
"9011",9011,"8911, 9010, 2792, 8811, 8910, 8912, 9211, 9112, 9013, 9110, 9111, 9012",12
"9012",9012,"8912, 9011, 4040, 8812, 8911, 8913, 9010, 6202, 9212, 9113, 9014, 9111",12
"9013",9013,"8913, 8813, 8914, 9011, 9213, 9114, 9015, 9112, 9014",9
"9014",9014,"8914, 9013, 6429, 8814, 8915, 9012, 8913, 9214, 9115, 9016, 9113, 9114, 9015",13
"9015",9015,"8915, 9014, 4008, 8914, 8916, 9013, 354, 9494, 9215, 9285, 9114",11
"9016",9016,"4252, 5881, 8816, 8915, 8917, 9014, 9216, 9117, 9018, 9115, 9116, 9017",12
"9017",9017,"8917, 9016, 3220, 4693, 8916, 8918, 9217, 9118, 9019, 9116, 9117, 9018",12
"9018",9018,"8918, 9017, 2712, 8917, 8919, 9016, 560, 7671, 9218, 9119",10
"9019",9019,"5353, 7858, 6500, 8819, 8918, 8920, 9017, 9219, 9120, 9021, 9118, 9119, 9020",13
"9020",9020,"8920, 9019, 8820, 8919, 8921, 9121, 9119, 9307, 9120, 9021",10
"9021",9021,"9020, 8821, 2005, 8922, 9019, 6248, 9122, 9120, 9121, 9022",10
"9022",9022,"8922, 9021, 8822, 8921, 8923, 2054, 1126, 9123, 9024, 9122",10
"9023",9023,"8923, 6069, 234, 8823, 8922, 8117, 9124, 9025, 9122, 9123, 9024",11
"9024",9024,"8924, 9023, 4593, 8923, 8925, 9022, 9224, 9125, 9026, 9123, 9025",11
"9025",9025,"8925, 9024, 8825, 5981, 8926, 9023, 9225, 9126, 9027, 9884, 9125, 9026",12
"9026",9026,"7302, 8926, 9025, 2506, 8826, 8925, 8927, 9024, 2741, 4115, 9226, 9127, 9027",13
"9027",9027,"9026, 55, 2243, 8827, 8926, 6860, 9025, 9227, 9128, 9029, 9126, 9127, 9028",13
"9028",9028,"3885, 9027, 5175, 6573, 6860, 8761, 8828, 8927, 8929, 8064, 9228, 9129, 9422, 9127, 9128, 9029",16
"9029",9029,"8929, 9028, 8829, 8687, 8930, 9027, 2350, 9229, 9130, 9031, 9129, 9030",12
"9030",9030,"8930, 9029, 8830, 8929, 8931, 9131, 9032, 9129, 9130, 9031",10
"9031",9031,"8931, 9030, 7605, 8930, 8932, 9029, 1652, 9132, 9033, 9130, 9131, 9032",12
"9032",9032,"9031, 3147, 2823, 8931, 8933, 9030, 8521, 9232, 9133, 9034, 9131, 9132, 9033",13
"9033",9033,"8933, 9032, 1116, 8833, 8932, 8934, 9031, 8749, 9947, 9233, 9134, 9035, 9132, 9133",14
"9034",9034,"96, 3728, 8934, 3822, 8834, 8933, 8935, 9032, 4361, 9234, 9036, 9133, 9035",13
"9035",9035,"9034, 8936, 9033, 6785, 6766, 9136, 9037, 9135, 9036",9
"9036",9036,"8936, 9035, 8836, 8935, 8937, 9034, 9236, 9137, 9038, 9135, 9136, 9037",12
"9037",9037,"8937, 9036, 8837, 8938, 9035, 6728, 9138, 9039, 9137, 9038",10
"9038",9038,"5089, 8938, 9037, 3201, 8838, 8937, 4454, 9036, 1074, 9139, 9040, 9137, 9039",13
"9039",9039,"1892, 8939, 9038, 8839, 8938, 4133, 9037, 9239, 9140, 9041, 9138, 9139",12
"9040",9040,"8940, 6441, 8840, 8939, 8941, 9038, 1173, 9240, 9141, 9139, 9140",11
"9041",9041,"8941, 4794, 8841, 8940, 8942, 9039, 9241, 9043, 9140, 9141, 9042",11
"9042",9042,"4489, 8942, 9041, 8842, 8941, 8943, 4190, 1375, 9242, 9143, 9044, 9141, 9043",13
"9043",9043,"8943, 9042, 8942, 8944, 9041, 9243, 9144, 9045, 9142, 9143, 9044",11
"9044",9044,"7437, 5637, 9043, 6290, 8844, 8943, 8945, 9042, 9145, 9143, 9144, 9045",12
"9045",9045,"5012, 7179, 9044, 8845, 8944, 8946, 9043, 4452, 9245, 9146, 9047, 9144, 9145, 9046",14
"9046",9046,"8946, 9045, 1053, 3645, 8704, 8846, 8945, 6616, 5818, 9246, 9147, 9048, 9145, 9146, 9047",15
"9047",9047,"6205, 8947, 9046, 8847, 8948, 9045, 4994, 7241, 9485, 9148, 9146, 9147, 9048",13
"9048",9048,"8948, 9047, 8848, 8947, 9046, 9149, 9050, 9147, 9148, 9049",10
"9049",9049,"8949, 9048, 4745, 8849, 8948, 8950, 9249, 9150, 9051, 9148, 9149, 9050",12
"9050",9050,"9049, 8850, 8949, 9048, 9250, 9151, 9052, 9149, 9051",9
"9051",9051,"8951, 9050, 8851, 8950, 8952, 9049, 2716, 9251, 9152, 9053, 9150, 9151",12
"9052",9052,"501, 6128, 8952, 2886, 8852, 171, 8953, 9050, 9128, 9260, 9252, 9153, 9054, 9151, 9152",15
"9053",9053,"7385, 9001, 1757, 2215, 8853, 8952, 9051, 1778, 9154, 9055, 9152, 9054",12
"9054",9054,"8954, 9053, 8854, 8867, 8953, 9052, 5002, 9748, 9155, 9056, 9153, 9154, 9055",13
"9055",9055,"8397, 9054, 8023, 8855, 8954, 8956, 9053, 9255, 9156, 9154, 9155, 9056",12
"9056",9056,"9055, 6284, 8856, 8955, 8957, 9054, 3238, 7936, 9157, 9058, 9156, 9057",12
"9057",9057,"8957, 9056, 2559, 8857, 8956, 8958, 1877, 9257, 9158, 9156, 9157, 9058",12
"9058",9058,"8958, 9057, 8858, 7253, 8959, 9056, 2522, 9258, 9159, 9060, 9157, 9059",12
"9059",9059,"8959, 9058, 8859, 8958, 8960, 3831, 9259, 9160, 9061, 9158, 9159, 9060",12
"9060",9060,"8455, 8960, 9059, 5400, 8860, 8959, 8961, 9058, 8189, 9260, 9062, 9061",12
"9061",9061,"880, 8961, 9060, 8861, 8960, 8962, 9059, 9261, 9162, 9063, 9160, 9161",12
"9062",9062,"2207, 6660, 477, 8862, 8963, 9060, 9262, 9163, 9161, 9162, 9063",11
"9063",9063,"8963, 9062, 6975, 8962, 8964, 9061, 6845, 9065, 9162, 9064",10
"9064",9064,"8964, 9063, 8864, 8963, 8965, 1138, 1296, 3624, 9165, 9163, 9164, 9065",12
"9065",9065,"8965, 9064, 5494, 7360, 8865, 8964, 8966, 9063, 9265, 9166, 9067, 9164, 9466, 9165, 9066",15
"9066",9066,"5550, 8966, 9065, 8866, 8965, 7300, 9266, 9167, 9068, 9165, 9701",11
"9067",9067,"8967, 8867, 8966, 8968, 9065, 2423, 9267, 9168, 9069, 9166, 9167",11
"9068",9068,"8968, 6609, 8868, 8967, 8969, 9066, 9268, 9070, 9167, 9168",10
"9069",9069,"8969, 3267, 8869, 8968, 8970, 9067, 9269, 9170, 9071, 9168, 9070",11
"9070",9070,"8970, 8870, 8969, 8971, 9068, 9069, 9270, 9171, 9072, 9169, 9170, 9071",12
"9071",9071,"8971, 9070, 5571, 8871, 8970, 8972, 9069, 338, 9172, 9073, 9170, 9171, 9072",13
"9072",9072,"8972, 9071, 8872, 8971, 4944, 9070, 5522, 9272, 9171, 9172, 9073",11
"9073",9073,"8973, 9072, 8873, 9071, 9273, 9172, 9173, 9074",8
"9074",9074,"8974, 9073, 8874, 8973, 8975, 9175, 9076, 9173, 9174",9
"9075",9075,"8975, 2568, 8875, 8974, 8976, 7850, 9275, 9176, 9077, 9175, 9076",11
"9076",9076,"6665, 8976, 9075, 3602, 8876, 8975, 8977, 9074, 9276, 9177, 9078, 9175, 9176, 9077",14
"9077",9077,"8977, 9076, 2072, 2848, 8877, 8976, 8978, 9075, 9277, 9178, 9079, 9176, 9177, 9078",14
"9078",9078,"8978, 9077, 8878, 8977, 9076, 7830, 9179, 9080, 9177, 9178, 9079",11
"9079",9079,"7026, 8979, 9078, 8252, 8879, 8978, 8980, 9077, 9279, 9180, 9081, 9179, 9080",13
"9080",9080,"8980, 9079, 6900, 7346, 8880, 8979, 8981, 9078, 9280, 9181, 9082, 9179, 9180, 9081",14
"9081",9081,"8981, 9080, 3654, 9079, 3998, 9377, 9281, 9182, 9083, 9181, 9082",11
"9082",9082,"8982, 9081, 8882, 8983, 9080, 8981, 9181, 9282, 9183, 9182, 9083",11
"9083",9083,"8983, 9082, 8883, 8982, 8984, 9081, 1700, 1935, 9832, 9085, 9183",11
"9084",9084,"8984, 8765, 3321, 8884, 8983, 8985, 9704, 9284, 9185, 9086, 9183, 9184",12
"9085",9085,"4530, 1540, 4281, 2317, 5906, 8986, 9083, 2350, 7036, 9285, 9186, 9087",12
"9086",9086,"6180, 6795, 2335, 2776, 5060, 8886, 8985, 8987, 9084, 1352, 9286, 9187, 9088, 9185, 9087",15
"9087",9087,"1769, 8987, 9086, 5788, 8887, 8986, 8988, 9085, 9287, 9188, 9089, 9186, 9337, 9187, 9088",15
"9088",9088,"1283, 3461, 7087, 8988, 9087, 1031, 8130, 8987, 1209, 9086, 9288, 9189, 9090, 9187, 9188",15
"9089",9089,"8989, 8671, 8889, 8988, 8990, 9087, 9289, 9190, 9091, 9188, 9189",11
"9090",9090,"8990, 8489, 8890, 8989, 8991, 9088, 2329, 9290, 9092, 9189",10
"9091",9091,"8991, 7678, 8891, 3550, 8992, 9089, 9291, 9093, 9190, 9191, 9092",11
"9092",9092,"2033, 1328, 9091, 8991, 8993, 9090, 1390, 9292, 9193, 9191, 9192, 9093",12
"9093",9093,"8993, 9092, 8893, 8992, 9091, 6073, 9194, 9095, 9192, 9193",10
"9094",9094,"7231, 4915, 5362, 8894, 8993, 8995, 30, 2210, 1552, 9096, 9194, 9095",12
"9095",9095,"8995, 9094, 8351, 8994, 8996, 9093, 5467, 9295, 9196, 9097",10
"9096",9096,"8996, 3963, 6025, 8896, 8995, 8997, 9094, 9296, 9197, 9098, 9195, 9196",12
"9097",9097,"8997, 8897, 8996, 8998, 9095, 9297, 9198, 9099, 9196, 9197, 9098, 9893",12
"9098",9098,"8998, 9097, 532, 8898, 8997, 3406, 9096, 9298, 9199, 9100, 9197, 9198, 9099",13
"9099",9099,"8999, 9098, 3453, 8899, 9000, 9097, 9299, 9198, 9199, 9100",10
"9100",9100,"9000, 9099, 5322, 8377, 8900, 8999, 9098, 9300, 9200",9
"9101",9101,"5888, 7020, 6758, 8793, 8901, 9002, 5760, 9301, 9202, 9103, 9201",11
"9102",9102,"9002, 7050, 595, 6651, 4173, 8902, 9001, 9003, 9302, 9203, 9104, 9201, 9202, 9103",14
"9103",9103,"9003, 9102, 8903, 9002, 9004, 9101, 9303, 9204, 9105, 9202, 9203, 9104",12
"9104",9104,"9004, 9103, 8904, 9003, 9005, 9102, 9304, 9205, 9106, 9105",10
"9105",9105,"7772, 9005, 9104, 3368, 8905, 9004, 9006, 9103, 7044, 5330, 9294, 9305, 9206, 9107, 9892",15
"9106",9106,"9006, 8906, 9005, 3045, 9104, 9306, 9207, 9108, 9205, 9206, 9107",11
"9107",9107,"873, 9007, 9106, 7165, 8907, 9006, 9008, 9105, 9307, 9208, 9109, 9206, 9207, 9108",14
"9108",9108,"9008, 9107, 8908, 9007, 9009, 9106, 9308, 9209, 9110, 9207, 9208, 9109",12
"9109",9109,"9009, 9108, 8909, 9010, 9107, 9309, 9210, 9111, 9208, 9209, 9110",11
"9110",9110,"9010, 9109, 8910, 9011, 9108, 741, 9310, 9112, 9209, 9210, 9111",11
"9111",9111,"9011, 9110, 1460, 8911, 9010, 9012, 9109, 9311, 9212, 9113, 9210, 9211, 9112",13
"9112",9112,"6406, 9111, 8912, 9011, 9013, 9110, 9312, 9213, 9114, 9212, 9113",11
"9113",9113,"5114, 9112, 9012, 9014, 9111, 3049, 9219, 9313, 9214, 9115, 9213, 9114",12
"9114",9114,"3773, 6956, 8086, 9014, 9113, 8914, 9013, 9015, 9112, 7766, 9314, 9215, 9116, 9214, 9115",15
"9115",9115,"6118, 5630, 9114, 3460, 8693, 8915, 9014, 9016, 9113, 9315, 9216, 9214, 9215, 9116",14
"9116",9116,"5610, 4846, 6911, 9016, 9115, 2256, 3533, 8916, 9017, 9114, 9316, 9217, 9118, 9215, 9117",15
"9117",9117,"2986, 6758, 9017, 9116, 3392, 8917, 9016, 1665, 6682, 9317, 9218, 9119, 9217, 9118",14
"9118",9118,"9117, 8918, 9017, 9019, 9116, 7992, 917, 9219, 9120, 9218, 9119",11
"9119",9119,"9019, 9118, 7139, 8919, 9018, 9020, 9117, 9319, 9220, 9121, 9218",11
"9120",9120,"9020, 430, 8920, 9019, 9021, 9118, 9320, 9221, 9122, 9219, 9220, 9121",12
"9121",9121,"9021, 9120, 8921, 9020, 9119, 9321, 9222, 9123, 9220, 9221, 9122",11
"9122",9122,"9022, 9121, 8922, 9021, 9023, 9120, 5283, 9322, 9124, 9221, 9222, 9123",12
"9123",9123,"9023, 9122, 5376, 9022, 9024, 9121, 4549, 9224, 9125, 9222, 9223, 9124",12
"9124",9124,"298, 9123, 8924, 9023, 9122, 2113, 9324, 9225, 9224, 9125",10
"9125",9125,"9025, 9124, 8925, 9024, 9123, 7917, 9226, 9127, 9224, 9225, 9126",11
"9126",9126,"9125, 4355, 4988, 8926, 9025, 9027, 9226, 9326, 9225, 9127",10
"9127",9127,"9027, 9126, 8927, 9026, 9028, 9125, 9327, 9129, 9226, 9227",10
"9128",9128,"623, 9028, 2813, 9027, 9052, 9328, 9229, 9130, 9227, 9228, 9129",11
"9129",9129,"4784, 9029, 9128, 1782, 2905, 914, 7480, 8929, 9028, 9030, 9127, 9329, 9230, 9131, 9228, 9285, 9130",17
"9130",9130,"224, 9030, 9129, 8930, 9029, 9031, 9128, 9330, 9231, 9132, 9229, 9230, 9131",13
"9131",9131,"9031, 9130, 8931, 9030, 9032, 9129, 1826, 9331, 9232, 9133, 9231, 9132",12
"9132",9132,"4930, 9032, 9131, 8932, 9031, 9033, 9130, 2994, 9233, 9134, 9231, 9232, 9133",13
"9133",9133,"9033, 9132, 8933, 9032, 9034, 9131, 897, 8012, 9234, 9135, 9134",11
"9134",9134,"7833, 9133, 2179, 6173, 8934, 9033, 9132, 3971, 3551, 9235, 9136, 9234, 9135",13
"9135",9135,"9035, 9134, 8935, 9036, 9133, 5497, 9136, 9335, 9236, 9137",10
"9136",9136,"9036, 9135, 1676, 8936, 9035, 9134, 165, 9336, 9237, 9138, 9235, 9236",12
"9137",9137,"9037, 3955, 8937, 9036, 9038, 9135, 9337, 9238, 9139, 9236, 9138",11
"9138",9138,"9137, 6296, 8938, 9037, 9039, 9136, 5460, 9338, 9239, 9237, 9238, 9139",12
"9139",9139,"3728, 9039, 9138, 8939, 9038, 9040, 9137, 9339, 9240, 9141, 9238, 9239",12
"9140",9140,"9040, 3129, 612, 3176, 8940, 9039, 9041, 9340, 9142, 9239, 9141",11
"9141",9141,"9041, 9140, 8941, 9040, 9042, 9139, 9341, 9242, 9143, 9240, 9241, 9142",12
"9142",9142,"9141, 1376, 5096, 4688, 9043, 9140, 9342, 9243, 9144, 9241, 9242, 9143",12
"9143",9143,"1652, 9043, 9142, 904, 8943, 9042, 9044, 9141, 9343, 9244, 9145, 9242, 9243, 9144",14
"9144",9144,"9044, 9143, 8944, 9043, 9045, 9142, 3573, 5322, 9146, 9244, 9145",11
"9145",9145,"9045, 9144, 1264, 5651, 8945, 9044, 9046, 9143, 2383, 9795, 9345, 9147, 9244, 9245, 9146",15
"9146",9146,"7278, 9046, 9145, 7967, 8946, 9045, 9047, 9144, 9346, 9247, 9148, 9245, 9246, 9147",14
"9147",9147,"1906, 9047, 9146, 1807, 8947, 9046, 9048, 9145, 9347, 9248, 9149, 9246, 9247, 9148",14
"9148",9148,"9048, 9147, 4734, 6791, 9047, 9049, 9146, 7500, 9348, 9247, 9248, 9149",12
"9149",9149,"680, 9049, 9148, 2598, 8163, 9048, 9050, 9147, 9349, 9250, 9151, 9248, 9249, 9150",14
"9150",9150,"2317, 1026, 9149, 8950, 9049, 9051, 4627, 9251, 9152, 9249, 9250, 9151",12
"9151",9151,"9051, 9150, 8951, 9050, 9052, 9149, 9351, 9252, 9153, 9250, 9251, 9152",12
"9152",9152,"9052, 9151, 8952, 9051, 9053, 9150, 9352, 9253, 9154, 9251, 9252, 9153",12
"9153",9153,"9152, 1528, 8953, 9052, 9054, 9151, 1994, 9353, 9254, 9155, 9252, 9253",12
"9154",9154,"9054, 8636, 8954, 9053, 9055, 9152, 6728, 9957, 9354, 9255, 9156, 9254, 9155",13
"9155",9155,"9055, 9154, 6427, 9054, 9153, 9355, 9256, 9157, 9254, 9255, 9156",11
"9156",9156,"9056, 9155, 6983, 9055, 9057, 9154, 158, 9356, 9158, 9255, 9256",11
"9157",9157,"9057, 5812, 9056, 9058, 9155, 9357, 9258, 9159, 9256, 9257, 9158",11
"9158",9158,"9157, 8958, 9057, 9059, 9156, 9752, 9259, 9160, 9257, 9792, 9258, 9159",12
"9159",9159,"9059, 9158, 689, 8959, 9058, 9157, 9681, 9161, 9258, 9259, 9160",11
"9160",9160,"6782, 9159, 8960, 9059, 9061, 9158, 9360, 9261, 9162, 9259, 9525, 9260",12
"9161",9161,"9061, 1043, 6286, 5544, 9062, 9159, 9361, 9262, 9163, 9260, 9162",11
"9162",9162,"9062, 9161, 8962, 9061, 9063, 9160, 9362, 9263, 9164, 9261, 9163",11
"9163",9163,"9162, 8963, 9062, 9064, 9161, 3124, 9667, 9363, 9264, 9165, 9262, 9263",12
"9164",9164,"9064, 3717, 7475, 8964, 4298, 9065, 9162, 3805, 9364, 9265, 9263, 9165",12
"9165",9165,"1322, 9065, 9164, 8965, 9064, 9066, 9163, 5334, 9365, 9266, 9167, 9265, 9166",13
"9166",9166,"8642, 9165, 8966, 9065, 9067, 1281, 9366, 9267, 9168, 9265, 9266",11
"9167",9167,"9067, 4405, 8967, 9066, 9068, 9165, 9367, 9268, 9169, 9266, 9267, 9168",12
"9168",9168,"7050, 7232, 7312, 8641, 9068, 9167, 7996, 8968, 9067, 9069, 9166, 9368, 9269, 9170, 9267, 9268, 9169",17
"9169",9169,"9168, 8969, 8239, 9070, 9167, 576, 9692, 9270, 9171, 9268, 9269, 9170",12
"9170",9170,"9070, 9169, 6108, 8970, 9069, 9071, 9168, 9171, 9370, 9172",10
"9171",9171,"6727, 9071, 9170, 8971, 9070, 9072, 9169, 9371, 9272, 9173, 9270, 9271, 9172",13
"9172",9172,"6984, 9072, 9171, 8972, 9071, 9073, 9170, 9372, 9273, 9174, 9173",11
"9173",9173,"9073, 9172, 8973, 6539, 9074, 9171, 9174, 9373, 9274, 9272",10
"9174",9174,"9074, 9173, 7534, 8021, 1279, 9172, 9374, 9275, 9176, 9273, 9175",11
"9175",9175,"839, 3559, 9075, 9174, 8975, 9074, 9076, 6734, 9274, 9375, 9276, 9275",12
"9176",9176,"9076, 8976, 9075, 9077, 9174, 4648, 1967, 9376, 9277, 9276, 9177, 9834",12
"9177",9177,"9077, 9176, 9076, 9078, 1605, 1301, 9179, 9276, 9277, 9178",10
"9178",9178,"9078, 9177, 8978, 9077, 6327, 9378, 9279, 9180, 9277, 9278, 9179",11
"9179",9179,"8051, 9079, 9178, 8979, 9078, 9080, 9177, 9379, 9280, 9181, 9278, 9180",12
"9180",9180,"5480, 5897, 9080, 9179, 8980, 9079, 9178, 4525, 9281, 9182, 9280, 9181",12
"9181",9181,"2858, 1592, 9081, 9180, 9080, 9082, 9179, 1737, 9488, 9381, 9282, 9280, 9281, 9182",14
"9182",9182,"9082, 9181, 8982, 9081, 9180, 8464, 9382, 9283, 9184, 9282, 9183",11
"9183",9183,"9083, 9182, 3406, 8983, 9082, 9084, 7043, 9383, 9185, 9282, 9283, 9184",12
"9184",9184,"1888, 9084, 9183, 2925, 8984, 9182, 9285, 9186, 9185",9
"9185",9185,"9184, 993, 9084, 9086, 9183, 1287, 9385, 9286, 9284, 9285",10
"9186",9186,"7867, 4188, 1577, 3032, 8417, 8986, 9085, 9087, 9184, 9287, 9188, 9285, 9286, 9187",14
"9187",9187,"9087, 9186, 8987, 9086, 9088, 1176, 9387, 9288, 9287, 9188",10
"9188",9188,"9088, 9187, 1287, 5464, 8988, 9087, 9089, 9186, 9388, 9289, 9190, 9287, 9288, 9189",14
"9189",9189,"9089, 9188, 5165, 9088, 9090, 6062, 9389, 9290, 9191, 9288, 9190",11
"9190",9190,"4412, 9189, 7929, 8671, 6443, 9089, 9091, 9188, 9390, 9291, 9192, 9289, 9290, 9191",14
"9191",9191,"9091, 9190, 2532, 6530, 8991, 9092, 9189, 9391, 9292, 9193, 9290, 9291, 9192",13
"9192",9192,"5864, 9092, 9191, 5818, 7693, 9093, 9190, 9392, 9194, 9292, 9193",11
"9193",9193,"5376, 9093, 9192, 8993, 9092, 9191, 9393, 9294, 9195, 9292, 9293, 9194",12
"9194",9194,"9094, 9193, 585, 8994, 9093, 2104, 9192, 8758, 9394, 9295, 9196",11
"9195",9195,"10, 6429, 1727, 5972, 9096, 9193, 2728, 6081, 9527, 9296, 9197, 9294, 9196",13
"9196",9196,"9096, 9195, 8996, 9095, 9097, 9194, 9396, 9297, 9295, 9296, 9197",11
"9197",9197,"9097, 9196, 8997, 9096, 9098, 9195, 9792, 9397, 9298, 9199, 9296, 9297, 9198",13
"9198",9198,"9098, 9197, 9097, 9099, 553, 9398, 9299, 9200, 9297, 9298",10
"9199",9199,"9099, 6768, 5332, 6344, 8999, 9098, 3850, 9197, 5463, 9399, 9300, 9298",12
"9200",9200,"191, 9100, 1971, 988, 3992, 7419, 9198, 9400, 9299, 9300",10
"9201",9201,"9101, 9102, 9401, 9302, 9301, 9202",6
"9202",9202,"6332, 9102, 9201, 7330, 9002, 9101, 9103, 9402, 9303, 9204, 9301, 9302, 9203",13
"9203",9203,"9103, 9202, 9003, 9102, 8611, 3631, 9589, 9403, 9304, 9204",10
"9204",9204,"1661, 9203, 9004, 9103, 9202, 9404, 9305, 9206, 9303, 9304, 9205",11
"9205",9205,"4186, 9204, 3076, 9005, 9104, 9106, 7852, 3419, 9207, 9304, 9305, 9206",12
"9206",9206,"9106, 9205, 1311, 4054, 9006, 9105, 9107, 9204, 7208, 8870, 9208, 9305, 9306",13
"9207",9207,"9107, 4289, 6180, 9007, 9106, 9108, 9205, 9407, 9308, 9208",10
"9208",9208,"9108, 9207, 9008, 9107, 9109, 9206, 9408, 9309, 9210, 9307, 9308",11
"9209",9209,"894, 9109, 644, 8368, 6169, 9009, 9108, 9110, 4616, 9211, 9308, 9210",12
"9210",9210,"925, 9110, 9209, 9010, 9109, 9111, 9208, 9311, 9212, 9309, 9310, 9211",12
"9211",9211,"9111, 9210, 9011, 9209, 9411, 9312, 9213, 9310, 9311, 9212",10
"9212",9212,"9112, 9211, 9012, 9111, 9210, 9412, 9313, 9214, 9311, 9312, 9213",11
"9213",9213,"1060, 9113, 9212, 5215, 9013, 9112, 9211, 9783, 9413, 9314, 9215, 9312, 9313, 9214",14
"9214",9214,"9114, 9213, 7965, 9014, 9113, 9115, 9212, 9315, 9216, 9313, 9314, 9215",12
"9215",9215,"9115, 9214, 9015, 9114, 9116, 9213, 7424, 9415, 9217, 9314, 9216",11
"9216",9216,"833, 9215, 9016, 9115, 9214, 9998, 9317, 9315, 9316, 9217",10
"9217",9217,"9117, 9216, 7928, 9017, 9116, 9215, 9417, 9318, 9219, 9316, 9317, 9218",12
"9218",9218,"9118, 9217, 1686, 9018, 9117, 9119, 1491, 9418, 9220, 9317, 9254, 9318, 9219",13
"9219",9219,"9218, 9113, 9019, 9118, 9120, 9217, 6624, 5267, 9419, 9318, 9220",11
"9220",9220,"9120, 9219, 6240, 9119, 9121, 9218, 9420, 9321, 9222, 9319, 9320, 9221",12
"9221",9221,"9121, 9220, 4145, 9120, 9122, 9421, 9322, 9223, 9321, 9222",10
"9222",9222,"9122, 9221, 264, 9121, 9123, 9220, 9422, 9323, 9224, 9321, 9223",11
"9223",9223,"9123, 9222, 5484, 5662, 7536, 9221, 9921, 9225, 9322, 9323",10
"9224",9224,"9124, 287, 9024, 9123, 9125, 9222, 9325, 9226, 9323, 9324, 9225",11
"9225",9225,"1104, 1370, 9125, 9224, 9025, 9124, 9126, 9223, 1991, 9425, 9326, 9324, 9325, 9226",14
"9226",9226,"168, 9126, 9225, 4344, 9026, 9125, 9127, 9224, 7423, 9426, 9327, 9325, 9326, 9227",14
"9227",9227,"9127, 9226, 467, 2837, 351, 9027, 9128, 9427, 9328, 9229, 9326, 9327, 9228",13
"9228",9228,"9128, 9227, 9028, 7306, 9129, 9428, 9329, 9327, 9328, 9229",10
"9229",9229,"4761, 1080, 9228, 9029, 9128, 9130, 9227, 9330, 9231, 9329, 9230",11
"9230",9230,"1326, 9130, 9229, 7958, 2824, 9129, 386, 9430, 9331, 9232, 9329, 9330, 9231",13
"9231",9231,"9131, 9230, 2178, 3873, 9130, 9132, 9229, 9431, 9332, 9233, 9331, 9232",12
"9232",9232,"5820, 9132, 9231, 8787, 9032, 9131, 9230, 9233, 9432, 9333, 9234, 9331",12
"9233",9233,"1796, 9232, 9033, 9132, 9231, 9433, 9334, 9235, 9332, 9293, 9333, 9234",12
"9234",9234,"9134, 9233, 9034, 9133, 9232, 520, 3336, 9434, 9236, 9333, 9334",11
"9235",9235,"2255, 9134, 9136, 9233, 5075, 9435, 9237, 9334, 9335, 9236",10
"9236",9236,"9136, 9235, 9036, 9135, 9137, 9234, 6980, 9436, 9336, 9237",10
"9237",9237,"2884, 9236, 8475, 8450, 9136, 9138, 9235, 9437, 9338, 9239, 9336, 9337, 9238",13
"9238",9238,"8247, 9138, 9237, 9137, 9139, 6723, 9438, 9339, 9240, 9337, 9338",11
"9239",9239,"2393, 9139, 8678, 9039, 9138, 9140, 9237, 9439, 9340, 9241, 9338, 9339",12
"9240",9240,"2540, 7311, 9040, 9139, 9141, 9238, 9341, 9242, 9339, 9340, 9241",11
"9241",9241,"9141, 9240, 9041, 6691, 9142, 9239, 9441, 9342, 9243, 9340, 9341, 9242",12
"9242",9242,"9142, 9241, 5241, 9042, 9141, 9143, 9240, 4994, 9442, 9343, 9244, 9341, 9342",13
"9243",9243,"9143, 9043, 9142, 9241, 2002, 9344, 9245, 9343, 9244",9
"9244",9244,"4434, 9144, 9243, 9143, 9145, 9242, 1238, 9444, 9343, 9344, 9245",11
"9245",9245,"2894, 9145, 9244, 1901, 9045, 9146, 9243, 6873, 9445, 9346, 9247, 9345, 9246",13
"9246",9246,"7184, 9146, 9245, 9046, 9147, 3484, 6175, 3455, 9347, 9248, 9247",11
"9247",9247,"9147, 9246, 6464, 9146, 9148, 9245, 9447, 9348, 9249, 9346, 9347, 9248",12
"9248",9248,"9148, 9247, 4765, 9147, 9149, 9246, 2942, 7414, 1916, 9349, 9250, 9348",12
"9249",9249,"7300, 8121, 9149, 46, 7096, 9049, 9150, 9247, 9449, 9350, 9251, 9348, 9420, 9349, 9250",15
"9250",9250,"9150, 9249, 9050, 9149, 9151, 9248, 9450, 9351, 9252, 9349, 9350",11
"9251",9251,"3068, 9151, 6746, 2401, 4373, 7686, 6670, 9051, 9150, 9152, 9249, 9451, 9352, 9253, 9350, 9351, 9252",17
"9252",9252,"9152, 9251, 8055, 9052, 9151, 9153, 9250, 9286, 9452, 9353, 9254, 9351, 9352",13
"9253",9253,"9153, 2997, 8369, 7962, 9152, 9251, 807, 3803, 9354, 9352, 9254",11
"9254",9254,"9154, 9253, 9153, 9155, 9218, 9252, 9454, 9355, 9256, 9353, 9354, 9255",12
"9255",9255,"9155, 9254, 8843, 9055, 9154, 9156, 9455, 9356, 9257, 9354, 9355, 9256",12
"9256",9256,"9156, 9255, 9155, 9157, 9254, 9456, 9357, 9355, 9356, 9257",10
"9257",9257,"3608, 9157, 9256, 3337, 6373, 9057, 9158, 9255, 9358, 9259, 9356, 9357, 9258",13
"9258",9258,"9158, 9257, 9058, 9157, 9159, 4942, 8351, 9458, 9359, 9260, 9358, 9259",12
"9259",9259,"1124, 1940, 9159, 9258, 2949, 9059, 9158, 9160, 9257, 2042, 9459, 9360, 9358, 9359, 9260",15
"9260",9260,"9160, 9259, 9060, 9052, 9161, 9258, 2179, 9460, 9361, 9359, 9360, 9261",12
"9261",9261,"571, 9260, 3842, 9061, 9160, 9162, 7773, 2731, 9263, 9360, 9262",11
"9262",9262,"6358, 9062, 9161, 9163, 7190, 9261, 9363, 9361, 9362, 9263",10
"9263",9263,"9163, 9262, 3697, 6811, 9162, 9164, 9261, 5324, 9463, 9265, 9362, 9363, 9264",13
"9264",9264,"5065, 9263, 1926, 9163, 7732, 6131, 9929, 9646, 9464, 9365, 9266, 9363, 9265",13
"9265",9265,"8242, 9165, 9264, 9065, 9164, 9166, 9263, 9465, 9366, 9267, 9364, 9365, 9266",13
"9266",9266,"9166, 9265, 7325, 8005, 9066, 9165, 9167, 9264, 4946, 9367, 9268, 9366, 9267",13
"9267",9267,"2670, 9167, 9266, 1391, 9067, 9166, 9168, 9265, 9368, 9269, 9366, 9367, 9268",13
"9268",9268,"9168, 9267, 5428, 5814, 9068, 9167, 9169, 9266, 9369, 9270, 9368, 9269",12
"9269",9269,"9169, 9268, 1148, 9069, 9168, 373, 9267, 8115, 9469, 9271, 9368, 9369, 9270",13
"9270",9270,"9269, 3619, 9070, 9169, 9171, 9268, 9470, 9371, 9272, 9369, 9370",11
"9271",9271,"9171, 116, 1056, 7783, 5214, 9269, 9471, 9273, 9370, 9371, 9272",11
"9272",9272,"282, 9271, 9072, 9171, 9173, 9270, 9677, 9472, 9373, 9274, 9372, 9273",12
"9273",9273,"9272, 9073, 9172, 9174, 9271, 9473, 9374, 9275, 9372, 9373, 9274",11
"9274",9274,"7708, 9273, 5726, 7999, 4041, 9173, 9175, 9272, 9474, 9736, 9276, 9373, 9374, 9275",14
"9275",9275,"9175, 9274, 9075, 9174, 9273, 9475, 9376, 9277, 9374, 9375, 9276",11
"9276",9276,"9176, 9275, 9076, 9175, 9177, 9274, 6146, 9280, 9377, 9278, 9376, 9277",12
"9277",9277,"9177, 9276, 9077, 9176, 9178, 9275, 8978, 9477, 9279, 9376, 9377, 9278",12
"9278",9278,"3867, 9178, 9277, 9179, 9276, 9379, 9280, 9377, 9378, 9279",10
"9279",9279,"5692, 9278, 516, 2383, 9079, 9178, 465, 9277, 1428, 8628, 9437, 9380, 9378, 9379, 9280",15
"9280",9280,"9276, 9180, 9279, 9080, 9179, 9181, 9278, 2644, 9381, 9379, 9380, 9281",12
"9281",9281,"4051, 9181, 9280, 2066, 9081, 9180, 4263, 5029, 9382, 9283, 9380, 9381",12
"9282",9282,"1681, 9182, 9082, 9181, 9183, 8645, 9482, 9383, 9284, 9381, 9382, 9423",12
"9283",9283,"9183, 8192, 9182, 3548, 9281, 9483, 9384, 9285, 9382, 9383, 9284",11
"9284",9284,"9283, 6489, 9084, 9185, 9282, 9484, 9385, 9286, 9383",9
"9285",9285,"9185, 9129, 9015, 9085, 9186, 9283, 7623, 9184, 9485, 9386, 9384, 9385, 9286",13
"9286",9286,"9186, 9285, 9086, 9185, 5004, 9284, 9252, 4130, 9486, 9385, 9386, 9287",12
"9287",9287,"9187, 9286, 733, 6012, 9087, 9186, 9188, 9487, 9388, 9289, 9386, 9387, 9288",13
"9288",9288,"9188, 9287, 2777, 5849, 9088, 9187, 9189, 9384, 9488, 9389, 9290, 9388, 9289",13
"9289",9289,"9288, 7067, 9089, 9188, 9190, 9287, 9489, 9291, 9388, 9389, 9290",11
"9290",9290,"9190, 9289, 9090, 9189, 9191, 9288, 9490, 9391, 9292, 9389, 9390, 9291",12
"9291",9291,"9191, 9290, 8574, 9091, 9190, 2906, 9289, 9491, 9392, 9293, 9391, 9292",12
"9292",9292,"9192, 9291, 368, 9092, 9191, 9193, 9290, 7528, 9393, 9294, 9391, 9293",12
"9293",9293,"427, 9193, 9292, 2921, 9233, 9291, 9493, 9295, 9392, 9393, 9294",11
"9294",9294,"7418, 9293, 2541, 9193, 9195, 9292, 115, 9105, 9395, 9393, 9394, 9295",12
"9295",9295,"9294, 9095, 9194, 9196, 9293, 8736, 2253, 9495, 9396, 9394, 9395",11
"9296",9296,"9196, 6868, 9096, 9195, 9197, 4110, 9397, 9298, 9395, 9396, 9297",11
"9297",9297,"9197, 9296, 1381, 9097, 9196, 9198, 9497, 9398, 9299, 9396, 9397",11
"9298",9298,"9198, 7506, 9098, 9197, 9199, 9296, 9498, 9399, 9397, 9398, 9299, 9811",12
"9299",9299,"4188, 9298, 2569, 4112, 9099, 9198, 9200, 9297, 9499, 9400, 9398, 9399, 9300",13
"9300",9300,"9200, 9299, 1873, 8837, 9100, 9199, 188, 2027, 7558, 9400",10
"9301",9301,"5162, 9201, 9101, 9202, 2000, 9402, 9401, 9302",8
"9302",9302,"9202, 9301, 4365, 8245, 9102, 9201, 7804, 9767, 9502, 9403, 9401, 9303",12
"9303",9303,"3042, 2086, 9302, 9103, 9202, 9204, 9503, 9404, 9305, 9402, 9403, 9304",12
"9304",9304,"9204, 9303, 622, 9104, 9203, 9205, 9504, 9405, 9306, 9403, 9404",11
"9305",9305,"9205, 602, 1790, 9105, 9204, 9206, 9303, 9505, 9406, 9307, 9404, 9405, 9306",13
"9306",9306,"9206, 9305, 9106, 223, 1956, 9304, 9506, 9344, 9308, 9405, 9406",11
"9307",9307,"9020, 4355, 6907, 9107, 6036, 9208, 9305, 9507, 9408, 9309, 9406, 9407, 9308",13
"9308",9308,"9208, 9307, 2951, 9108, 9207, 9209, 9306, 9508, 9409, 9310, 9407, 9408, 9309",13
"9309",9309,"9308, 8673, 9109, 9208, 9210, 9307, 9410, 9311, 9408, 9409, 9310",11
"9310",9310,"7949, 9210, 9309, 9110, 695, 9211, 9308, 9510, 9411, 9312, 9409, 9311",12
"9311",9311,"9211, 9310, 9111, 9210, 9212, 9309, 9511, 9412, 9313, 9410, 9312",11
"9312",9312,"6441, 9212, 9311, 9112, 9211, 9213, 9310, 3987, 9512, 9413, 9314, 9313",12
"9313",9313,"9213, 9312, 9113, 9212, 9214, 9311, 9513, 9414, 9315, 9412, 9413, 9314",12
"9314",9314,"9214, 9313, 7616, 9114, 9213, 9215, 9312, 9514, 9415, 9316, 9413, 9414, 9315",13
"9315",9315,"3596, 9314, 5027, 9115, 9214, 9216, 9313, 5931, 9515, 9416, 9317, 9415, 9316",13
"9316",9316,"9216, 9315, 6513, 9116, 9217, 9314, 5427, 9516, 9417, 9318, 9416, 9317",12
"9317",9317,"9217, 9316, 7465, 9117, 9216, 9218, 9315, 7791, 9517, 9418, 9319, 9416, 9417",13
"9318",9318,"2576, 9218, 8790, 9217, 9219, 9316, 9518, 9419, 9320",9
"9319",9319,"3725, 2542, 709, 9119, 9220, 9317, 9519, 9420, 9321, 9418, 9419, 9320",12
"9320",9320,"9220, 9319, 4188, 9120, 8908, 9318, 3500, 2601, 9520, 9421, 9321",11
"9321",9321,"4121, 9221, 9320, 9121, 9220, 9222, 9319, 9322, 9422, 9323, 9420",11
"9322",9322,"2294, 9321, 5212, 7824, 9122, 9221, 9223, 8037, 1118, 9423, 9324, 9422, 9323",13
"9323",9323,"9223, 9322, 2315, 1133, 7075, 9222, 9224, 9321, 9523, 9424, 9325, 9422, 9324",13
"9324",9324,"1170, 9224, 9323, 9124, 158, 9225, 9322, 1804, 3361, 9326, 9423, 9424",12
"9325",9325,"2761, 3793, 8006, 9225, 1613, 9224, 9226, 9323, 9525, 9426, 9327, 9425, 9326",13
"9326",9326,"2425, 9226, 9325, 9126, 9225, 9227, 9324, 9526, 9427, 9328, 9425, 9426, 9327",13
"9327",9327,"9227, 9326, 9127, 9226, 9228, 9325, 755, 9527, 9329, 9427",10
"9328",9328,"6404, 9228, 8527, 9128, 9227, 9326, 9657, 9528, 9429, 9330, 9427, 9428, 9329",13
"9329",9329,"9229, 9328, 9129, 9228, 9230, 9327, 2659, 9430, 9331, 9428, 9429",11
"9330",9330,"2765, 658, 3180, 9230, 5718, 9130, 9229, 1167, 9328, 1266, 9431, 9332, 9429, 9331",14
"9331",9331,"9231, 9330, 9131, 9230, 9232, 9329, 9531, 9432, 9430, 9431, 9332",11
"9332",9332,"8143, 9331, 9231, 9233, 9330, 389, 9532, 9433, 9334, 9431, 9333",11
"9333",9333,"9233, 9332, 5428, 9232, 9234, 5290, 8388, 1064, 9434, 9335, 9433, 9334",12
"9334",9334,"9234, 9333, 9233, 9235, 9332, 9534, 9435, 9336, 9434, 9335",10
"9335",9335,"9235, 9334, 2504, 4568, 9135, 5851, 9333, 3193, 9535, 9436, 9337, 9434, 9435",13
"9336",9336,"9236, 1862, 4324, 9136, 9237, 9334, 9976, 9536, 9437, 9338, 9435",11
"9337",9337,"9237, 9087, 9137, 9238, 9335, 9537, 9438, 9339, 9437",9
"9338",9338,"5635, 9238, 4289, 9138, 9237, 9239, 9336, 9439, 9340, 9438, 9339",11
"9339",9339,"9239, 9338, 7137, 9139, 9238, 9240, 9337, 9539, 9440, 9341, 9438, 9439, 9340",13
"9340",9340,"9240, 9339, 9140, 9239, 9241, 9338, 3665, 9540, 9441, 9342, 9439, 9341",12
"9341",9341,"9241, 9340, 9141, 9240, 9242, 9339, 9541, 9442, 9343, 9440, 9441, 9342",12
"9342",9342,"9242, 9341, 9142, 9241, 5985, 9340, 9542, 9443, 9344, 9441, 9442, 9343",12
"9343",9343,"9243, 9342, 9143, 9242, 9244, 4294, 9341, 9543, 9444, 9345, 9442, 9443",12
"9344",9344,"9244, 747, 4825, 9243, 9306, 9342, 6330, 4604, 9445, 9346, 9444",11
"9345",9345,"9245, 9145, 9343, 9545, 9446, 9347, 9444, 9445, 9346",9
"9346",9346,"9345, 2052, 9146, 9245, 9247, 9344, 5614, 9546, 9348, 9347",10
"9347",9347,"9247, 9346, 1273, 9147, 9246, 9345, 9547, 9448, 9349, 9446, 9348",11
"9348",9348,"9248, 9347, 2459, 9148, 9247, 9249, 9346, 8270, 9548, 9350, 9447, 9904, 9448, 9349",14
"9349",9349,"9249, 9348, 9149, 9248, 9250, 9347, 9430, 9549, 9450, 9351, 9448, 9449, 9350",13
"9350",9350,"9250, 9349, 8054, 3028, 9249, 9251, 9348, 9550, 9384, 9449, 9450, 9351",12
"9351",9351,"9251, 9350, 9151, 9250, 9252, 9349, 7564, 9551, 9353, 9450, 9451, 9352",12
"9352",9352,"9252, 9351, 9152, 9251, 9253, 6066, 9552, 9453, 9354, 9452, 9353",11
"9353",9353,"1736, 9352, 9153, 9252, 9254, 9351, 6831, 6991, 9454, 9355, 9452, 9453",12
"9354",9354,"2262, 9254, 9154, 9253, 9255, 9352, 9455, 9356, 9453, 9454, 9355",11
"9355",9355,"9255, 9354, 3111, 9155, 9254, 9256, 9353, 114, 5491, 9357, 9454, 9455, 9356",13
"9356",9356,"4392, 9256, 9355, 9156, 9255, 9257, 9354, 6117, 9556, 9457, 9455, 9357",12
"9357",9357,"9257, 9356, 1319, 3574, 9157, 9256, 9355, 9557, 9458, 9359, 9456, 9358",12
"9358",9358,"5491, 9258, 9357, 7866, 9257, 9259, 8000, 9459, 9360, 9457, 9359",11
"9359",9359,"217, 8364, 9259, 9358, 3655, 7284, 9258, 9260, 9357, 9559, 9361, 9458, 9459",13
"9360",9360,"9260, 5353, 9160, 9259, 9261, 9358, 9560, 9461, 9362, 9459, 9460, 9361",12
"9361",9361,"9360, 1533, 9161, 9260, 9262, 9359, 4297, 9863, 9561, 9363, 9460, 9461",12
"9362",9362,"9262, 4229, 9162, 9263, 9360, 9562, 9463, 9364, 9461, 9462, 9363",11
"9363",9363,"9263, 9362, 32, 9163, 9262, 9264, 9361, 9563, 9464, 9365, 9462, 9463, 9364",13
"9364",9364,"9363, 9164, 9265, 9362, 8515, 9465, 9463, 9464, 9365",9
"9365",9365,"9265, 9364, 6220, 9165, 9264, 3827, 9363, 9565, 9466, 9367, 9464, 9465, 9366",13
"9366",9366,"9266, 9365, 9166, 9265, 9267, 600, 9566, 9467, 9368, 9465, 9466, 9367",12
"9367",9367,"9267, 9366, 9167, 9266, 1256, 9365, 3631, 9468, 9369, 9467, 9368",11
"9368",9368,"6960, 8663, 9268, 9367, 1828, 9168, 9267, 9269, 9366, 7339, 9568, 9469, 9370, 9467, 9369",15
"9369",9369,"9269, 9368, 257, 1944, 9268, 9270, 9367, 9569, 9470, 9371, 9468, 9469, 9370",13
"9370",9370,"2557, 9270, 9369, 9170, 9271, 9368, 6215, 9570, 9471, 9469, 9470",11
"9371",9371,"9271, 9171, 9270, 5550, 9369, 9571, 9472, 9373, 9470, 9471",10
"9372",9372,"9272, 8555, 9172, 1285, 9273, 608, 5689, 9473, 9374, 9472, 9373",11
"9373",9373,"443, 9273, 9372, 9173, 9272, 9274, 9371, 9573, 9474, 9375, 9472, 9473",12
"9374",9374,"9274, 8977, 6906, 9174, 9273, 9275, 9372, 9574, 9475, 9376, 9473, 9474, 9375",13
"9375",9375,"9275, 9374, 9175, 9373, 9758, 9575, 9476, 9377, 9474, 9475, 9376",11
"9376",9376,"7433, 9276, 9375, 5164, 9176, 9275, 9277, 9374, 8081, 9576, 9378, 9475, 9476, 9377",14
"9377",9377,"9277, 9376, 9276, 9278, 9375, 9081, 9577, 9478, 9477, 9378",10
"9378",9378,"724, 9278, 9377, 9178, 9279, 9376, 4425, 9578, 9380, 9477, 9478, 9379",12
"9379",9379,"9279, 9378, 5728, 9179, 9278, 9280, 9579, 9480, 9381, 9478, 9380",11
"9380",9380,"9280, 9379, 7038, 9279, 9281, 9378, 2399, 9481, 9382, 9479, 9480, 9381",12
"9381",9381,"9281, 9380, 3275, 4277, 6741, 8346, 9181, 9280, 9282, 9379, 9581, 9482, 9383, 9480, 9481",15
"9382",9382,"9282, 5343, 334, 2061, 9182, 9281, 9283, 9380, 9582, 9483, 9384, 9481, 9482, 9383",14
"9383",9383,"9283, 9382, 9183, 9282, 9284, 9381, 2594, 9583, 9484, 9483, 9384",11
"9384",9384,"6408, 9383, 4671, 9288, 9283, 9285, 9350, 9382, 2006, 9584, 9485, 9483, 9484",13
"9385",9385,"9285, 3270, 9185, 9284, 9286, 9585, 9486, 9387, 9484, 9386",10
"9386",9386,"9286, 9385, 7314, 4653, 9285, 9287, 8566, 6253, 9586, 9487, 9388, 9485, 9387",13
"9387",9387,"9287, 9386, 2840, 9187, 5556, 9385, 9587, 9488, 9389, 9486, 9487, 9388",12
"9388",9388,"1886, 9288, 9387, 6177, 9188, 9287, 9289, 9386, 3965, 9588, 9489, 9390, 9488, 9389",14
"9389",9389,"9289, 9388, 4939, 9189, 9288, 9290, 9387, 9589, 9490, 9391, 9488, 9489, 9390",13
"9390",9390,"5624, 9290, 9389, 9190, 8008, 9388, 9590, 9392, 9489, 9490, 9391",11
"9391",9391,"9291, 9390, 1338, 9191, 9290, 9292, 9389, 9492, 9393, 9490, 9491, 9392",12
"9392",9392,"9391, 7635, 9192, 9291, 9293, 9390, 9592, 9994, 9394, 9491, 9492, 9393",12
"9393",9393,"9293, 9392, 9193, 9292, 9294, 9391, 9593, 9494, 9395, 9492, 9493, 9394",12
"9394",9394,"9294, 9393, 3926, 9194, 5641, 9295, 9392, 9645, 9493, 9494",10
"9395",9395,"9295, 8272, 9294, 9296, 9393, 4443, 9496, 9397, 9495, 9396",10
"9396",9396,"9296, 9395, 3352, 9196, 9295, 9297, 4133, 9596, 9497, 9398, 9496",11
"9397",9397,"2574, 9297, 6368, 6351, 9197, 9296, 9298, 9395, 3763, 9597, 9498, 9399, 9496, 9398",14
"9398",9398,"5950, 9298, 9397, 9198, 9297, 9299, 9396, 9598, 9499, 9400, 9497, 9498, 9399",13
"9399",9399,"9299, 9398, 9199, 9298, 9397, 9599, 9500, 9498, 9499, 9400",10
"9400",9400,"9300, 9399, 4349, 7819, 9200, 9299, 9398, 9600, 9499, 9500",10
"9401",9401,"9301, 9201, 9302, 9446, 9601, 9502, 9403, 9501, 9402",9
"9402",9402,"6526, 9401, 9202, 9301, 9303, 6361, 1336, 9602, 9501, 9403",10
"9403",9403,"818, 5720, 9303, 9402, 1624, 9203, 9302, 9304, 9401, 1451, 9603, 9504, 9502, 9503, 9404",15
"9404",9404,"5791, 9304, 9403, 9204, 9303, 9305, 9604, 9505, 9406, 9503, 9504, 9405",12
"9405",9405,"9305, 9404, 9304, 9306, 9605, 9506, 9504, 9505, 9406",9
"9406",9406,"9306, 9405, 811, 9305, 9307, 9404, 9606, 9507, 9408, 9506, 9407",11
"9407",9407,"6222, 7758, 9307, 9406, 4696, 9207, 9308, 3442, 9607, 9508, 9409, 9506, 9408",13
"9408",9408,"2744, 9308, 9407, 169, 9208, 9307, 9309, 9406, 4466, 9608, 9509, 9410, 9508, 9409",14
"9409",9409,"102, 9309, 9408, 4602, 9308, 9310, 9407, 9609, 9510, 9411, 9508, 9509, 9410",13
"9410",9410,"582, 9409, 1389, 9309, 9311, 9408, 4314, 2792, 3130, 9610, 9510, 9411",12
"9411",9411,"2025, 9410, 7690, 9211, 9310, 9409, 8659, 2472, 9611, 9512, 9510, 9412",12
"9412",9412,"8272, 9411, 9212, 9311, 9313, 9932, 9513, 9414, 9511, 9512, 9413",11
"9413",9413,"5706, 9313, 9412, 9213, 9312, 9314, 9613, 9514, 9415, 9512, 9513, 9414",12
"9414",9414,"9314, 9413, 2810, 3148, 9313, 9412, 6846, 9614, 9515, 9416, 9513, 9415",12
"9415",9415,"9315, 9414, 9215, 9314, 9413, 9516, 9514, 9515, 9416",9
"9416",9416,"9316, 9415, 2567, 9315, 9317, 9414, 9417, 9616, 9517, 9418, 9515",11
"9417",9417,"6337, 9317, 9416, 550, 9217, 9316, 1010, 8124, 9617, 9518, 9419, 9516, 9517, 9418",14
"9418",9418,"5965, 9417, 9218, 9317, 9319, 9416, 9618, 9519, 9420, 9517, 9518, 9419",12
"9419",9419,"5220, 9319, 9418, 9219, 9318, 9417, 9619, 9520, 9421, 9518, 9519, 9420",12
"9420",9420,"9249, 9419, 9220, 9319, 9321, 9418, 1299, 9620, 9521, 9422, 9519, 9520",12
"9421",9421,"7459, 9221, 9320, 9419, 5723, 9621, 9423, 9520, 9521",9
"9422",9422,"2947, 9322, 9028, 9222, 9321, 9323, 9420, 9424, 9521, 9522, 9423",11
"9423",9423,"9282, 9422, 5934, 3259, 9322, 9324, 9421, 9633, 9623, 9524, 9425, 9522, 9523, 9424",14
"9424",9424,"6550, 8957, 9324, 9423, 1549, 417, 9323, 4078, 9422, 9624, 9525, 9426, 9523, 9524, 9425",15
"9425",9425,"9325, 9424, 823, 3363, 9225, 3412, 9326, 9423, 9625, 9427, 9524, 9525, 9426",13
"9426",9426,"2776, 9326, 9425, 7158, 9226, 9325, 9424, 9527, 9428, 9525, 9427",11
"9427",9427,"9327, 9426, 6938, 9227, 9326, 9328, 9425, 9627, 9528, 9429, 9526, 9527, 9428",13
"9428",9428,"8339, 9328, 9427, 9228, 7884, 9329, 9426, 3401, 9529, 9527, 9528",11
"9429",9429,"8529, 9329, 5630, 2288, 626, 9328, 9330, 9427, 2432, 9629, 9530, 9431, 9528, 9529",14
"9430",9430,"8782, 9230, 9329, 9331, 3299, 9349, 1015, 9630, 9531, 9530, 9431",11
"9431",9431,"9331, 9430, 480, 9231, 9330, 9332, 9429, 343, 1695, 9532, 9433, 9531",12
"9432",9432,"7923, 9232, 9331, 6297, 9632, 9533, 9434, 9531, 9532",9
"9433",9433,"9333, 4069, 9233, 9332, 9431, 9534, 9435, 9532, 9533, 9434",10
"9434",9434,"9334, 9433, 9234, 9333, 9335, 9432, 5890, 9535, 9436, 9533, 9534, 9435",12
"9435",9435,"9335, 9434, 4194, 4175, 5328, 9235, 9334, 9336, 9433, 2277, 9536, 9534, 9535, 9436",14
"9436",9436,"3293, 9435, 2969, 9236, 9335, 1769, 9434, 9636, 9537, 9438, 9536, 9437",12
"9437",9437,"9337, 9436, 4748, 9237, 9336, 9279, 7358, 9637, 9439, 9536, 9438",11
"9438",9438,"9338, 9437, 9238, 9337, 9339, 9436, 9638, 9539, 9440, 9537, 9538, 9439",12
"9439",9439,"9339, 9438, 9239, 9338, 9340, 9437, 7433, 9540, 9441, 9538, 9539",11
"9440",9440,"4334, 9339, 9341, 9438, 9640, 9541, 9539, 9540, 9441",9
"9441",9441,"9341, 9440, 4318, 9241, 9340, 9342, 9439, 9641, 9542, 9540, 9541, 9442",12
"9442",9442,"4701, 9342, 9441, 5075, 6532, 9242, 9341, 9343, 39, 9642, 9543, 9444, 9541, 9542, 9443",15
"9443",9443,"9343, 9442, 2399, 8043, 9342, 1248, 9643, 9544, 9445, 9542, 9444",11
"9444",9444,"9344, 9443, 3947, 9244, 9343, 9345, 9442, 9545, 9543, 9544, 9445",11
"9445",9445,"9345, 9444, 9245, 9344, 9443, 9645, 9447, 9544, 9545, 9446",10
"9446",9446,"220, 7797, 9445, 5958, 316, 9345, 9347, 9401, 9547, 9448, 9545, 9972, 9546, 9535",14
"9447",9447,"3270, 193, 9247, 1301, 9348, 9445, 9647, 9548, 9547, 9448",10
"9448",9448,"9348, 9447, 9347, 9349, 9446, 8136, 9648, 9549, 9450, 9548, 9449",11
"9449",9449,"9349, 9448, 9249, 9350, 3334, 7342, 9550, 9451, 9548, 9549, 9450",11
"9450",9450,"9350, 9449, 9250, 9349, 9351, 9448, 2039, 9650, 9452, 9549, 9550, 9451",12
"9451",9451,"9351, 9450, 4265, 9251, 8805, 9449, 3, 9651, 9453, 9551, 9452",11
"9452",9452,"9352, 9451, 9252, 9353, 9450, 9652, 9553, 9454, 9551, 9552, 9831",11
"9453",9453,"874, 9353, 9352, 9354, 9451, 9653, 9554, 9552, 9553, 9454",10
"9454",9454,"9354, 9453, 9254, 9353, 9355, 9452, 9654, 9555, 9456, 9553, 9554, 9455",12
"9455",9455,"6295, 9355, 9454, 9255, 9354, 9356, 6162, 9655, 9556, 9457, 9554, 9555, 9456",13
"9456",9456,"9455, 1300, 9256, 9357, 9454, 2323, 5709, 9656, 9557, 9555, 9556",11
"9457",9457,"7486, 1411, 9356, 9358, 9455, 9657, 9558, 9459, 9556, 9557, 9458",11
"9458",9458,"8586, 297, 9457, 3454, 9258, 9357, 9359, 9909, 9658, 9559, 9460, 9557, 9558, 9459",14
"9459",9459,"9359, 9458, 9259, 9358, 9360, 9457, 8778, 7574, 9659, 9558, 9559, 9460",12
"9460",9460,"9360, 9459, 2949, 9260, 975, 9361, 9458, 9660, 9561, 9462, 9559, 9560, 9461",13
"9461",9461,"9361, 9460, 2040, 9360, 9362, 8490, 9661, 9562, 9463, 9561, 9462",11
"9462",9462,"9362, 9461, 9363, 9460, 9662, 9563, 9561, 9562",8
"9463",9463,"9363, 8884, 2536, 9263, 9362, 9364, 9461, 9663, 9564, 9562, 9563, 9464",12
"9464",9464,"9364, 9463, 9264, 9363, 9365, 4596, 9664, 9466, 9563, 9564, 9465",11
"9465",9465,"6715, 9365, 9464, 9265, 9364, 9366, 1284, 9665, 9566, 9467, 9564, 9565, 9466",13
"9466",9466,"1451, 3352, 9366, 9465, 9365, 9464, 9065, 9666, 9567, 9468, 9565",11
"9467",9467,"9367, 1776, 9366, 9368, 9465, 6121, 9476, 9667, 9568, 9566, 9567, 9468",12
"9468",9468,"9467, 3428, 9367, 9369, 9466, 9668, 9569, 9470, 9567, 9568, 9469",11
"9469",9469,"483, 9369, 9468, 9269, 9368, 9370, 9570, 9471, 9568, 9569",10
"9470",9470,"9370, 2511, 9270, 9369, 9371, 9468, 8570, 9670, 9571, 9472, 9570, 9781",12
"9471",9471,"2784, 9371, 9271, 9370, 9469, 9671, 9572, 9473, 9570, 9472",10
"9472",9472,"1145, 9372, 9471, 9272, 9371, 9373, 9470, 4166, 9672, 9573, 9474, 9571, 9572",13
"9473",9473,"9373, 9273, 9372, 9374, 9471, 9673, 9574, 9475, 9572, 9474",10
"9474",9474,"9374, 9473, 3023, 9274, 9373, 9375, 9472, 9674, 9575, 9573, 9574, 9475",12
"9475",9475,"9375, 9474, 9275, 9374, 9376, 9473, 9675, 9576, 9477, 9574, 9575, 9476",12
"9476",9476,"5126, 9376, 9467, 9475, 5348, 9375, 3755, 4950, 9747, 9577, 9575, 9576, 9477",13
"9477",9477,"9377, 9476, 9277, 9378, 9475, 2264, 9578, 9479, 9576, 9577, 9478",11
"9478",9478,"9378, 9477, 6334, 8566, 5302, 9377, 9379, 2078, 9678, 9579, 9480, 9577, 9578",13
"9479",9479,"2963, 4132, 2229, 8954, 9380, 9477, 8725, 9580, 9481, 9578, 9579, 9480",12
"9480",9480,"9380, 9479, 4971, 2568, 3223, 6120, 9379, 9381, 9478, 9680, 9581, 9482, 9579",13
"9481",9481,"9381, 9380, 9382, 9479, 9681, 9582, 9483, 9580, 9581, 9482",10
"9482",9482,"9382, 9481, 2190, 9282, 9381, 1877, 9480, 9583, 9484, 9581, 9582, 9483",12
"9483",9483,"9383, 9482, 6111, 9283, 9382, 9384, 9481, 9683, 9584, 9582, 9583, 9484",12
"9484",9484,"2603, 9384, 9483, 7931, 9284, 9383, 9385, 9482, 8041, 9684, 9585, 9486, 9583, 9584",14
"9485",9485,"5415, 7625, 2294, 9285, 9384, 9386, 4150, 9047, 4914, 9685, 9586, 9487, 9486",13
"9486",9486,"9485, 9286, 9385, 9387, 9484, 9585, 9686, 9586, 9487",9
"9487",9487,"9387, 9486, 9287, 9386, 9485, 1812, 4696, 9687, 9588, 9587, 9488",11
"9488",9488,"6717, 9388, 9487, 9181, 9288, 9387, 9389, 9688, 9589, 9490, 9587, 9588, 9489",13
"9489",9489,"9389, 9488, 4945, 9289, 9388, 9390, 9590, 9491, 9588, 9589, 9490",11
"9490",9490,"5286, 9390, 9489, 5854, 9290, 9389, 9391, 9488, 5780, 9690, 9591, 9492, 9589, 9590",14
"9491",9491,"9391, 426, 7639, 9291, 5641, 9392, 9489, 9691, 9592, 9493, 9590, 9591, 9492",13
"9492",9492,"9392, 9491, 6040, 9391, 9393, 9490, 9762, 9494, 9591, 9592, 9493",11
"9493",9493,"3524, 9393, 9492, 2571, 9293, 9394, 9491, 9594, 9495, 9592, 9593, 9494",12
"9494",9494,"3954, 9394, 9493, 7129, 7823, 9393, 9015, 9492, 9694, 9595, 9496, 9593, 9594, 9495",14
"9495",9495,"9395, 9494, 8690, 9295, 2394, 9493, 8357, 9622, 9695, 9497, 9594, 9595",12
"9496",9496,"2701, 9396, 2824, 9395, 9397, 9494, 3468, 9597, 9498, 9595, 9596, 9497",12
"9497",9497,"9496, 8491, 9297, 9396, 9398, 9495, 4413, 9697, 9598, 9499, 9596, 9498",12
"9498",9498,"9398, 9497, 9298, 9397, 9399, 9496, 9698, 9599, 9500, 9597, 9598, 9499",12
"9499",9499,"9399, 9498, 9299, 9398, 9400, 9497, 9699, 9600, 9599, 9500",10
"9500",9500,"9400, 9499, 9399, 9498, 9700, 9599, 9600",7
"9501",9501,"9401, 697, 9402, 9701, 9503, 9601, 9502",7
"9502",9502,"9501, 7722, 9302, 9401, 9403, 9702, 9603, 9504, 9601, 9602, 9713",11
"9503",9503,"9403, 9303, 5600, 9404, 9501, 9662, 9703, 9505, 9602, 9603, 9504",11
"9504",9504,"9404, 9503, 9304, 9403, 9405, 9502, 9704, 9605, 9506, 9603, 9604, 9505",12
"9505",9505,"9405, 9504, 1338, 9305, 9404, 8322, 9503, 9705, 9507, 9604, 9605",11
"9506",9506,"9406, 8575, 9306, 9405, 9407, 9504, 9706, 9607, 9605, 9606, 9507",11
"9507",9507,"3332, 5665, 9506, 8936, 9307, 9406, 9505, 9608, 9509, 9607, 9508",11
"9508",9508,"9408, 9507, 6066, 9308, 9407, 9409, 4598, 4841, 9708, 9609, 9607, 9509",12
"9509",9509,"2940, 9409, 9508, 8783, 2519, 9408, 9507, 9709, 9610, 9511, 9608, 9609, 9510",13
"9510",9510,"8309, 9410, 9509, 9310, 9409, 9411, 3325, 9710, 9611, 9512, 9609, 9610, 9511",13
"9511",9511,"9510, 1821, 9311, 9412, 9509, 9711, 9612, 9513, 9610, 9512",10
"9512",9512,"9412, 9511, 3539, 1288, 2158, 3734, 9312, 9411, 9413, 9510, 9712, 9514, 9611, 9612",14
"9513",9513,"9413, 814, 798, 3304, 6175, 9313, 9412, 9414, 9511, 609, 9713, 9614, 9515, 9612, 9613",15
"9514",9514,"1433, 9314, 9413, 9415, 9512, 9714, 9516, 9613, 9614, 9515",10
"9515",9515,"9415, 9514, 9315, 9414, 9416, 9513, 9715, 9616, 9517, 9614, 9615, 9516",12
"9516",9516,"9515, 9316, 9415, 9417, 9514, 9716, 9617, 9518, 9615, 9517",10
"9517",9517,"9417, 9516, 3481, 6004, 9317, 9416, 9418, 9515, 9717, 9618, 9519, 9616, 9617, 9518",14
"9518",9518,"9418, 9517, 4990, 9318, 9417, 9419, 9516, 9718, 9619, 9520, 9617, 9618, 9519",13
"9519",9519,"9419, 9518, 7354, 9319, 9418, 9420, 9517, 5190, 9620, 9521, 9619, 9520",12
"9520",9520,"9420, 9519, 9320, 9419, 9421, 9518, 9720, 9621, 9522, 9619, 9620, 9521",12
"9521",9521,"9421, 9520, 9420, 9422, 9519, 9721, 9622, 9523, 9621, 9522",10
"9522",9522,"9422, 9521, 2190, 9423, 9520, 9523, 9722, 9623, 9524, 9621",10
"9523",9523,"9423, 9522, 6597, 8783, 9323, 112, 9424, 9521, 6828, 9525, 9623, 9524",12
"9524",9524,"9424, 9523, 9423, 9425, 9522, 9724, 9625, 9526, 9623, 9624",10
"9525",9525,"9425, 9160, 9325, 9424, 9426, 9523, 9725, 9626, 9527, 9624, 9625, 9526",12
"9526",9526,"2728, 2170, 9525, 8507, 9326, 7015, 9427, 9524, 9726, 9627, 9528, 9625",12
"9527",9527,"9427, 9327, 9426, 9428, 9525, 2590, 9195, 9727, 9626, 9627, 9528",11
"9528",9528,"9428, 9527, 9328, 9427, 9429, 9526, 9852, 9728, 9629, 9627, 9628, 9529",12
"9529",9529,"9429, 9528, 9428, 9729, 9531, 9628, 9629, 9530",8
"9530",9530,"159, 9430, 9529, 3887, 4986, 8086, 9429, 4517, 9631, 9532, 9629, 9630",12
"9531",9531,"5497, 9431, 5440, 9331, 9430, 9432, 9529, 9731, 9632, 9533, 9630, 9631",12
"9532",9532,"9432, 6321, 2188, 7873, 9332, 9431, 9433, 9530, 9732, 9534, 9631",11
"9533",9533,"9433, 6536, 9432, 9434, 9531, 1429, 9733, 9634, 9535, 9632, 9633",11
"9534",9534,"9434, 9334, 9433, 9435, 9532, 9734, 9635, 9536, 9633, 9634, 9535",11
"9535",9535,"9435, 9446, 9534, 9335, 9434, 6190, 9533, 9735, 9636, 9537, 9634, 9635, 9536",13
"9536",9536,"9436, 9535, 9336, 9435, 9437, 9534, 9736, 9637, 9538, 9635, 9636, 9537",12
"9537",9537,"8558, 9536, 3982, 9337, 9436, 9438, 9535, 9638, 9539, 9636, 9637, 9538",12
"9538",9538,"3133, 9438, 9537, 2721, 1630, 9439, 9536, 9823, 9738, 9639, 9540, 9637, 9638, 9539",14
"9539",9539,"1215, 9439, 9538, 2667, 9339, 9438, 9440, 9537, 8817, 9640, 9541, 9638, 9540",13
"9540",9540,"9440, 9539, 4683, 9340, 9439, 9441, 9538, 9740, 9542, 9639, 9640, 9541",12
"9541",9541,"2960, 9441, 9540, 1817, 9341, 9440, 9442, 9539, 9741, 9642, 9543, 9640, 9641, 9542",14
"9542",9542,"3567, 6368, 9442, 9541, 558, 3328, 7287, 9342, 9441, 9443, 9540, 9742, 9643, 9544, 9641, 9543",16
"9543",9543,"4159, 9542, 9343, 9442, 9444, 9541, 9743, 9545, 9642, 9643, 9544",11
"9544",9544,"9444, 9543, 6285, 4552, 9443, 9445, 9542, 9744, 9645, 9546, 9643, 9644, 9545",13
"9545",9545,"7920, 9445, 9544, 213, 8051, 9345, 9444, 9446, 9543, 9646, 9547, 9644, 9645, 9546",14
"9546",9546,"1208, 9446, 9545, 9346, 3636, 9544, 9746, 9647, 9548, 9645, 9646, 9547",12
"9547",9547,"9447, 9546, 3595, 9347, 9446, 9545, 2291, 9747, 9648, 9549, 9647, 9548",12
"9548",9548,"9448, 9547, 8474, 9348, 9447, 9449, 9546, 2624, 9649, 9550, 9647",11
"9549",9549,"9449, 8859, 8862, 9349, 9448, 9450, 9547, 9749, 9650, 9649, 9550",11
"9550",9550,"9450, 9549, 9350, 9449, 9548, 9750, 9651, 9649, 9650, 9551",10
"9551",9551,"4050, 7194, 9451, 9550, 9351, 9452, 5570, 9652, 9553, 9650, 9651",11
"9552",9552,"9452, 2333, 8339, 9352, 9453, 2964, 768, 9752, 9653, 9554, 9651",11
"9553",9553,"9453, 4106, 9452, 9454, 9551, 9753, 9654, 9555, 9652, 9653, 9554",11
"9554",9554,"9454, 9553, 1784, 9453, 9455, 9552, 9754, 9655, 9556, 9653, 9654, 9555",12
"9555",9555,"1107, 9455, 9554, 9454, 9456, 9553, 9755, 9656, 9557, 9654, 9655, 9556",12
"9556",9556,"9456, 9555, 6677, 7947, 9356, 9455, 9457, 9554, 2295, 7988, 9756, 9558",12
"9557",9557,"9457, 9357, 9456, 9458, 9555, 6045, 9757, 9559, 9656, 9657, 9558",11
"9558",9558,"9458, 9557, 1488, 9457, 9459, 9556, 9758, 9659, 9560, 9657, 9658, 9559",12
"9559",9559,"9459, 9558, 1241, 3951, 4930, 9359, 9458, 9460, 9557, 7795, 7412, 9759, 9561, 9658, 9560",15
"9560",9560,"1840, 9460, 9559, 8592, 9360, 9558, 9760, 9661, 9562, 9660, 9561",11
"9561",9561,"9461, 9560, 1923, 9361, 9460, 9462, 9559, 9761, 9662, 9563, 9660, 9661, 9562",13
"9562",9562,"9462, 9561, 9362, 9461, 9463, 9560, 3686, 9663, 9564, 9662, 9563",11
"9563",9563,"9463, 9562, 5625, 8996, 9363, 9462, 9464, 9561, 9763, 9664, 9662, 9663",12
"9564",9564,"2211, 9464, 1239, 7758, 9463, 9465, 9562, 9664, 9764, 9665, 9566, 9663",12
"9565",9565,"9465, 2693, 9365, 9466, 7581, 9765, 9666, 9567, 9664, 9665",10
"9566",9566,"9366, 9465, 9467, 9564, 3903, 1198, 9665, 9666, 9567",9
"9567",9567,"5675, 9467, 9566, 4735, 4754, 5184, 5704, 1386, 9466, 9468, 9565, 5856, 9767, 9668, 9569, 9666, 9667",17
"9568",9568,"9468, 3628, 9368, 9467, 9469, 6772, 9768, 9669, 9570, 9667, 9668, 9569",12
"9569",9569,"943, 3851, 9469, 9568, 5061, 9369, 9468, 9567, 6736, 9769, 9670, 9668, 9669",13
"9570",9570,"9470, 6691, 9370, 9469, 9471, 9568, 9770, 9671, 9572, 9669, 9670, 9571",12
"9571",9571,"1566, 5232, 5014, 9570, 4587, 9371, 9470, 9472, 7450, 6926, 9672, 9573, 9670, 9671",14
"9572",9572,"5362, 9472, 2295, 9471, 9473, 9570, 9772, 9673, 9574, 9671, 9672, 9573",12
"9573",9573,"4707, 9572, 4980, 2923, 9373, 9472, 9474, 9571, 6027, 9773, 9674, 9575, 9672, 9574",14
"9574",9574,"3867, 9474, 9573, 3656, 3994, 9374, 9473, 9475, 9572, 9774, 9675, 9576, 9673, 9674, 9575",15
"9575",9575,"9475, 9574, 5712, 9375, 9474, 9476, 9573, 9775, 9676, 9577, 9674, 9675, 9576",13
"9576",9576,"9476, 9575, 9376, 9475, 9477, 9574, 9776, 9677, 9578, 9675, 9676, 9577",12
"9577",9577,"9477, 9576, 9377, 9476, 9478, 9575, 2305, 9777, 9676, 9677, 9578",11
"9578",9578,"6133, 9478, 9577, 9378, 9477, 9479, 9576, 9778, 9679, 9580, 9678, 9579",12
"9579",9579,"4211, 8245, 9479, 9578, 442, 561, 9379, 9478, 9480, 3145, 9779, 9680, 9581, 9678, 9580",15
"9580",9580,"1061, 1982, 9479, 9481, 9578, 7459, 9579, 9780, 9582, 9679, 9680, 9581",12
"9581",9581,"9481, 9580, 9381, 9480, 9482, 9579, 9781, 9682, 9583, 9680, 9681, 9582",12
"9582",9582,"9482, 9581, 9382, 9481, 9483, 9580, 9782, 9683, 9681, 9682, 9583",11
"9583",9583,"9483, 9582, 4843, 9383, 9482, 9484, 9581, 745, 9783, 9585, 9682, 9683, 9584",13
"9584",9584,"9484, 9583, 9384, 9483, 4587, 9784, 9685, 9586, 9684, 9585",10
"9585",9585,"9584, 9385, 9484, 9486, 9583, 9785, 9686, 9587, 9684, 9685, 9586",11
"9586",9586,"9486, 9585, 9386, 9485, 9584, 7749, 9687, 9588, 9685, 9686, 9587",11
"9587",9587,"3870, 7805, 9487, 9586, 7231, 9387, 6917, 9488, 9585, 9688, 9686, 9687, 9588",13
"9588",9588,"9488, 9587, 9388, 9487, 9489, 9586, 9788, 9689, 9590, 9687, 9688, 9589",12
"9589",9589,"9489, 9588, 3023, 3873, 9203, 9389, 9488, 9490, 7965, 9789, 9690, 9591, 9688, 9689, 9590",15
"9590",9590,"9490, 9589, 1107, 9390, 9489, 9491, 9588, 9790, 9691, 9689, 9690, 9591",12
"9591",9591,"9491, 9590, 2296, 6687, 7265, 9490, 9492, 9589, 9691, 9791, 9692, 9690",12
"9592",9592,"9492, 6504, 2648, 5963, 9392, 9491, 9493, 5674, 9721, 9693, 9691, 9692",12
"9593",9593,"8611, 9493, 9393, 9494, 7184, 9793, 9694, 9595, 9692, 9693, 9594",11
"9594",9594,"1585, 6008, 9494, 9593, 8172, 9493, 9495, 8725, 7584, 9794, 9695, 9596, 9693, 9694",14
"9595",9595,"9495, 9494, 9496, 9593, 2992, 9795, 9696, 9597, 9695, 9596",10
"9596",9596,"9496, 9595, 9396, 4537, 9497, 9594, 9796, 9697, 9598, 9695, 9696, 9597",12
"9597",9597,"3062, 9596, 583, 5095, 6436, 9397, 9496, 9498, 9595, 9909, 9698, 9599, 9696, 9856, 9697, 9598",16
"9598",9598,"2210, 9498, 9597, 7855, 9398, 9497, 1533, 9596, 9798, 9699, 9600, 9697, 9698, 9599",14
"9599",9599,"720, 9499, 9598, 9399, 9498, 9500, 9597, 9799, 9700, 9698, 9699, 9600",12
"9600",9600,"9500, 9599, 9400, 9499, 9598, 9800, 9699, 9700",8
"9601",9601,"5403, 9501, 9401, 9502, 9702, 9603, 9701, 9602",8
"9602",9602,"8471, 9502, 9601, 9402, 9503, 3396, 9715, 9802, 9703, 9701, 9824, 9702, 9603",13
"9603",9603,"9503, 9602, 3965, 9403, 9502, 9504, 9601, 8994, 5366, 9704, 9605, 9702, 9703",13
"9604",9604,"1840, 9504, 9404, 5201, 9505, 6845, 9804, 9705, 9606, 9704, 9605",11
"9605",9605,"9505, 9604, 5176, 4946, 9405, 9504, 9506, 9603, 9805, 9706, 9607, 9705, 9606",13
"9606",9606,"9506, 9605, 9406, 665, 5477, 9604, 9806, 9707, 9608, 9705, 9607",11
"9607",9607,"434, 2003, 9507, 9606, 1398, 9407, 9506, 9508, 9605, 3279, 9706, 9707, 9608",13
"9608",9608,"9607, 9408, 9507, 9509, 9606, 9709, 9610, 9707, 9708, 9609",10
"9609",9609,"9509, 9608, 9409, 9508, 9510, 737, 7150, 7030, 9809, 9710, 9708, 9610",12
"9610",9610,"2270, 3726, 9510, 9609, 7612, 9410, 9509, 9511, 9608, 313, 9711, 9612, 9709, 9710, 9611",15
"9611",9611,"9610, 9411, 9510, 9512, 9811, 9712, 9613, 9710, 9711, 9612",10
"9612",9612,"7704, 7815, 9512, 9611, 2010, 9511, 9513, 9610, 9812, 9713, 9614, 9711, 9712, 9613",14
"9613",9613,"4957, 9513, 9612, 9413, 1920, 9514, 9611, 9813, 9714, 9615, 9712, 9713, 9614",13
"9614",9614,"9514, 9613, 5279, 9414, 9513, 9515, 9612, 6504, 454, 9814, 9616, 9714",12
"9615",9615,"9515, 7743, 791, 903, 967, 4626, 9516, 9613, 9815, 9716, 9617, 9715, 9616",13
"9616",9616,"7979, 9615, 2528, 4484, 9416, 9515, 9517, 9614, 3590, 7677, 9816, 9618, 9715, 9617",14
"9617",9617,"9517, 9616, 9417, 9516, 9518, 9615, 5072, 9718, 9619, 9716, 9717, 9618",12
"9618",9618,"4100, 9518, 9617, 3302, 3824, 9418, 9517, 9616, 1667, 9818, 9719, 9620, 9718, 9619",14
"9619",9619,"9519, 9618, 9419, 9518, 9520, 9617, 8876, 9819, 9720, 9621, 9718, 9719",12
"9620",9620,"9520, 1689, 6322, 9420, 9519, 6289, 9618, 9820, 9721, 9622, 9719, 9720, 9621",13
"9621",9621,"9521, 9620, 7268, 9421, 9520, 9522, 9619, 6932, 800, 9821, 9722, 9623, 9721",13
"9622",9622,"1661, 9521, 9495, 9620, 9822, 9723, 9624, 9721, 9722, 9623",10
"9623",9623,"9523, 9622, 9423, 9522, 9524, 9621, 9823, 9625, 9722, 9723, 9624",11
"9624",9624,"543, 9524, 9623, 9424, 7621, 9525, 9622, 9824, 9725, 9626, 9625",11
"9625",9625,"9525, 9624, 9425, 9524, 9526, 9623, 4084, 9825, 9726, 9627, 9725, 9626",12
"9626",9626,"1472, 1743, 9625, 117, 9525, 9527, 9624, 5057, 9826, 9628, 9725, 9726",12
"9627",9627,"9527, 7404, 9427, 9526, 9528, 9625, 9827, 9629, 9726, 9727, 9628",11
"9628",9628,"9528, 9627, 8973, 9529, 9626, 9828, 9729, 9630, 9727, 9956, 9728, 9629",12
"9629",9629,"9529, 9628, 5473, 9429, 9528, 9530, 9627, 8436, 9829, 9631, 9728, 9729, 9630",13
"9630",9630,"9530, 9629, 9430, 1187, 9531, 9628, 9845, 9830, 9731, 9632, 9729, 9730, 9631",13
"9631",9631,"9531, 9630, 7065, 9530, 9532, 9629, 9831, 9732, 9633, 9731, 9632",11
"9632",9632,"4369, 9631, 9432, 9531, 9533, 9630, 9733, 9634, 9731, 9732, 9633",11
"9633",9633,"9533, 9632, 8180, 9423, 9534, 9631, 9833, 9734, 9635, 9732, 9733, 9634",12
"9634",9634,"6668, 9534, 9633, 9533, 9535, 9632, 9834, 9735, 9733, 9734, 9635",11
"9635",9635,"9535, 9634, 9534, 9536, 9633, 9735, 9835, 9736, 9637, 9734",10
"9636",9636,"9536, 8755, 5238, 9436, 9535, 9537, 4002, 1790, 9737, 9638, 9735, 9736",12
"9637",9637,"9537, 6852, 9437, 9536, 9538, 9635, 9837, 9738, 9639, 9736, 9737, 9638",12
"9638",9638,"9538, 9637, 1054, 9438, 9537, 9539, 9636, 9838, 9739, 9640, 9737, 9738, 9639",13
"9639",9639,"4715, 8750, 9638, 5574, 377, 9538, 9540, 9637, 9740, 9641, 9738, 9640",12
"9640",9640,"9540, 9639, 943, 9440, 9539, 9541, 9638, 1707, 9741, 9642, 9739, 9740, 9641",13
"9641",9641,"9541, 9640, 2676, 5500, 9441, 8912, 9542, 9639, 9841, 9742, 9643, 9740, 9741",13
"9642",9642,"7002, 6732, 5775, 9442, 9541, 9543, 9640, 9842, 9743, 9644, 9741, 9742, 9643",13
"9643",9643,"6606, 9543, 9642, 9443, 9542, 9544, 9641, 9843, 9744, 9645, 9742, 9644",12
"9644",9644,"5912, 9544, 9643, 7712, 2426, 9545, 9642, 9844, 9745, 9646, 9743, 9645",12
"9645",9645,"9545, 9644, 9394, 9445, 9544, 9546, 9643, 918, 9845, 9746, 9647, 9745, 9646",13
"9646",9646,"9546, 9645, 5706, 7077, 9545, 9644, 9264, 9846, 9745, 9746, 9647",11
"9647",9647,"9547, 9646, 9447, 9546, 9548, 9645, 7123, 9847, 9748, 9649, 9746, 9747",12
"9648",9648,"9448, 9547, 9791, 9848, 9749, 9650, 9747, 9748",8
"9649",9649,"795, 5811, 9549, 4633, 9548, 9550, 9647, 9849, 9750, 9651, 9748, 9749, 9650",13
"9650",9650,"9550, 9649, 9450, 9549, 9551, 9648, 9850, 9751, 9652, 9749, 9651",11
"9651",9651,"9551, 9650, 9451, 9550, 9552, 9649, 9851, 9653, 9750, 9751, 9652",11
"9652",9652,"9651, 6797, 9452, 9551, 9553, 9650, 9753, 9751, 9897, 9752, 9653",11
"9653",9653,"9553, 9652, 6742, 9453, 9552, 9554, 9651, 4897, 9853, 9754, 9655, 9752, 9654",13
"9654",9654,"9554, 9653, 335, 9454, 9553, 9555, 8967, 764, 9755, 9656, 9753, 9754, 9655",13
"9655",9655,"9555, 9654, 4151, 9455, 9554, 6659, 9653, 9855, 9756, 9657, 9754, 9755, 9656",13
"9656",9656,"9655, 6191, 9456, 9555, 9557, 9654, 4182, 9856, 9757, 9755, 9756, 9657",12
"9657",9657,"8873, 9557, 9656, 1698, 9328, 9457, 9558, 9655, 9857, 9659, 9756, 9757, 9658",13
"9658",9658,"9558, 9657, 7633, 9458, 9559, 9858, 9660, 9757, 9758, 9659",10
"9659",9659,"9658, 4420, 9459, 9558, 8212, 9657, 9660, 9859, 9760, 9661",10
"9660",9660,"1877, 9560, 9659, 5209, 9460, 9561, 9658, 5158, 9860, 9761, 9759, 9734, 9760, 9661",14
"9661",9661,"4425, 9561, 9660, 9461, 9560, 7655, 9659, 9861, 9762, 9760, 9761, 9662",12
"9662",9662,"4244, 9562, 9661, 9462, 9561, 9563, 9503, 5424, 9862, 9763, 9761, 9663",12
"9663",9663,"9563, 9662, 9463, 9562, 9564, 6100, 9764, 9665, 9762, 9763, 9664",11
"9664",9664,"9564, 9663, 867, 9464, 9563, 9565, 9864, 9765, 9666, 9763, 9764, 9665",12
"9665",9665,"9565, 9664, 2648, 9465, 9564, 9566, 9663, 9865, 9766, 9764, 9765, 9666",12
"9666",9666,"5764, 7226, 9566, 9665, 9466, 9565, 9567, 9664, 7030, 9866, 9767, 9668, 9766, 9667",14
"9667",9667,"9567, 9666, 9467, 9568, 9163, 9867, 9768, 9669, 9766, 9668",10
"9668",9668,"9568, 9667, 9468, 9567, 9569, 9666, 5282, 9868, 9769, 9670, 9768, 9669",12
"9669",9669,"9569, 9668, 2615, 9568, 9570, 9667, 2200, 6994, 9869, 9671, 9769, 9670",12
"9670",9670,"5121, 8898, 9570, 9669, 1314, 6390, 9470, 9569, 9571, 9668, 9870, 9771, 9769, 9770, 9671",15
"9671",9671,"7276, 8630, 9571, 9670, 9471, 9570, 9572, 9669, 9871, 9772, 9673, 9770, 9771, 9672",14
"9672",9672,"663, 9572, 9671, 9472, 9571, 9573, 8535, 9741, 9872, 9773, 9674, 9771, 9772, 9673",14
"9673",9673,"9672, 4345, 9473, 9572, 9574, 9671, 2022, 3168, 9873, 9774, 9772, 9674",12
"9674",9674,"9574, 9673, 2510, 9474, 9573, 9575, 9672, 4245, 9874, 9775, 9773, 9774, 9675",13
"9675",9675,"9575, 9674, 4707, 9475, 9574, 9576, 9875, 9776, 9677, 9774, 9775, 9676",12
"9676",9676,"9576, 9675, 5390, 3474, 9575, 9577, 995, 9876, 9777, 9775, 9776, 9677",12
"9677",9677,"9577, 9676, 9576, 4583, 9675, 9272, 9778, 9679, 9777, 9678",10
"9678",9678,"9578, 9677, 4969, 2641, 5365, 9478, 9579, 9878, 9779, 9680, 9777, 9679",12
"9679",9679,"311, 9678, 9578, 9580, 9677, 1148, 1876, 9925, 9780, 9681, 9778, 9779",12
"9680",9680,"9580, 9480, 9579, 9581, 9678, 6088, 6620, 9880, 9781, 9682, 9681",11
"9681",9681,"9581, 9680, 1606, 9159, 9481, 9582, 9679, 9881, 9782, 9683, 9780, 9781, 9682",13
"9682",9682,"9582, 9681, 8965, 9581, 9583, 9680, 9684, 9882, 9781, 9782, 9683",11
"9683",9683,"4163, 9583, 9682, 9483, 9582, 8008, 9681, 2512, 9883, 9784, 9782, 9783, 9684",13
"9684",9684,"9584, 9683, 9484, 9585, 9682, 9884, 9686, 9783, 9784, 9685",10
"9685",9685,"9585, 9684, 9485, 9584, 9586, 9885, 9786, 9687, 9784, 9785",10
"9686",9686,"5335, 5580, 9586, 8259, 9486, 9585, 9587, 9684, 8346, 9886, 9787, 9785, 9786, 9687",14
"9687",9687,"9587, 9686, 9487, 9586, 9588, 9685, 9887, 9788, 9689, 9786, 9787, 9688",12
"9688",9688,"9588, 9687, 9488, 9587, 9589, 9888, 9789, 9787, 9788, 9689",10
"9689",9689,"9589, 9688, 4898, 7301, 5911, 9588, 9590, 9687, 9790, 9691, 9788, 9789, 9690",13
"9690",9690,"11, 9590, 9689, 2603, 200, 9490, 9589, 9591, 6491, 9930, 9890, 9791, 9692, 9789",14
"9691",9691,"9591, 5515, 8974, 9491, 9590, 9592, 9689, 9891, 9792, 9693, 9790, 9791, 9692",13
"9692",9692,"9169, 9592, 9691, 2119, 3131, 7516, 9591, 9593, 9690, 9892, 9694, 9791, 9792, 9693",14
"9693",9693,"9593, 9692, 6444, 4662, 9592, 9594, 9691, 1043, 9794, 9793, 9694",11
"9694",9694,"8778, 9594, 9693, 4379, 9494, 9593, 9692, 9795, 9696, 9794, 9695",11
"9695",9695,"9595, 9694, 9495, 9594, 9596, 8786, 7087, 1367, 9796, 9697, 9794, 9795",12
"9696",9696,"9596, 7653, 3010, 9595, 9597, 9694, 9797, 9795, 9796, 9697",10
"9697",9697,"9597, 9696, 9497, 9596, 9598, 9695, 9798, 9699, 9796, 9797, 9698",11
"9698",9698,"4247, 9598, 9697, 9498, 9597, 9599, 3585, 3633, 9898, 9799, 9700, 9797, 9798",13
"9699",9699,"9599, 9499, 9598, 9600, 9697, 3890, 9722, 9899, 9800, 9798, 9799",11
"9700",9700,"9600, 1350, 9500, 9599, 9698, 9923, 9900, 9799, 9800",9
"9701",9701,"9066, 9601, 2422, 9501, 9602, 9901, 9802, 9703, 9801, 9702",10
"9702",9702,"4207, 9602, 9701, 4624, 9502, 9601, 9603, 9902, 9803, 9704, 9801, 9802, 9703",13
"9703",9703,"9603, 9702, 1891, 9503, 9602, 9701, 3321, 9903, 9804, 9705, 9803, 9704",12
"9704",9704,"8945, 9604, 9703, 9504, 9603, 2920, 9702, 9084, 1686, 5659, 9803, 9705",12
"9705",9705,"9605, 9704, 1192, 4867, 9505, 9604, 9606, 9703, 7016, 8729, 9905, 9707, 9805, 9706",14
"9706",9706,"7066, 7149, 9705, 4124, 9506, 9605, 9607, 4897, 9906, 9807, 9806",11
"9707",9707,"4681, 9607, 9606, 9608, 9705, 9907, 9808, 9709, 9806, 9807, 9708",11
"9708",9708,"9608, 9707, 4308, 9508, 9609, 5575, 4307, 9908, 9809, 9710, 9709",11
"9709",9709,"5813, 9708, 9509, 9608, 9610, 9707, 757, 9909, 9810, 9711, 9808, 9809",12
"9710",9710,"9610, 9510, 9609, 9611, 9708, 1782, 9910, 9712, 9809, 9810, 9711",11
"9711",9711,"9611, 9710, 3230, 3730, 9511, 9610, 9612, 9709, 6644, 9812, 9713, 9712",12
"9712",9712,"8956, 9612, 9711, 9512, 9611, 9613, 9710, 7809, 3509, 9813, 9714, 9812",12
"9713",9713,"9502, 9613, 7520, 9513, 9612, 9711, 8541, 9814, 9715, 9812, 9813, 9714",12
"9714",9714,"1225, 2577, 9614, 9713, 9514, 9613, 5840, 9712, 9914, 9815, 9716, 9813, 9891, 9814, 9949",15
"9715",9715,"9602, 9615, 7919, 9515, 9616, 9713, 9816, 9717, 9814, 9815, 9716",11
"9716",9716,"9715, 8816, 9516, 9615, 9617, 9714, 9815, 9916, 9817, 9816, 9717",11
"9717",9717,"9617, 9716, 2441, 5080, 9517, 9715, 1068, 9917, 9818, 9817, 9718",11
"9718",9718,"9618, 9717, 627, 9518, 9617, 9619, 9918, 9819, 9720, 9817, 9818, 9719",12
"9719",9719,"4430, 6418, 9619, 9718, 6998, 3793, 9618, 9620, 9919, 9819, 9720",11
"9720",9720,"9620, 9719, 2726, 2475, 9520, 9619, 9718, 9920, 9821, 9722, 9819, 9820, 9721",13
"9721",9721,"9621, 9720, 9521, 9592, 9620, 9622, 5226, 9921, 9822, 9820, 9821, 9722",12
"9722",9722,"5221, 9622, 9721, 9522, 9621, 9623, 9720, 9699, 9823, 9724, 9821, 9822, 9723",13
"9723",9723,"9623, 9722, 9622, 3269, 2718, 9923, 9824, 9725, 9822, 9823, 9724",11
"9724",9724,"1493, 9723, 9524, 7984, 9722, 4986, 7030, 9825, 9823, 9725",10
"9725",9725,"3664, 9625, 9724, 8972, 9525, 9624, 9626, 9723, 9925, 9727, 9824, 9825, 9726",13
"9726",9726,"9626, 9725, 9526, 9625, 9627, 8319, 9926, 9827, 9825, 9727",10
"9727",9727,"1318, 9627, 9726, 9527, 9628, 9725, 9927, 9828, 9729, 9826, 9827, 9728",12
"9728",9728,"9628, 9727, 9528, 8777, 9629, 6873, 9928, 9829, 9730, 9827, 9729",11
"9729",9729,"9629, 9728, 6520, 9529, 9628, 9630, 9727, 9929, 9830, 9731, 9828, 9829, 9730",13
"9730",9730,"9630, 9729, 2994, 2198, 4057, 9728, 324, 9831, 9732, 9829, 9830, 9731",12
"9731",9731,"352, 3119, 9631, 9730, 6020, 9531, 9630, 9632, 9729, 3082, 9832, 9733, 9830, 9831",14
"9732",9732,"3830, 9632, 173, 9532, 9631, 9633, 9730, 9932, 9833, 9734, 9831, 9832",12
"9733",9733,"9633, 5457, 2820, 9533, 9632, 9634, 9731, 9933, 9834, 9735, 9832, 9833",12
"9734",9734,"9634, 9660, 6060, 8784, 9534, 9633, 9635, 9732, 9934, 9736, 9833, 9834",12
"9735",9735,"3359, 5580, 9635, 5307, 9535, 9634, 9636, 9733, 4422, 9935, 9836, 9834, 9885, 9736",14
"9736",9736,"9636, 9735, 3365, 9274, 9536, 9635, 9637, 9734, 8885, 9936, 9837, 9738, 9836, 9737",14
"9737",9737,"9637, 9736, 3329, 9636, 9638, 9937, 9838, 9837, 9738",9
"9738",9738,"8664, 9638, 9737, 9538, 9637, 9639, 9736, 9938, 9740, 9837, 9838, 9739",12
"9739",9739,"5059, 3971, 9738, 9638, 9640, 1646, 9939, 9741, 9838, 9839, 9740",11
"9740",9740,"9640, 9739, 5535, 9540, 9639, 9641, 9738, 9940, 9841, 9742, 9839, 9840, 9741",13
"9741",9741,"9641, 9740, 8033, 9541, 9640, 9642, 9739, 9672, 5916, 9941, 9842, 9743, 9841",13
"9742",9742,"9642, 9542, 9641, 9643, 9740, 9843, 9744, 9841, 9842, 9743",10
"9743",9743,"1206, 9742, 9543, 9642, 9644, 9741, 9943, 9844, 9745, 9842, 9843, 9744",12
"9744",9744,"7331, 9743, 3250, 9544, 9643, 9742, 7891, 9944, 9746, 9844",10
"9745",9745,"9645, 8958, 8062, 5024, 9644, 9646, 9743, 9945, 9846, 9747, 9844, 9845, 9746",13
"9746",9746,"9646, 9745, 9546, 9645, 9647, 9744, 9946, 9847, 9748, 9845, 9846, 9747",12
"9747",9747,"9647, 9746, 9476, 9547, 8073, 9648, 9745, 6753, 9848, 9749, 9846, 9847, 9748",13
"9748",9748,"9648, 9747, 9054, 4598, 9647, 9649, 9746, 9948, 9847, 9749",10
"9749",9749,"9649, 9748, 6435, 9549, 9648, 9650, 9747, 9949, 9751, 9848",10
"9750",9750,"5619, 9550, 9649, 9651, 2863, 1134, 9950, 9851, 9752, 9849, 9850",11
"9751",9751,"9651, 2242, 3141, 6696, 3285, 9650, 9652, 9749, 5674, 9951, 9852, 9850, 9851, 9752",14
"9752",9752,"9652, 9751, 9552, 9158, 9653, 9750, 1091, 9952, 9754, 9851, 9852",11
"9753",9753,"9553, 9652, 9654, 6176, 9853, 9953, 9854, 9755, 9852",9
"9754",9754,"3969, 9654, 1194, 9554, 9653, 9655, 9752, 9954, 9855, 9756, 9854",11
"9755",9755,"9655, 9555, 9654, 9656, 9753, 3762, 9955, 9757, 9854, 9855",10
"9756",9756,"9656, 8453, 9556, 9655, 9657, 9754, 9956, 9758, 9855, 9757",10
"9757",9757,"9657, 9756, 9557, 9656, 9658, 9755, 9858, 9759, 9856, 9857, 9758",11
"9758",9758,"9658, 9757, 2539, 9375, 9558, 3771, 9756, 2828, 9958, 9859, 9760, 9759",12
"9759",9759,"6315, 9758, 9559, 5433, 9660, 9757, 8291, 9959, 9761, 9858, 9859",11
"9760",9760,"9660, 7297, 7357, 9560, 9659, 9661, 9758, 5666, 9861, 9762, 9860, 9761",12
"9761",9761,"154, 1263, 9661, 9760, 2022, 9561, 9660, 9662, 9759, 9961, 9862, 9763, 9860, 9861, 9762",15
"9762",9762,"9761, 2410, 9492, 9661, 9663, 9760, 9962, 9863, 9764, 9861, 9862, 9763",12
"9763",9763,"3651, 9663, 9762, 1422, 9563, 9662, 9664, 9761, 9963, 9864, 9765, 9862, 9863, 9764",14
"9764",9764,"5217, 9664, 9763, 634, 9564, 9663, 9665, 9762, 9964, 9865, 9766, 9863, 9864, 9765",14
"9765",9765,"9665, 9764, 9565, 9664, 9763, 1120, 9965, 9866, 9864, 9865",10
"9766",9766,"9666, 2008, 2763, 9665, 9667, 9764, 9966, 9867, 9768, 9865, 9866, 9767",12
"9767",9767,"1500, 604, 9766, 4050, 9567, 9666, 7694, 8977, 9302, 9868, 9768",11
"9768",9768,"9668, 9767, 3495, 7708, 9568, 9667, 9766, 9968, 9869, 9770, 9867, 9868, 9769",13
"9769",9769,"5615, 9669, 9768, 1264, 7273, 9569, 9668, 9670, 9969, 9870, 9771, 9868, 9869",13
"9770",9770,"9670, 1612, 9570, 9671, 9768, 9970, 9871, 9772, 9869, 9870, 9771",11
"9771",9771,"9671, 9770, 6064, 9670, 9672, 9769, 9971, 9872, 9773, 9870, 9871, 9772",12
"9772",9772,"9672, 9771, 118, 9572, 9671, 9673, 9770, 5408, 6949, 9972, 9774, 9871, 9773",13
"9773",9773,"3439, 9772, 9573, 9672, 9674, 9771, 9973, 9874, 9775, 9872, 9873, 9774",12
"9774",9774,"7351, 9674, 9773, 9574, 9673, 9675, 9772, 3513, 9974, 9875, 9776, 9874, 9775",13
"9775",9775,"8006, 9675, 9774, 9575, 9674, 9676, 9773, 9975, 9876, 9777, 9874, 9875, 9776",13
"9776",9776,"9676, 9775, 9576, 9675, 8980, 9774, 3491, 9976, 9778, 9876, 9777",11
"9777",9777,"3038, 9677, 9776, 9577, 9676, 9678, 9775, 9977, 9878, 9779, 9876, 9877, 9778",13
"9778",9778,"9777, 2492, 8167, 9578, 9677, 9679, 9776, 9978, 9879, 9780, 9877, 9878, 9779",13
"9779",9779,"9679, 9778, 9579, 9678, 9777, 9979, 9880, 9781, 9878, 9879, 9780",11
"9780",9780,"9779, 2277, 9580, 9679, 9681, 9778, 2884, 9980, 9881, 9782, 9880, 9781",12
"9781",9781,"9470, 9681, 9780, 9581, 9680, 9682, 9779, 9981, 9882, 9783, 9880, 9881",12
"9782",9782,"9682, 3075, 9582, 9681, 9683, 9780, 9982, 9883, 9784, 9881, 9882, 9783",12
"9783",9783,"9213, 9683, 9782, 9583, 9684, 9781, 9983, 9785, 9882, 9883, 9784",11
"9784",9784,"9684, 9783, 9584, 9683, 9685, 9782, 9984, 9885, 9786, 9883, 9884, 9785",12
"9785",9785,"9685, 9784, 8552, 9585, 3761, 9686, 9783, 9985, 9886, 9787, 9885, 9786",12
"9786",9786,"9686, 9785, 9685, 9687, 9784, 5451, 3932, 9986, 9887, 9886, 9787",11
"9787",9787,"9687, 9786, 947, 9686, 9688, 9785, 2785, 9987, 9888, 9886, 9887, 9788",12
"9788",9788,"9688, 9787, 5089, 9588, 9687, 9689, 9988, 9790, 9887, 9888, 9789",11
"9789",9789,"7257, 9689, 9788, 7009, 9589, 9688, 9690, 9989, 9890, 9791, 9888, 9889, 9790",13
"9790",9790,"4624, 2241, 9789, 815, 7290, 9590, 9689, 9691, 9788, 9990, 9891, 9792, 9889, 9791",14
"9791",9791,"9691, 9790, 1596, 3497, 9648, 9591, 9690, 9692, 9789, 9991, 9892, 9793, 9890, 9891",14
"9792",9792,"9692, 9158, 2905, 9691, 6769, 9790, 9197, 9992, 9893, 9794, 9892, 9793",12
"9793",9793,"9693, 9792, 9593, 4177, 357, 9791, 9993, 9894, 9795, 9892, 9893, 9794",12
"9794",9794,"6386, 9694, 9793, 9594, 9693, 9695, 9792, 1781, 9994, 9895, 9796, 9894, 9795",13
"9795",9795,"9695, 9794, 409, 9595, 9694, 9696, 9793, 9145, 9995, 9896, 9895, 9796",12
"9796",9796,"4816, 9696, 9795, 1844, 7969, 8574, 9596, 9695, 9697, 9794, 9996, 9897, 9798, 9895, 9896, 9797",16
"9797",9797,"9697, 9796, 9696, 9698, 9997, 9898, 9799, 9897",8
"9798",9798,"9698, 650, 1268, 9598, 9697, 9699, 9796, 9998, 9899, 9897, 9799",11
"9799",9799,"9699, 9798, 1056, 5765, 9599, 9698, 9700, 9797, 8049, 9898, 9899, 9800",12
"9800",9800,"9700, 9799, 9600, 9699, 1941, 10000, 9900",7
"9801",9801,"9701, 6329, 9702, 9902, 9803, 9901, 9802",7
"9802",9802,"9702, 9801, 9602, 9701, 8646, 9902, 9804, 9901, 9803",9
"9803",9803,"9703, 9802, 1649, 9702, 9704, 9801, 9904, 9805, 9902, 9903",10
"9804",9804,"1830, 9604, 9703, 9802, 9806, 9903, 9904, 9805",8
"9805",9805,"757, 9705, 9804, 3371, 9605, 1625, 3662, 9803, 9906, 9807, 9904, 9806",12
"9806",9806,"9706, 9805, 3606, 9606, 9707, 9804, 9907, 9905, 9906, 9807",10
"9807",9807,"7488, 9707, 9806, 5032, 5429, 9706, 9805, 9908, 9809, 9906, 9907, 9808",12
"9808",9808,"4960, 9807, 8093, 114, 9707, 9709, 4623, 9909, 9810, 9907, 9908, 9809",12
"9809",9809,"9709, 9808, 8515, 9609, 9708, 9710, 9807, 9910, 9811, 9908, 9909, 9810",12
"9810",9810,"6075, 8395, 9710, 9809, 4224, 9709, 6346, 9808, 9911, 9909, 9910, 9811",12
"9811",9811,"9298, 9810, 1632, 9611, 2184, 9809, 9912, 9813, 9910, 9911",10
"9812",9812,"6776, 9712, 5983, 5157, 7208, 9612, 9711, 9713, 7359, 6876, 8815, 9913, 9912, 9813",14
"9813",9813,"9713, 9812, 9613, 9712, 9714, 9811, 8820, 9815, 9912, 9913",10
"9814",9814,"9714, 295, 9614, 9713, 9715, 9816, 9913, 9914, 9815",9
"9815",9815,"5938, 9715, 9814, 9615, 9714, 9716, 9813, 9916, 9817, 9914, 9915, 9816",12
"9816",9816,"9716, 9815, 9616, 9715, 1070, 9814, 9917, 9818, 9915, 9916",10
"9817",9817,"9717, 2452, 8239, 9716, 9718, 9815, 893, 9918, 9916, 9917",10
"9818",9818,"9718, 3324, 4724, 6444, 9618, 9717, 4257, 9816, 7319, 9919, 9820, 9917, 9918",13
"9819",9819,"9719, 9619, 9718, 9720, 2292, 9920, 9821, 9918, 9919",9
"9820",9820,"9720, 3292, 182, 9620, 4315, 9721, 9818, 6453, 9822, 9919, 9832",11
"9821",9821,"7448, 9721, 1237, 4065, 9621, 9720, 9722, 9819, 9922, 9823, 9920, 9921, 9822",13
"9822",9822,"4997, 9722, 9821, 9622, 9721, 9723, 9820, 9824, 9921, 9922, 9823",11
"9823",9823,"9723, 9822, 9623, 9722, 9724, 9821, 9538, 2341, 6878, 9825, 9824",11
"9824",9824,"4098, 9823, 1020, 9602, 9624, 9723, 9725, 9822, 9925, 9826, 9923, 9924, 9825",13
"9825",9825,"9725, 9824, 9625, 9724, 9726, 9823, 9926, 9924, 9925, 9826",10
"9826",9826,"6989, 5718, 9825, 5550, 9626, 8013, 9727, 9824, 9927, 9828, 9925, 9926, 9827",13
"9827",9827,"59, 9727, 9826, 9627, 9726, 9728, 2313, 9928, 9829, 9926, 9927, 9828",12
"9828",9828,"9827, 9628, 9727, 9729, 9826, 9830, 9927, 9928, 9829",9
"9829",9829,"9729, 9828, 4598, 5302, 9629, 9728, 9730, 9827, 9831, 9928, 9929, 9830",12
"9830",9830,"9730, 9829, 151, 7263, 9630, 9729, 9731, 9828, 299, 9832, 9929, 9930, 9831",13
"9831",9831,"9452, 9731, 9830, 1227, 6062, 9631, 9730, 9732, 9829, 8505, 9932, 9930",12
"9832",9832,"4278, 9732, 9820, 8428, 9083, 9002, 9731, 9733, 9830, 9933, 9834, 9931, 9932, 9833",14
"9833",9833,"9733, 9832, 9633, 9732, 9734, 9934, 9835, 9933, 9834",9
"9834",9834,"9176, 9734, 9833, 9634, 9733, 9735, 9832, 9935, 9933, 9934, 9835",11
"9835",9835,"9834, 9635, 6432, 9833, 904, 9936, 9837, 9935",8
"9836",9836,"9736, 8647, 8306, 9735, 5996, 1548, 9937, 9838, 9935, 9936",10
"9837",9837,"6352, 9737, 209, 9637, 9736, 9738, 9835, 9938, 9839, 9936, 9937, 9838",12
"9838",9838,"3422, 9738, 9837, 9638, 9737, 9739, 9836, 9840, 9937, 9938, 9839",11
"9839",9839,"1678, 2569, 9739, 9838, 2603, 9740, 9837, 7547, 9841, 9938, 9939",11
"9840",9840,"9740, 2071, 9838, 9941, 9842, 9939, 9940, 9841",8
"9841",9841,"9741, 9840, 9641, 9740, 9742, 9839, 9942, 9843, 9842",9
"9842",9842,"9742, 9841, 9642, 9741, 9743, 9840, 9943, 9844, 9941, 9942, 9843",11
"9843",9843,"9743, 9842, 1681, 9643, 9742, 9841, 9944, 9845, 9942, 9943, 9844",11
"9844",9844,"9744, 9843, 9644, 9743, 9745, 9842, 2189, 9945, 9846, 9943, 9944",11
"9845",9845,"9745, 9645, 3784, 9746, 9843, 9630, 9946, 9847, 9846",9
"9846",9846,"2969, 9746, 9845, 3858, 9646, 9745, 9747, 9844, 9848, 9945, 9946, 9847",12
"9847",9847,"6652, 9747, 9846, 5833, 9647, 9746, 9748, 9845, 2622, 9849, 9946, 9947, 9848",13
"9848",9848,"5959, 4883, 9847, 9648, 9747, 9749, 9846, 9949, 9850, 9947, 9948, 9849",12
"9849",9849,"9848, 3851, 9649, 7399, 9750, 9847, 9950, 9851, 9948, 9949, 9850",11
"9850",9850,"5116, 9750, 9849, 4675, 9650, 6845, 9751, 9848, 9951, 9852, 9950, 9851",12
"9851",9851,"6031, 9751, 9850, 8254, 9651, 9750, 9752, 9849, 9952, 9853, 9950, 9951, 9852",13
"9852",9852,"642, 1323, 9752, 9851, 9528, 9751, 9753, 9850, 9953, 9854, 9952, 9853",12
"9853",9853,"9753, 9852, 2769, 9653, 3749, 9851, 9855, 9952, 9953, 9854",10
"9854",9854,"9754, 9853, 2562, 1184, 9753, 9755, 9852, 9955, 9856, 9953, 9954, 9855",12
"9855",9855,"9755, 9854, 3834, 9655, 9754, 9756, 9853, 605, 9857, 9954, 9955, 9856",12
"9856",9856,"5680, 6609, 9855, 7461, 9656, 9757, 9854, 9597, 9957, 9858, 9955, 9857",12
"9857",9857,"292, 9757, 9856, 495, 9657, 225, 9855, 5821, 4441, 9859, 9879, 9957, 9858",13
"9858",9858,"2718, 4605, 9857, 7752, 8266, 9658, 9757, 9759, 9856, 9959, 9860, 9957, 9958, 9859",14
"9859",9859,"2643, 9759, 9858, 417, 3467, 9659, 9758, 4502, 9857, 9960, 9861, 9958, 9959, 9860",14
"9860",9860,"3868, 9760, 9859, 9660, 9761, 9858, 9961, 9862, 9959, 9960, 9861",11
"9861",9861,"9761, 9860, 2107, 9661, 9760, 9762, 9859, 9962, 9863, 9960, 9961",11
"9862",9862,"2292, 2376, 3446, 9762, 6714, 9662, 9761, 9763, 9860, 9963, 9864, 9961",12
"9863",9863,"9361, 9763, 3113, 5049, 9762, 9764, 9861, 9964, 9865, 9962, 9963, 9864",12
"9864",9864,"9764, 9863, 9664, 9763, 9765, 9862, 3015, 9871, 9965, 9963, 9964, 9865",12
"9865",9865,"6424, 9765, 9864, 9665, 9764, 9766, 9863, 9966, 9867, 9964, 9866",11
"9866",9866,"9766, 9865, 9666, 9765, 7780, 9868, 9966, 9867",8
"9867",9867,"1422, 9866, 9667, 9766, 9768, 9865, 528, 9968, 9869, 9966, 9868",11
"9868",9868,"9768, 9867, 4820, 9668, 9767, 9769, 9866, 9969, 9870, 9967, 9968, 9869",12
"9869",9869,"9769, 9868, 5927, 9669, 9768, 9770, 9867, 9970, 9871, 9968, 9969, 9870",12
"9870",9870,"1497, 2054, 9770, 9869, 9670, 9769, 9771, 9868, 7502, 9971, 9872, 9969, 9871",13
"9871",9871,"7585, 9771, 9870, 9864, 9671, 9770, 9772, 9869, 9873, 9970, 9971, 9872",12
"9872",9872,"5267, 9871, 4960, 9672, 9771, 9773, 9870, 9973, 9874, 9971, 9873",11
"9873",9873,"9773, 9872, 5617, 9673, 9871, 9974, 9875, 9972, 9973, 9874",10
"9874",9874,"9774, 9873, 6962, 9674, 9773, 9775, 9872, 1124, 9975, 9876, 9974, 9875",12
"9875",9875,"9775, 9874, 9675, 9774, 9873, 8838, 9976, 9877, 9974, 9975",10
"9876",9876,"5337, 9776, 9676, 9775, 9777, 9874, 729, 9878, 9877",9
"9877",9877,"9777, 9876, 3083, 4859, 9778, 9875, 504, 9978, 9977, 9878",10
"9878",9878,"9778, 9877, 5528, 9678, 9777, 9779, 9876, 9979, 9880, 9977, 9978",11
"9879",9879,"9779, 9857, 9778, 9980, 9881, 9978, 9979, 9880",8
"9880",9880,"9780, 9879, 822, 1876, 9680, 9779, 9781, 9878, 9981, 9979, 9980",11
"9881",9881,"9781, 7970, 8017, 9681, 9780, 9782, 9879, 9883, 9981, 9882",10
"9882",9882,"9782, 9881, 9682, 9781, 9783, 2045, 4730, 9983, 9981, 9982, 9883",11
"9883",9883,"8096, 9783, 9882, 8554, 9683, 9782, 9784, 9881, 9984, 9885, 9982, 9983, 9884",13
"9884",9884,"9784, 9883, 9025, 9684, 2601, 8315, 9985, 9886, 9983, 9984, 9885",11
"9885",9885,"9735, 9785, 9884, 4676, 9685, 9784, 9883, 4390, 9887, 9984, 9985, 9886",12
"9886",9886,"1497, 9786, 9885, 5312, 9686, 9785, 9787, 9884, 2600, 9987, 9985",11
"9887",9887,"9787, 6957, 9687, 9786, 9788, 9885, 9988, 9986, 9987",9
"9888",9888,"9788, 2781, 9688, 9787, 9789, 9989, 9890, 9987, 9988, 9889",10
"9889",9889,"9789, 9888, 8077, 9790, 1518, 9989, 9890",7
"9890",9890,"9889, 6376, 9690, 9789, 9791, 9888, 9991, 9892, 9989, 9990, 9891",11
"9891",9891,"7605, 9791, 9890, 3573, 5551, 9691, 9790, 3484, 546, 9714, 9992, 9991",12
"9892",9892,"3059, 9105, 9792, 332, 8540, 9692, 9791, 9793, 9890, 5909, 5518, 9993, 9894, 9992",14
"9893",9893,"9097, 9793, 9792, 9994, 9895, 9993, 9894",7
"9894",9894,"9794, 9893, 2494, 7153, 7533, 9793, 3421, 9892, 4540, 9995, 9896, 9993, 9895",13
"9895",9895,"9795, 9894, 9794, 9796, 9893, 9897, 9994, 9995, 9896",9
"9896",9896,"9796, 9895, 6272, 8427, 9795, 8901, 9894, 3014, 9997, 9898, 9995, 9996",12
"9897",9897,"9797, 5354, 699, 9796, 9798, 9895, 9652, 9998, 9899, 9996, 9898",11
"9898",9898,"2912, 735, 9897, 33, 9698, 9797, 9799, 9896, 7355, 9999, 9997, 9998, 9899",13
"9899",9899,"9799, 9898, 4741, 6282, 9699, 9798, 1927, 9897, 10000, 9998, 9999, 9900",12
"9900",9900,"3428, 9800, 9899, 2030, 9700, 9999, 10000",7
"9901",9901,"3502, 9801, 9701, 9802, 9903, 9902",6
"9902",9902,"9802, 1981, 7728, 9702, 9801, 9803, 9901, 9904, 9903",9
"9903",9903,"9803, 9902, 9703, 9804, 9901, 9905",6
"9904",9904,"9804, 5269, 9803, 9805, 9902, 4762, 9348, 9905",8
"9905",9905,"8526, 9705, 1966, 9806, 9903, 9904, 9907, 9906",8
"9906",9906,"9806, 9706, 9805, 9807, 9905, 9908, 9907",7
"9907",9907,"9807, 9707, 9806, 9808, 9905, 9906, 9909, 9908",8
"9908",9908,"9808, 9907, 9708, 9807, 9809, 9906, 9910",7
"9909",9909,"2495, 9809, 5077, 9597, 9709, 9808, 9810, 9907, 9458, 2632, 9910",11
"9910",9910,"9810, 9909, 1090, 4183, 9710, 9809, 9811, 9908, 9912",9
"9911",9911,"1875, 6440, 9811, 2924, 9810, 5124, 9913, 9912",8
"9912",9912,"5235, 8004, 9812, 1725, 9811, 9813, 9910, 9911, 9913",9
"9913",9913,"2935, 9813, 9912, 866, 9812, 9814, 9911, 9915",8
"9914",9914,"9814, 9714, 5527, 9815, 1052, 4207, 9916, 9915",8
"9915",9915,"9815, 2675, 6417, 9816, 9913, 9914, 9917, 9916",8
"9916",9916,"9816, 9716, 9815, 9817, 9914, 9915, 9918, 9917",8
"9917",9917,"7648, 9817, 9717, 9816, 9818, 9915, 9916, 9919, 9918",9
"9918",9918,"9818, 9718, 9817, 9819, 9916, 9917, 9920, 9919",8
"9919",9919,"9819, 9719, 9818, 9820, 9917, 9918, 9921, 9920",8
"9920",9920,"9720, 9819, 9821, 9918, 9919, 9922, 9921",7
"9921",9921,"3864, 9821, 3942, 9721, 9223, 9822, 9919, 9920, 9923, 9922",10
"9922",9922,"9822, 9821, 9920, 9921, 9924, 9923",6
"9923",9923,"646, 6066, 9723, 9700, 9824, 9921, 9922, 9925, 9924",9
"9924",9924,"9824, 1982, 3100, 8926, 9825, 9922, 9923, 9926, 9925",9
"9925",9925,"9679, 9825, 127, 9725, 9824, 9826, 9923, 9924, 9927, 9926",10
"9926",9926,"9826, 6849, 9726, 9825, 9827, 9924, 9925, 9928, 9927",9
"9927",9927,"9827, 9926, 9727, 9826, 9828, 9925",6
"9928",9928,"9828, 9728, 9827, 9829, 9926, 8980, 9930, 9929",8
"9929",9929,"7774, 9829, 9729, 9264, 9830, 5189, 9928, 9931, 9930",9
"9930",9930,"9830, 4548, 9831, 9928, 9690, 9929, 9931",7
"9931",9931,"487, 6390, 9832, 9929, 2739, 9930, 9932",7
"9932",9932,"4443, 9832, 2467, 9732, 9831, 9412, 9931, 9933",8
"9933",9933,"9833, 9733, 9832, 9834, 9932, 9935, 9934",7
"9934",9934,"9834, 9933, 8343, 9734, 9833, 7250, 2277, 9936",8
"9935",9935,"9835, 7061, 9735, 9834, 9836, 9933, 9937, 9936",8
"9936",9936,"9836, 7663, 9736, 9835, 9837, 9934, 39, 9935, 9937",9
"9937",9937,"8221, 8379, 9837, 5677, 8767, 9737, 9836, 9838, 9935, 9936, 9939, 9938",12
"9938",9938,"6534, 9838, 2371, 7453, 9738, 9837, 9839, 2683, 9937, 9939",10
"9939",9939,"4702, 9839, 9938, 9739, 3924, 9840, 9937, 9941",8
"9940",9940,"9840, 9740, 5013, 2811, 9942, 9941",6
"9941",9941,"4189, 3516, 9940, 9741, 9840, 9842, 9939, 9943",8
"9942",9942,"221, 9842, 4796, 5962, 9841, 9843, 9940, 4139",8
"9943",9943,"7398, 8597, 9843, 408, 8882, 9743, 9842, 9844, 9941, 9945, 9944",11
"9944",9944,"548, 9844, 9744, 9843, 9943, 9945",6
"9945",9945,"5241, 5808, 9745, 9844, 9846, 9943, 9944, 9947, 9946",9
"9946",9946,"9846, 7806, 9746, 9845, 9847, 3231, 9945, 9947",8
"9947",9947,"9847, 9033, 9848, 9945, 9946, 9949, 9948",7
"9948",9948,"9848, 813, 9748, 9849, 6253, 9947, 9950, 9949",8
"9949",9949,"4374, 9714, 9849, 7227, 9749, 9848, 1736, 9947, 9948, 9951, 9950",11
"9950",9950,"9850, 1677, 9750, 9849, 9851, 9948, 9949, 9951",8
"9951",9951,"9851, 3717, 9751, 9850, 9949, 9950, 9953, 9952",8
"9952",9952,"9852, 9752, 9851, 9853, 8760, 9951, 9954, 9953",8
"9953",9953,"2484, 7362, 9853, 9753, 9852, 9854, 9951, 9952, 9955, 9954",10
"9954",9954,"9854, 748, 5418, 9754, 7391, 9855, 9952, 9953, 9956, 9955",10
"9955",9955,"9855, 9954, 9755, 9854, 9856, 9953, 9957",7
"9956",9956,"6865, 8104, 5322, 9756, 9954, 9628, 9958, 9957",8
"9957",9957,"8139, 9857, 9956, 4293, 2332, 9154, 9856, 9858, 9955, 9959",10
"9958",9958,"9858, 9758, 9859, 9956, 11, 9960, 9959",7
"9959",9959,"9859, 9759, 9858, 9860, 9957, 193, 9958, 9960",8
"9960",9960,"9860, 9859, 9861, 9958, 9959, 9962, 9961",7
"9961",9961,"9861, 7930, 9761, 9860, 9862, 9960, 9963, 9962",8
"9962",9962,"2983, 4769, 5699, 9762, 9861, 9863, 9960, 9961, 9963",9
"9963",9963,"9863, 680, 9763, 9862, 9864, 9961, 9962, 9965, 9964",9
"9964",9964,"4282, 7478, 9864, 9764, 9863, 9865, 5094, 9963, 9966, 9965",10
"9965",9965,"3294, 3925, 1208, 5855, 9765, 9864, 1747, 9963, 9964, 9967, 9966",11
"9966",9966,"1006, 9866, 3561, 9766, 9865, 9867, 9964, 9965, 9968, 9967",10
"9967",9967,"9868, 9965, 9966, 9969, 9968",5
"9968",9968,"9868, 3528, 9768, 9867, 9869, 9966, 9967, 9970, 9969",9
"9969",9969,"9869, 9769, 9868, 9870, 9967, 9968, 9971, 9970",8
"9970",9970,"9770, 9869, 9871, 9968, 9969, 9972, 9971",7
"9971",9971,"9871, 3244, 9771, 9870, 9872, 9969, 9970, 9972",8
"9972",9972,"6325, 7093, 3267, 4595, 9446, 9772, 6494, 9873, 9970, 9971, 9974, 9973",12
"9973",9973,"4942, 9873, 9773, 9872, 921, 9972, 9975, 9974",8
"9974",9974,"9874, 9774, 9873, 9875, 9972, 9973, 9976, 9975",8
"9975",9975,"9875, 9974, 2136, 9775, 9874, 4159, 9973, 684, 9977",9
"9976",9976,"6904, 9776, 9875, 9336, 9974, 9978, 9977",7
"9977",9977,"9877, 9976, 6075, 9777, 3237, 9878, 9975, 9979",8
"9978",9978,"9878, 7305, 9778, 9877, 9879, 9976, 9980",7
"9979",9979,"722, 9879, 1072, 2201, 9779, 9878, 9880, 9977, 1751, 9981, 9980",11
"9980",9980,"9880, 4549, 9780, 9879, 2843, 9978, 9979, 9982, 9981",9
"9981",9981,"3063, 9881, 9781, 9880, 9882, 9979, 9980, 9983, 9982",9
"9982",9982,"9882, 9782, 3, 9883, 9980, 9981, 9984, 9983",8
"9983",9983,"9883, 3141, 9783, 9882, 9884, 9981, 9982, 9985, 9984",9
"9984",9984,"9884, 4534, 9784, 9883, 9885, 9982, 9983, 9986, 9985",9
"9985",9985,"9885, 5080, 9785, 9884, 9886, 9983, 9984, 9986",8
"9986",9986,"9786, 9887, 9984, 9985, 9988, 9987",6
"9987",9987,"9887, 9787, 9886, 9888, 8374, 9986, 9989, 9988",8
"9988",9988,"6434, 9888, 9788, 9887, 3400, 9986, 5087, 9987, 9989",9
"9989",9989,"9889, 204, 3925, 8059, 9789, 9888, 9890, 9987, 9988, 9991, 9990",11
"9990",9990,"9890, 9989, 9790, 3730",4
"9991",9991,"9891, 9791, 9890, 9989, 5363, 9993, 9992",7
"9992",9992,"6851, 6375, 9892, 6321, 9792, 9891, 4880, 4309, 9991, 9994, 9993",11
"9993",9993,"9893, 2795, 9793, 9892, 9894, 9991, 9992, 9995, 9994",9
"9994",9994,"9392, 9794, 9893, 9895, 9992, 9993, 9996, 9995",8
"9995",9995,"9895, 9795, 9894, 9896, 9993, 9994, 9997, 9996",8
"9996",9996,"5895, 9896, 5056, 8783, 9796, 7103, 9897, 9994, 9995, 9998, 9997",11
"9997",9997,"4878, 9797, 9896, 9898, 9995, 9996, 9999, 9998",8
"9998",9998,"1306, 9898, 9216, 9798, 9897, 9899, 9996, 9997, 10000, 9999",10
"9999",9999,"9899, 448, 9898, 9900, 9997, 9998, 10000",7
"10000",10000,"9900, 9999, 574, 9800, 9899, 9998",6
