"","network","round","adopters","high_status","high_degree","tau_type"
"1",1,1,623,TRUE,FALSE,"random_tau"
"2",1,2,1105,TRUE,FALSE,"random_tau"
"3",1,3,1528,TRUE,FALSE,"random_tau"
"4",1,4,1998,TRUE,FALSE,"random_tau"
"5",1,5,2590,TRUE,FALSE,"random_tau"
"6",1,6,3282,TRUE,FALSE,"random_tau"
"7",1,7,4153,TRUE,FALSE,"random_tau"
"8",1,8,5215,TRUE,FALSE,"random_tau"
"9",1,9,6465,TRUE,FALSE,"random_tau"
"10",1,10,7807,TRUE,FALSE,"random_tau"
"11",1,11,8941,TRUE,FALSE,"random_tau"
"12",1,12,9651,TRUE,FALSE,"random_tau"
"13",1,13,9919,TRUE,FALSE,"random_tau"
"14",1,14,9983,TRUE,FALSE,"random_tau"
"15",1,15,9995,TRUE,FALSE,"random_tau"
"16",1,16,10000,TRUE,FALSE,"random_tau"
"17",1,17,10000,TRUE,FALSE,"random_tau"
"18",1,18,10000,TRUE,FALSE,"random_tau"
"19",1,19,10000,TRUE,FALSE,"random_tau"
"20",1,20,10000,TRUE,FALSE,"random_tau"
"21",1,21,10000,TRUE,FALSE,"random_tau"
"22",1,22,10000,TRUE,FALSE,"random_tau"
"23",1,23,10000,TRUE,FALSE,"random_tau"
"24",1,24,10000,TRUE,FALSE,"random_tau"
"25",1,25,10000,TRUE,FALSE,"random_tau"
"26",1,26,10000,TRUE,FALSE,"random_tau"
"27",1,27,10000,TRUE,FALSE,"random_tau"
"28",1,28,10000,TRUE,FALSE,"random_tau"
"29",1,29,10000,TRUE,FALSE,"random_tau"
"30",1,30,10000,TRUE,FALSE,"random_tau"
"31",1,31,10000,TRUE,FALSE,"random_tau"
"32",1,32,10000,TRUE,FALSE,"random_tau"
"33",1,33,10000,TRUE,FALSE,"random_tau"
"34",1,34,10000,TRUE,FALSE,"random_tau"
"35",1,35,10000,TRUE,FALSE,"random_tau"
"36",1,36,10000,TRUE,FALSE,"random_tau"
"37",1,37,10000,TRUE,FALSE,"random_tau"
"38",1,38,10000,TRUE,FALSE,"random_tau"
"39",1,39,10000,TRUE,FALSE,"random_tau"
"40",1,40,10000,TRUE,FALSE,"random_tau"
"41",1,41,10000,TRUE,FALSE,"random_tau"
"42",1,42,10000,TRUE,FALSE,"random_tau"
"43",1,43,10000,TRUE,FALSE,"random_tau"
"44",1,44,10000,TRUE,FALSE,"random_tau"
"45",1,45,10000,TRUE,FALSE,"random_tau"
"46",1,46,10000,TRUE,FALSE,"random_tau"
"47",1,47,10000,TRUE,FALSE,"random_tau"
"48",1,48,10000,TRUE,FALSE,"random_tau"
"49",1,49,10000,TRUE,FALSE,"random_tau"
"50",1,50,10000,TRUE,FALSE,"random_tau"
"51",1,51,10000,TRUE,FALSE,"random_tau"
"52",1,52,10000,TRUE,FALSE,"random_tau"
"53",1,53,10000,TRUE,FALSE,"random_tau"
"54",1,54,10000,TRUE,FALSE,"random_tau"
"55",1,55,10000,TRUE,FALSE,"random_tau"
"56",1,56,10000,TRUE,FALSE,"random_tau"
"57",1,57,10000,TRUE,FALSE,"random_tau"
"58",1,58,10000,TRUE,FALSE,"random_tau"
"59",1,59,10000,TRUE,FALSE,"random_tau"
"60",1,60,10000,TRUE,FALSE,"random_tau"
"61",1,61,10000,TRUE,FALSE,"random_tau"
"62",1,62,10000,TRUE,FALSE,"random_tau"
"63",1,63,10000,TRUE,FALSE,"random_tau"
"64",1,64,10000,TRUE,FALSE,"random_tau"
"65",1,65,10000,TRUE,FALSE,"random_tau"
"66",1,66,10000,TRUE,FALSE,"random_tau"
"67",1,67,10000,TRUE,FALSE,"random_tau"
"68",1,68,10000,TRUE,FALSE,"random_tau"
"69",1,69,10000,TRUE,FALSE,"random_tau"
"70",1,70,10000,TRUE,FALSE,"random_tau"
"71",1,71,10000,TRUE,FALSE,"random_tau"
"72",1,72,10000,TRUE,FALSE,"random_tau"
"73",1,73,10000,TRUE,FALSE,"random_tau"
"74",1,74,10000,TRUE,FALSE,"random_tau"
"75",1,75,10000,TRUE,FALSE,"random_tau"
"76",1,76,10000,TRUE,FALSE,"random_tau"
"77",1,77,10000,TRUE,FALSE,"random_tau"
"78",1,78,10000,TRUE,FALSE,"random_tau"
"79",1,79,10000,TRUE,FALSE,"random_tau"
"80",1,80,10000,TRUE,FALSE,"random_tau"
"81",1,81,10000,TRUE,FALSE,"random_tau"
"82",1,82,10000,TRUE,FALSE,"random_tau"
"83",1,83,10000,TRUE,FALSE,"random_tau"
"84",1,84,10000,TRUE,FALSE,"random_tau"
"85",1,85,10000,TRUE,FALSE,"random_tau"
"86",1,86,10000,TRUE,FALSE,"random_tau"
"87",1,87,10000,TRUE,FALSE,"random_tau"
"88",1,88,10000,TRUE,FALSE,"random_tau"
"89",1,89,10000,TRUE,FALSE,"random_tau"
"90",1,90,10000,TRUE,FALSE,"random_tau"
"91",1,91,10000,TRUE,FALSE,"random_tau"
"92",1,92,10000,TRUE,FALSE,"random_tau"
"93",1,93,10000,TRUE,FALSE,"random_tau"
"94",1,94,10000,TRUE,FALSE,"random_tau"
"95",1,95,10000,TRUE,FALSE,"random_tau"
"96",1,96,10000,TRUE,FALSE,"random_tau"
"97",1,97,10000,TRUE,FALSE,"random_tau"
"98",1,98,10000,TRUE,FALSE,"random_tau"
"99",1,99,10000,TRUE,FALSE,"random_tau"
"100",1,100,10000,TRUE,FALSE,"random_tau"
"101",2,1,621,TRUE,FALSE,"random_tau"
"102",2,2,1107,TRUE,FALSE,"random_tau"
"103",2,3,1529,TRUE,FALSE,"random_tau"
"104",2,4,2007,TRUE,FALSE,"random_tau"
"105",2,5,2570,TRUE,FALSE,"random_tau"
"106",2,6,3295,TRUE,FALSE,"random_tau"
"107",2,7,4181,TRUE,FALSE,"random_tau"
"108",2,8,5229,TRUE,FALSE,"random_tau"
"109",2,9,6522,TRUE,FALSE,"random_tau"
"110",2,10,7935,TRUE,FALSE,"random_tau"
"111",2,11,9085,TRUE,FALSE,"random_tau"
"112",2,12,9762,TRUE,FALSE,"random_tau"
"113",2,13,9974,TRUE,FALSE,"random_tau"
"114",2,14,10000,TRUE,FALSE,"random_tau"
"115",2,15,10000,TRUE,FALSE,"random_tau"
"116",2,16,10000,TRUE,FALSE,"random_tau"
"117",2,17,10000,TRUE,FALSE,"random_tau"
"118",2,18,10000,TRUE,FALSE,"random_tau"
"119",2,19,10000,TRUE,FALSE,"random_tau"
"120",2,20,10000,TRUE,FALSE,"random_tau"
"121",2,21,10000,TRUE,FALSE,"random_tau"
"122",2,22,10000,TRUE,FALSE,"random_tau"
"123",2,23,10000,TRUE,FALSE,"random_tau"
"124",2,24,10000,TRUE,FALSE,"random_tau"
"125",2,25,10000,TRUE,FALSE,"random_tau"
"126",2,26,10000,TRUE,FALSE,"random_tau"
"127",2,27,10000,TRUE,FALSE,"random_tau"
"128",2,28,10000,TRUE,FALSE,"random_tau"
"129",2,29,10000,TRUE,FALSE,"random_tau"
"130",2,30,10000,TRUE,FALSE,"random_tau"
"131",2,31,10000,TRUE,FALSE,"random_tau"
"132",2,32,10000,TRUE,FALSE,"random_tau"
"133",2,33,10000,TRUE,FALSE,"random_tau"
"134",2,34,10000,TRUE,FALSE,"random_tau"
"135",2,35,10000,TRUE,FALSE,"random_tau"
"136",2,36,10000,TRUE,FALSE,"random_tau"
"137",2,37,10000,TRUE,FALSE,"random_tau"
"138",2,38,10000,TRUE,FALSE,"random_tau"
"139",2,39,10000,TRUE,FALSE,"random_tau"
"140",2,40,10000,TRUE,FALSE,"random_tau"
"141",2,41,10000,TRUE,FALSE,"random_tau"
"142",2,42,10000,TRUE,FALSE,"random_tau"
"143",2,43,10000,TRUE,FALSE,"random_tau"
"144",2,44,10000,TRUE,FALSE,"random_tau"
"145",2,45,10000,TRUE,FALSE,"random_tau"
"146",2,46,10000,TRUE,FALSE,"random_tau"
"147",2,47,10000,TRUE,FALSE,"random_tau"
"148",2,48,10000,TRUE,FALSE,"random_tau"
"149",2,49,10000,TRUE,FALSE,"random_tau"
"150",2,50,10000,TRUE,FALSE,"random_tau"
"151",2,51,10000,TRUE,FALSE,"random_tau"
"152",2,52,10000,TRUE,FALSE,"random_tau"
"153",2,53,10000,TRUE,FALSE,"random_tau"
"154",2,54,10000,TRUE,FALSE,"random_tau"
"155",2,55,10000,TRUE,FALSE,"random_tau"
"156",2,56,10000,TRUE,FALSE,"random_tau"
"157",2,57,10000,TRUE,FALSE,"random_tau"
"158",2,58,10000,TRUE,FALSE,"random_tau"
"159",2,59,10000,TRUE,FALSE,"random_tau"
"160",2,60,10000,TRUE,FALSE,"random_tau"
"161",2,61,10000,TRUE,FALSE,"random_tau"
"162",2,62,10000,TRUE,FALSE,"random_tau"
"163",2,63,10000,TRUE,FALSE,"random_tau"
"164",2,64,10000,TRUE,FALSE,"random_tau"
"165",2,65,10000,TRUE,FALSE,"random_tau"
"166",2,66,10000,TRUE,FALSE,"random_tau"
"167",2,67,10000,TRUE,FALSE,"random_tau"
"168",2,68,10000,TRUE,FALSE,"random_tau"
"169",2,69,10000,TRUE,FALSE,"random_tau"
"170",2,70,10000,TRUE,FALSE,"random_tau"
"171",2,71,10000,TRUE,FALSE,"random_tau"
"172",2,72,10000,TRUE,FALSE,"random_tau"
"173",2,73,10000,TRUE,FALSE,"random_tau"
"174",2,74,10000,TRUE,FALSE,"random_tau"
"175",2,75,10000,TRUE,FALSE,"random_tau"
"176",2,76,10000,TRUE,FALSE,"random_tau"
"177",2,77,10000,TRUE,FALSE,"random_tau"
"178",2,78,10000,TRUE,FALSE,"random_tau"
"179",2,79,10000,TRUE,FALSE,"random_tau"
"180",2,80,10000,TRUE,FALSE,"random_tau"
"181",2,81,10000,TRUE,FALSE,"random_tau"
"182",2,82,10000,TRUE,FALSE,"random_tau"
"183",2,83,10000,TRUE,FALSE,"random_tau"
"184",2,84,10000,TRUE,FALSE,"random_tau"
"185",2,85,10000,TRUE,FALSE,"random_tau"
"186",2,86,10000,TRUE,FALSE,"random_tau"
"187",2,87,10000,TRUE,FALSE,"random_tau"
"188",2,88,10000,TRUE,FALSE,"random_tau"
"189",2,89,10000,TRUE,FALSE,"random_tau"
"190",2,90,10000,TRUE,FALSE,"random_tau"
"191",2,91,10000,TRUE,FALSE,"random_tau"
"192",2,92,10000,TRUE,FALSE,"random_tau"
"193",2,93,10000,TRUE,FALSE,"random_tau"
"194",2,94,10000,TRUE,FALSE,"random_tau"
"195",2,95,10000,TRUE,FALSE,"random_tau"
"196",2,96,10000,TRUE,FALSE,"random_tau"
"197",2,97,10000,TRUE,FALSE,"random_tau"
"198",2,98,10000,TRUE,FALSE,"random_tau"
"199",2,99,10000,TRUE,FALSE,"random_tau"
"200",2,100,10000,TRUE,FALSE,"random_tau"
"201",3,1,639,TRUE,FALSE,"random_tau"
"202",3,2,1131,TRUE,FALSE,"random_tau"
"203",3,3,1554,TRUE,FALSE,"random_tau"
"204",3,4,2047,TRUE,FALSE,"random_tau"
"205",3,5,2642,TRUE,FALSE,"random_tau"
"206",3,6,3325,TRUE,FALSE,"random_tau"
"207",3,7,4198,TRUE,FALSE,"random_tau"
"208",3,8,5275,TRUE,FALSE,"random_tau"
"209",3,9,6544,TRUE,FALSE,"random_tau"
"210",3,10,7920,TRUE,FALSE,"random_tau"
"211",3,11,9042,TRUE,FALSE,"random_tau"
"212",3,12,9724,TRUE,FALSE,"random_tau"
"213",3,13,9955,TRUE,FALSE,"random_tau"
"214",3,14,9996,TRUE,FALSE,"random_tau"
"215",3,15,10000,TRUE,FALSE,"random_tau"
"216",3,16,10000,TRUE,FALSE,"random_tau"
"217",3,17,10000,TRUE,FALSE,"random_tau"
"218",3,18,10000,TRUE,FALSE,"random_tau"
"219",3,19,10000,TRUE,FALSE,"random_tau"
"220",3,20,10000,TRUE,FALSE,"random_tau"
"221",3,21,10000,TRUE,FALSE,"random_tau"
"222",3,22,10000,TRUE,FALSE,"random_tau"
"223",3,23,10000,TRUE,FALSE,"random_tau"
"224",3,24,10000,TRUE,FALSE,"random_tau"
"225",3,25,10000,TRUE,FALSE,"random_tau"
"226",3,26,10000,TRUE,FALSE,"random_tau"
"227",3,27,10000,TRUE,FALSE,"random_tau"
"228",3,28,10000,TRUE,FALSE,"random_tau"
"229",3,29,10000,TRUE,FALSE,"random_tau"
"230",3,30,10000,TRUE,FALSE,"random_tau"
"231",3,31,10000,TRUE,FALSE,"random_tau"
"232",3,32,10000,TRUE,FALSE,"random_tau"
"233",3,33,10000,TRUE,FALSE,"random_tau"
"234",3,34,10000,TRUE,FALSE,"random_tau"
"235",3,35,10000,TRUE,FALSE,"random_tau"
"236",3,36,10000,TRUE,FALSE,"random_tau"
"237",3,37,10000,TRUE,FALSE,"random_tau"
"238",3,38,10000,TRUE,FALSE,"random_tau"
"239",3,39,10000,TRUE,FALSE,"random_tau"
"240",3,40,10000,TRUE,FALSE,"random_tau"
"241",3,41,10000,TRUE,FALSE,"random_tau"
"242",3,42,10000,TRUE,FALSE,"random_tau"
"243",3,43,10000,TRUE,FALSE,"random_tau"
"244",3,44,10000,TRUE,FALSE,"random_tau"
"245",3,45,10000,TRUE,FALSE,"random_tau"
"246",3,46,10000,TRUE,FALSE,"random_tau"
"247",3,47,10000,TRUE,FALSE,"random_tau"
"248",3,48,10000,TRUE,FALSE,"random_tau"
"249",3,49,10000,TRUE,FALSE,"random_tau"
"250",3,50,10000,TRUE,FALSE,"random_tau"
"251",3,51,10000,TRUE,FALSE,"random_tau"
"252",3,52,10000,TRUE,FALSE,"random_tau"
"253",3,53,10000,TRUE,FALSE,"random_tau"
"254",3,54,10000,TRUE,FALSE,"random_tau"
"255",3,55,10000,TRUE,FALSE,"random_tau"
"256",3,56,10000,TRUE,FALSE,"random_tau"
"257",3,57,10000,TRUE,FALSE,"random_tau"
"258",3,58,10000,TRUE,FALSE,"random_tau"
"259",3,59,10000,TRUE,FALSE,"random_tau"
"260",3,60,10000,TRUE,FALSE,"random_tau"
"261",3,61,10000,TRUE,FALSE,"random_tau"
"262",3,62,10000,TRUE,FALSE,"random_tau"
"263",3,63,10000,TRUE,FALSE,"random_tau"
"264",3,64,10000,TRUE,FALSE,"random_tau"
"265",3,65,10000,TRUE,FALSE,"random_tau"
"266",3,66,10000,TRUE,FALSE,"random_tau"
"267",3,67,10000,TRUE,FALSE,"random_tau"
"268",3,68,10000,TRUE,FALSE,"random_tau"
"269",3,69,10000,TRUE,FALSE,"random_tau"
"270",3,70,10000,TRUE,FALSE,"random_tau"
"271",3,71,10000,TRUE,FALSE,"random_tau"
"272",3,72,10000,TRUE,FALSE,"random_tau"
"273",3,73,10000,TRUE,FALSE,"random_tau"
"274",3,74,10000,TRUE,FALSE,"random_tau"
"275",3,75,10000,TRUE,FALSE,"random_tau"
"276",3,76,10000,TRUE,FALSE,"random_tau"
"277",3,77,10000,TRUE,FALSE,"random_tau"
"278",3,78,10000,TRUE,FALSE,"random_tau"
"279",3,79,10000,TRUE,FALSE,"random_tau"
"280",3,80,10000,TRUE,FALSE,"random_tau"
"281",3,81,10000,TRUE,FALSE,"random_tau"
"282",3,82,10000,TRUE,FALSE,"random_tau"
"283",3,83,10000,TRUE,FALSE,"random_tau"
"284",3,84,10000,TRUE,FALSE,"random_tau"
"285",3,85,10000,TRUE,FALSE,"random_tau"
"286",3,86,10000,TRUE,FALSE,"random_tau"
"287",3,87,10000,TRUE,FALSE,"random_tau"
"288",3,88,10000,TRUE,FALSE,"random_tau"
"289",3,89,10000,TRUE,FALSE,"random_tau"
"290",3,90,10000,TRUE,FALSE,"random_tau"
"291",3,91,10000,TRUE,FALSE,"random_tau"
"292",3,92,10000,TRUE,FALSE,"random_tau"
"293",3,93,10000,TRUE,FALSE,"random_tau"
"294",3,94,10000,TRUE,FALSE,"random_tau"
"295",3,95,10000,TRUE,FALSE,"random_tau"
"296",3,96,10000,TRUE,FALSE,"random_tau"
"297",3,97,10000,TRUE,FALSE,"random_tau"
"298",3,98,10000,TRUE,FALSE,"random_tau"
"299",3,99,10000,TRUE,FALSE,"random_tau"
"300",3,100,10000,TRUE,FALSE,"random_tau"
"301",4,1,609,TRUE,FALSE,"random_tau"
"302",4,2,1131,TRUE,FALSE,"random_tau"
"303",4,3,1583,TRUE,FALSE,"random_tau"
"304",4,4,2086,TRUE,FALSE,"random_tau"
"305",4,5,2658,TRUE,FALSE,"random_tau"
"306",4,6,3376,TRUE,FALSE,"random_tau"
"307",4,7,4254,TRUE,FALSE,"random_tau"
"308",4,8,5306,TRUE,FALSE,"random_tau"
"309",4,9,6474,TRUE,FALSE,"random_tau"
"310",4,10,7766,TRUE,FALSE,"random_tau"
"311",4,11,8941,TRUE,FALSE,"random_tau"
"312",4,12,9688,TRUE,FALSE,"random_tau"
"313",4,13,9948,TRUE,FALSE,"random_tau"
"314",4,14,9998,TRUE,FALSE,"random_tau"
"315",4,15,10000,TRUE,FALSE,"random_tau"
"316",4,16,10000,TRUE,FALSE,"random_tau"
"317",4,17,10000,TRUE,FALSE,"random_tau"
"318",4,18,10000,TRUE,FALSE,"random_tau"
"319",4,19,10000,TRUE,FALSE,"random_tau"
"320",4,20,10000,TRUE,FALSE,"random_tau"
"321",4,21,10000,TRUE,FALSE,"random_tau"
"322",4,22,10000,TRUE,FALSE,"random_tau"
"323",4,23,10000,TRUE,FALSE,"random_tau"
"324",4,24,10000,TRUE,FALSE,"random_tau"
"325",4,25,10000,TRUE,FALSE,"random_tau"
"326",4,26,10000,TRUE,FALSE,"random_tau"
"327",4,27,10000,TRUE,FALSE,"random_tau"
"328",4,28,10000,TRUE,FALSE,"random_tau"
"329",4,29,10000,TRUE,FALSE,"random_tau"
"330",4,30,10000,TRUE,FALSE,"random_tau"
"331",4,31,10000,TRUE,FALSE,"random_tau"
"332",4,32,10000,TRUE,FALSE,"random_tau"
"333",4,33,10000,TRUE,FALSE,"random_tau"
"334",4,34,10000,TRUE,FALSE,"random_tau"
"335",4,35,10000,TRUE,FALSE,"random_tau"
"336",4,36,10000,TRUE,FALSE,"random_tau"
"337",4,37,10000,TRUE,FALSE,"random_tau"
"338",4,38,10000,TRUE,FALSE,"random_tau"
"339",4,39,10000,TRUE,FALSE,"random_tau"
"340",4,40,10000,TRUE,FALSE,"random_tau"
"341",4,41,10000,TRUE,FALSE,"random_tau"
"342",4,42,10000,TRUE,FALSE,"random_tau"
"343",4,43,10000,TRUE,FALSE,"random_tau"
"344",4,44,10000,TRUE,FALSE,"random_tau"
"345",4,45,10000,TRUE,FALSE,"random_tau"
"346",4,46,10000,TRUE,FALSE,"random_tau"
"347",4,47,10000,TRUE,FALSE,"random_tau"
"348",4,48,10000,TRUE,FALSE,"random_tau"
"349",4,49,10000,TRUE,FALSE,"random_tau"
"350",4,50,10000,TRUE,FALSE,"random_tau"
"351",4,51,10000,TRUE,FALSE,"random_tau"
"352",4,52,10000,TRUE,FALSE,"random_tau"
"353",4,53,10000,TRUE,FALSE,"random_tau"
"354",4,54,10000,TRUE,FALSE,"random_tau"
"355",4,55,10000,TRUE,FALSE,"random_tau"
"356",4,56,10000,TRUE,FALSE,"random_tau"
"357",4,57,10000,TRUE,FALSE,"random_tau"
"358",4,58,10000,TRUE,FALSE,"random_tau"
"359",4,59,10000,TRUE,FALSE,"random_tau"
"360",4,60,10000,TRUE,FALSE,"random_tau"
"361",4,61,10000,TRUE,FALSE,"random_tau"
"362",4,62,10000,TRUE,FALSE,"random_tau"
"363",4,63,10000,TRUE,FALSE,"random_tau"
"364",4,64,10000,TRUE,FALSE,"random_tau"
"365",4,65,10000,TRUE,FALSE,"random_tau"
"366",4,66,10000,TRUE,FALSE,"random_tau"
"367",4,67,10000,TRUE,FALSE,"random_tau"
"368",4,68,10000,TRUE,FALSE,"random_tau"
"369",4,69,10000,TRUE,FALSE,"random_tau"
"370",4,70,10000,TRUE,FALSE,"random_tau"
"371",4,71,10000,TRUE,FALSE,"random_tau"
"372",4,72,10000,TRUE,FALSE,"random_tau"
"373",4,73,10000,TRUE,FALSE,"random_tau"
"374",4,74,10000,TRUE,FALSE,"random_tau"
"375",4,75,10000,TRUE,FALSE,"random_tau"
"376",4,76,10000,TRUE,FALSE,"random_tau"
"377",4,77,10000,TRUE,FALSE,"random_tau"
"378",4,78,10000,TRUE,FALSE,"random_tau"
"379",4,79,10000,TRUE,FALSE,"random_tau"
"380",4,80,10000,TRUE,FALSE,"random_tau"
"381",4,81,10000,TRUE,FALSE,"random_tau"
"382",4,82,10000,TRUE,FALSE,"random_tau"
"383",4,83,10000,TRUE,FALSE,"random_tau"
"384",4,84,10000,TRUE,FALSE,"random_tau"
"385",4,85,10000,TRUE,FALSE,"random_tau"
"386",4,86,10000,TRUE,FALSE,"random_tau"
"387",4,87,10000,TRUE,FALSE,"random_tau"
"388",4,88,10000,TRUE,FALSE,"random_tau"
"389",4,89,10000,TRUE,FALSE,"random_tau"
"390",4,90,10000,TRUE,FALSE,"random_tau"
"391",4,91,10000,TRUE,FALSE,"random_tau"
"392",4,92,10000,TRUE,FALSE,"random_tau"
"393",4,93,10000,TRUE,FALSE,"random_tau"
"394",4,94,10000,TRUE,FALSE,"random_tau"
"395",4,95,10000,TRUE,FALSE,"random_tau"
"396",4,96,10000,TRUE,FALSE,"random_tau"
"397",4,97,10000,TRUE,FALSE,"random_tau"
"398",4,98,10000,TRUE,FALSE,"random_tau"
"399",4,99,10000,TRUE,FALSE,"random_tau"
"400",4,100,10000,TRUE,FALSE,"random_tau"
"401",5,1,638,TRUE,FALSE,"random_tau"
"402",5,2,1191,TRUE,FALSE,"random_tau"
"403",5,3,1711,TRUE,FALSE,"random_tau"
"404",5,4,2280,TRUE,FALSE,"random_tau"
"405",5,5,2919,TRUE,FALSE,"random_tau"
"406",5,6,3702,TRUE,FALSE,"random_tau"
"407",5,7,4646,TRUE,FALSE,"random_tau"
"408",5,8,5714,TRUE,FALSE,"random_tau"
"409",5,9,6930,TRUE,FALSE,"random_tau"
"410",5,10,8212,TRUE,FALSE,"random_tau"
"411",5,11,9212,TRUE,FALSE,"random_tau"
"412",5,12,9788,TRUE,FALSE,"random_tau"
"413",5,13,9978,TRUE,FALSE,"random_tau"
"414",5,14,10000,TRUE,FALSE,"random_tau"
"415",5,15,10000,TRUE,FALSE,"random_tau"
"416",5,16,10000,TRUE,FALSE,"random_tau"
"417",5,17,10000,TRUE,FALSE,"random_tau"
"418",5,18,10000,TRUE,FALSE,"random_tau"
"419",5,19,10000,TRUE,FALSE,"random_tau"
"420",5,20,10000,TRUE,FALSE,"random_tau"
"421",5,21,10000,TRUE,FALSE,"random_tau"
"422",5,22,10000,TRUE,FALSE,"random_tau"
"423",5,23,10000,TRUE,FALSE,"random_tau"
"424",5,24,10000,TRUE,FALSE,"random_tau"
"425",5,25,10000,TRUE,FALSE,"random_tau"
"426",5,26,10000,TRUE,FALSE,"random_tau"
"427",5,27,10000,TRUE,FALSE,"random_tau"
"428",5,28,10000,TRUE,FALSE,"random_tau"
"429",5,29,10000,TRUE,FALSE,"random_tau"
"430",5,30,10000,TRUE,FALSE,"random_tau"
"431",5,31,10000,TRUE,FALSE,"random_tau"
"432",5,32,10000,TRUE,FALSE,"random_tau"
"433",5,33,10000,TRUE,FALSE,"random_tau"
"434",5,34,10000,TRUE,FALSE,"random_tau"
"435",5,35,10000,TRUE,FALSE,"random_tau"
"436",5,36,10000,TRUE,FALSE,"random_tau"
"437",5,37,10000,TRUE,FALSE,"random_tau"
"438",5,38,10000,TRUE,FALSE,"random_tau"
"439",5,39,10000,TRUE,FALSE,"random_tau"
"440",5,40,10000,TRUE,FALSE,"random_tau"
"441",5,41,10000,TRUE,FALSE,"random_tau"
"442",5,42,10000,TRUE,FALSE,"random_tau"
"443",5,43,10000,TRUE,FALSE,"random_tau"
"444",5,44,10000,TRUE,FALSE,"random_tau"
"445",5,45,10000,TRUE,FALSE,"random_tau"
"446",5,46,10000,TRUE,FALSE,"random_tau"
"447",5,47,10000,TRUE,FALSE,"random_tau"
"448",5,48,10000,TRUE,FALSE,"random_tau"
"449",5,49,10000,TRUE,FALSE,"random_tau"
"450",5,50,10000,TRUE,FALSE,"random_tau"
"451",5,51,10000,TRUE,FALSE,"random_tau"
"452",5,52,10000,TRUE,FALSE,"random_tau"
"453",5,53,10000,TRUE,FALSE,"random_tau"
"454",5,54,10000,TRUE,FALSE,"random_tau"
"455",5,55,10000,TRUE,FALSE,"random_tau"
"456",5,56,10000,TRUE,FALSE,"random_tau"
"457",5,57,10000,TRUE,FALSE,"random_tau"
"458",5,58,10000,TRUE,FALSE,"random_tau"
"459",5,59,10000,TRUE,FALSE,"random_tau"
"460",5,60,10000,TRUE,FALSE,"random_tau"
"461",5,61,10000,TRUE,FALSE,"random_tau"
"462",5,62,10000,TRUE,FALSE,"random_tau"
"463",5,63,10000,TRUE,FALSE,"random_tau"
"464",5,64,10000,TRUE,FALSE,"random_tau"
"465",5,65,10000,TRUE,FALSE,"random_tau"
"466",5,66,10000,TRUE,FALSE,"random_tau"
"467",5,67,10000,TRUE,FALSE,"random_tau"
"468",5,68,10000,TRUE,FALSE,"random_tau"
"469",5,69,10000,TRUE,FALSE,"random_tau"
"470",5,70,10000,TRUE,FALSE,"random_tau"
"471",5,71,10000,TRUE,FALSE,"random_tau"
"472",5,72,10000,TRUE,FALSE,"random_tau"
"473",5,73,10000,TRUE,FALSE,"random_tau"
"474",5,74,10000,TRUE,FALSE,"random_tau"
"475",5,75,10000,TRUE,FALSE,"random_tau"
"476",5,76,10000,TRUE,FALSE,"random_tau"
"477",5,77,10000,TRUE,FALSE,"random_tau"
"478",5,78,10000,TRUE,FALSE,"random_tau"
"479",5,79,10000,TRUE,FALSE,"random_tau"
"480",5,80,10000,TRUE,FALSE,"random_tau"
"481",5,81,10000,TRUE,FALSE,"random_tau"
"482",5,82,10000,TRUE,FALSE,"random_tau"
"483",5,83,10000,TRUE,FALSE,"random_tau"
"484",5,84,10000,TRUE,FALSE,"random_tau"
"485",5,85,10000,TRUE,FALSE,"random_tau"
"486",5,86,10000,TRUE,FALSE,"random_tau"
"487",5,87,10000,TRUE,FALSE,"random_tau"
"488",5,88,10000,TRUE,FALSE,"random_tau"
"489",5,89,10000,TRUE,FALSE,"random_tau"
"490",5,90,10000,TRUE,FALSE,"random_tau"
"491",5,91,10000,TRUE,FALSE,"random_tau"
"492",5,92,10000,TRUE,FALSE,"random_tau"
"493",5,93,10000,TRUE,FALSE,"random_tau"
"494",5,94,10000,TRUE,FALSE,"random_tau"
"495",5,95,10000,TRUE,FALSE,"random_tau"
"496",5,96,10000,TRUE,FALSE,"random_tau"
"497",5,97,10000,TRUE,FALSE,"random_tau"
"498",5,98,10000,TRUE,FALSE,"random_tau"
"499",5,99,10000,TRUE,FALSE,"random_tau"
"500",5,100,10000,TRUE,FALSE,"random_tau"
"501",6,1,591,TRUE,FALSE,"random_tau"
"502",6,2,1100,TRUE,FALSE,"random_tau"
"503",6,3,1569,TRUE,FALSE,"random_tau"
"504",6,4,2019,TRUE,FALSE,"random_tau"
"505",6,5,2524,TRUE,FALSE,"random_tau"
"506",6,6,3159,TRUE,FALSE,"random_tau"
"507",6,7,3961,TRUE,FALSE,"random_tau"
"508",6,8,4939,TRUE,FALSE,"random_tau"
"509",6,9,6101,TRUE,FALSE,"random_tau"
"510",6,10,7381,TRUE,FALSE,"random_tau"
"511",6,11,8656,TRUE,FALSE,"random_tau"
"512",6,12,9529,TRUE,FALSE,"random_tau"
"513",6,13,9878,TRUE,FALSE,"random_tau"
"514",6,14,9966,TRUE,FALSE,"random_tau"
"515",6,15,9996,TRUE,FALSE,"random_tau"
"516",6,16,10000,TRUE,FALSE,"random_tau"
"517",6,17,10000,TRUE,FALSE,"random_tau"
"518",6,18,10000,TRUE,FALSE,"random_tau"
"519",6,19,10000,TRUE,FALSE,"random_tau"
"520",6,20,10000,TRUE,FALSE,"random_tau"
"521",6,21,10000,TRUE,FALSE,"random_tau"
"522",6,22,10000,TRUE,FALSE,"random_tau"
"523",6,23,10000,TRUE,FALSE,"random_tau"
"524",6,24,10000,TRUE,FALSE,"random_tau"
"525",6,25,10000,TRUE,FALSE,"random_tau"
"526",6,26,10000,TRUE,FALSE,"random_tau"
"527",6,27,10000,TRUE,FALSE,"random_tau"
"528",6,28,10000,TRUE,FALSE,"random_tau"
"529",6,29,10000,TRUE,FALSE,"random_tau"
"530",6,30,10000,TRUE,FALSE,"random_tau"
"531",6,31,10000,TRUE,FALSE,"random_tau"
"532",6,32,10000,TRUE,FALSE,"random_tau"
"533",6,33,10000,TRUE,FALSE,"random_tau"
"534",6,34,10000,TRUE,FALSE,"random_tau"
"535",6,35,10000,TRUE,FALSE,"random_tau"
"536",6,36,10000,TRUE,FALSE,"random_tau"
"537",6,37,10000,TRUE,FALSE,"random_tau"
"538",6,38,10000,TRUE,FALSE,"random_tau"
"539",6,39,10000,TRUE,FALSE,"random_tau"
"540",6,40,10000,TRUE,FALSE,"random_tau"
"541",6,41,10000,TRUE,FALSE,"random_tau"
"542",6,42,10000,TRUE,FALSE,"random_tau"
"543",6,43,10000,TRUE,FALSE,"random_tau"
"544",6,44,10000,TRUE,FALSE,"random_tau"
"545",6,45,10000,TRUE,FALSE,"random_tau"
"546",6,46,10000,TRUE,FALSE,"random_tau"
"547",6,47,10000,TRUE,FALSE,"random_tau"
"548",6,48,10000,TRUE,FALSE,"random_tau"
"549",6,49,10000,TRUE,FALSE,"random_tau"
"550",6,50,10000,TRUE,FALSE,"random_tau"
"551",6,51,10000,TRUE,FALSE,"random_tau"
"552",6,52,10000,TRUE,FALSE,"random_tau"
"553",6,53,10000,TRUE,FALSE,"random_tau"
"554",6,54,10000,TRUE,FALSE,"random_tau"
"555",6,55,10000,TRUE,FALSE,"random_tau"
"556",6,56,10000,TRUE,FALSE,"random_tau"
"557",6,57,10000,TRUE,FALSE,"random_tau"
"558",6,58,10000,TRUE,FALSE,"random_tau"
"559",6,59,10000,TRUE,FALSE,"random_tau"
"560",6,60,10000,TRUE,FALSE,"random_tau"
"561",6,61,10000,TRUE,FALSE,"random_tau"
"562",6,62,10000,TRUE,FALSE,"random_tau"
"563",6,63,10000,TRUE,FALSE,"random_tau"
"564",6,64,10000,TRUE,FALSE,"random_tau"
"565",6,65,10000,TRUE,FALSE,"random_tau"
"566",6,66,10000,TRUE,FALSE,"random_tau"
"567",6,67,10000,TRUE,FALSE,"random_tau"
"568",6,68,10000,TRUE,FALSE,"random_tau"
"569",6,69,10000,TRUE,FALSE,"random_tau"
"570",6,70,10000,TRUE,FALSE,"random_tau"
"571",6,71,10000,TRUE,FALSE,"random_tau"
"572",6,72,10000,TRUE,FALSE,"random_tau"
"573",6,73,10000,TRUE,FALSE,"random_tau"
"574",6,74,10000,TRUE,FALSE,"random_tau"
"575",6,75,10000,TRUE,FALSE,"random_tau"
"576",6,76,10000,TRUE,FALSE,"random_tau"
"577",6,77,10000,TRUE,FALSE,"random_tau"
"578",6,78,10000,TRUE,FALSE,"random_tau"
"579",6,79,10000,TRUE,FALSE,"random_tau"
"580",6,80,10000,TRUE,FALSE,"random_tau"
"581",6,81,10000,TRUE,FALSE,"random_tau"
"582",6,82,10000,TRUE,FALSE,"random_tau"
"583",6,83,10000,TRUE,FALSE,"random_tau"
"584",6,84,10000,TRUE,FALSE,"random_tau"
"585",6,85,10000,TRUE,FALSE,"random_tau"
"586",6,86,10000,TRUE,FALSE,"random_tau"
"587",6,87,10000,TRUE,FALSE,"random_tau"
"588",6,88,10000,TRUE,FALSE,"random_tau"
"589",6,89,10000,TRUE,FALSE,"random_tau"
"590",6,90,10000,TRUE,FALSE,"random_tau"
"591",6,91,10000,TRUE,FALSE,"random_tau"
"592",6,92,10000,TRUE,FALSE,"random_tau"
"593",6,93,10000,TRUE,FALSE,"random_tau"
"594",6,94,10000,TRUE,FALSE,"random_tau"
"595",6,95,10000,TRUE,FALSE,"random_tau"
"596",6,96,10000,TRUE,FALSE,"random_tau"
"597",6,97,10000,TRUE,FALSE,"random_tau"
"598",6,98,10000,TRUE,FALSE,"random_tau"
"599",6,99,10000,TRUE,FALSE,"random_tau"
"600",6,100,10000,TRUE,FALSE,"random_tau"
"601",7,1,627,TRUE,FALSE,"random_tau"
"602",7,2,1147,TRUE,FALSE,"random_tau"
"603",7,3,1635,TRUE,FALSE,"random_tau"
"604",7,4,2147,TRUE,FALSE,"random_tau"
"605",7,5,2748,TRUE,FALSE,"random_tau"
"606",7,6,3500,TRUE,FALSE,"random_tau"
"607",7,7,4349,TRUE,FALSE,"random_tau"
"608",7,8,5376,TRUE,FALSE,"random_tau"
"609",7,9,6612,TRUE,FALSE,"random_tau"
"610",7,10,7933,TRUE,FALSE,"random_tau"
"611",7,11,9054,TRUE,FALSE,"random_tau"
"612",7,12,9727,TRUE,FALSE,"random_tau"
"613",7,13,9959,TRUE,FALSE,"random_tau"
"614",7,14,9999,TRUE,FALSE,"random_tau"
"615",7,15,10000,TRUE,FALSE,"random_tau"
"616",7,16,10000,TRUE,FALSE,"random_tau"
"617",7,17,10000,TRUE,FALSE,"random_tau"
"618",7,18,10000,TRUE,FALSE,"random_tau"
"619",7,19,10000,TRUE,FALSE,"random_tau"
"620",7,20,10000,TRUE,FALSE,"random_tau"
"621",7,21,10000,TRUE,FALSE,"random_tau"
"622",7,22,10000,TRUE,FALSE,"random_tau"
"623",7,23,10000,TRUE,FALSE,"random_tau"
"624",7,24,10000,TRUE,FALSE,"random_tau"
"625",7,25,10000,TRUE,FALSE,"random_tau"
"626",7,26,10000,TRUE,FALSE,"random_tau"
"627",7,27,10000,TRUE,FALSE,"random_tau"
"628",7,28,10000,TRUE,FALSE,"random_tau"
"629",7,29,10000,TRUE,FALSE,"random_tau"
"630",7,30,10000,TRUE,FALSE,"random_tau"
"631",7,31,10000,TRUE,FALSE,"random_tau"
"632",7,32,10000,TRUE,FALSE,"random_tau"
"633",7,33,10000,TRUE,FALSE,"random_tau"
"634",7,34,10000,TRUE,FALSE,"random_tau"
"635",7,35,10000,TRUE,FALSE,"random_tau"
"636",7,36,10000,TRUE,FALSE,"random_tau"
"637",7,37,10000,TRUE,FALSE,"random_tau"
"638",7,38,10000,TRUE,FALSE,"random_tau"
"639",7,39,10000,TRUE,FALSE,"random_tau"
"640",7,40,10000,TRUE,FALSE,"random_tau"
"641",7,41,10000,TRUE,FALSE,"random_tau"
"642",7,42,10000,TRUE,FALSE,"random_tau"
"643",7,43,10000,TRUE,FALSE,"random_tau"
"644",7,44,10000,TRUE,FALSE,"random_tau"
"645",7,45,10000,TRUE,FALSE,"random_tau"
"646",7,46,10000,TRUE,FALSE,"random_tau"
"647",7,47,10000,TRUE,FALSE,"random_tau"
"648",7,48,10000,TRUE,FALSE,"random_tau"
"649",7,49,10000,TRUE,FALSE,"random_tau"
"650",7,50,10000,TRUE,FALSE,"random_tau"
"651",7,51,10000,TRUE,FALSE,"random_tau"
"652",7,52,10000,TRUE,FALSE,"random_tau"
"653",7,53,10000,TRUE,FALSE,"random_tau"
"654",7,54,10000,TRUE,FALSE,"random_tau"
"655",7,55,10000,TRUE,FALSE,"random_tau"
"656",7,56,10000,TRUE,FALSE,"random_tau"
"657",7,57,10000,TRUE,FALSE,"random_tau"
"658",7,58,10000,TRUE,FALSE,"random_tau"
"659",7,59,10000,TRUE,FALSE,"random_tau"
"660",7,60,10000,TRUE,FALSE,"random_tau"
"661",7,61,10000,TRUE,FALSE,"random_tau"
"662",7,62,10000,TRUE,FALSE,"random_tau"
"663",7,63,10000,TRUE,FALSE,"random_tau"
"664",7,64,10000,TRUE,FALSE,"random_tau"
"665",7,65,10000,TRUE,FALSE,"random_tau"
"666",7,66,10000,TRUE,FALSE,"random_tau"
"667",7,67,10000,TRUE,FALSE,"random_tau"
"668",7,68,10000,TRUE,FALSE,"random_tau"
"669",7,69,10000,TRUE,FALSE,"random_tau"
"670",7,70,10000,TRUE,FALSE,"random_tau"
"671",7,71,10000,TRUE,FALSE,"random_tau"
"672",7,72,10000,TRUE,FALSE,"random_tau"
"673",7,73,10000,TRUE,FALSE,"random_tau"
"674",7,74,10000,TRUE,FALSE,"random_tau"
"675",7,75,10000,TRUE,FALSE,"random_tau"
"676",7,76,10000,TRUE,FALSE,"random_tau"
"677",7,77,10000,TRUE,FALSE,"random_tau"
"678",7,78,10000,TRUE,FALSE,"random_tau"
"679",7,79,10000,TRUE,FALSE,"random_tau"
"680",7,80,10000,TRUE,FALSE,"random_tau"
"681",7,81,10000,TRUE,FALSE,"random_tau"
"682",7,82,10000,TRUE,FALSE,"random_tau"
"683",7,83,10000,TRUE,FALSE,"random_tau"
"684",7,84,10000,TRUE,FALSE,"random_tau"
"685",7,85,10000,TRUE,FALSE,"random_tau"
"686",7,86,10000,TRUE,FALSE,"random_tau"
"687",7,87,10000,TRUE,FALSE,"random_tau"
"688",7,88,10000,TRUE,FALSE,"random_tau"
"689",7,89,10000,TRUE,FALSE,"random_tau"
"690",7,90,10000,TRUE,FALSE,"random_tau"
"691",7,91,10000,TRUE,FALSE,"random_tau"
"692",7,92,10000,TRUE,FALSE,"random_tau"
"693",7,93,10000,TRUE,FALSE,"random_tau"
"694",7,94,10000,TRUE,FALSE,"random_tau"
"695",7,95,10000,TRUE,FALSE,"random_tau"
"696",7,96,10000,TRUE,FALSE,"random_tau"
"697",7,97,10000,TRUE,FALSE,"random_tau"
"698",7,98,10000,TRUE,FALSE,"random_tau"
"699",7,99,10000,TRUE,FALSE,"random_tau"
"700",7,100,10000,TRUE,FALSE,"random_tau"
"701",8,1,619,TRUE,FALSE,"random_tau"
"702",8,2,1139,TRUE,FALSE,"random_tau"
"703",8,3,1613,TRUE,FALSE,"random_tau"
"704",8,4,2106,TRUE,FALSE,"random_tau"
"705",8,5,2645,TRUE,FALSE,"random_tau"
"706",8,6,3288,TRUE,FALSE,"random_tau"
"707",8,7,4104,TRUE,FALSE,"random_tau"
"708",8,8,5083,TRUE,FALSE,"random_tau"
"709",8,9,6209,TRUE,FALSE,"random_tau"
"710",8,10,7434,TRUE,FALSE,"random_tau"
"711",8,11,8636,TRUE,FALSE,"random_tau"
"712",8,12,9514,TRUE,FALSE,"random_tau"
"713",8,13,9913,TRUE,FALSE,"random_tau"
"714",8,14,9991,TRUE,FALSE,"random_tau"
"715",8,15,10000,TRUE,FALSE,"random_tau"
"716",8,16,10000,TRUE,FALSE,"random_tau"
"717",8,17,10000,TRUE,FALSE,"random_tau"
"718",8,18,10000,TRUE,FALSE,"random_tau"
"719",8,19,10000,TRUE,FALSE,"random_tau"
"720",8,20,10000,TRUE,FALSE,"random_tau"
"721",8,21,10000,TRUE,FALSE,"random_tau"
"722",8,22,10000,TRUE,FALSE,"random_tau"
"723",8,23,10000,TRUE,FALSE,"random_tau"
"724",8,24,10000,TRUE,FALSE,"random_tau"
"725",8,25,10000,TRUE,FALSE,"random_tau"
"726",8,26,10000,TRUE,FALSE,"random_tau"
"727",8,27,10000,TRUE,FALSE,"random_tau"
"728",8,28,10000,TRUE,FALSE,"random_tau"
"729",8,29,10000,TRUE,FALSE,"random_tau"
"730",8,30,10000,TRUE,FALSE,"random_tau"
"731",8,31,10000,TRUE,FALSE,"random_tau"
"732",8,32,10000,TRUE,FALSE,"random_tau"
"733",8,33,10000,TRUE,FALSE,"random_tau"
"734",8,34,10000,TRUE,FALSE,"random_tau"
"735",8,35,10000,TRUE,FALSE,"random_tau"
"736",8,36,10000,TRUE,FALSE,"random_tau"
"737",8,37,10000,TRUE,FALSE,"random_tau"
"738",8,38,10000,TRUE,FALSE,"random_tau"
"739",8,39,10000,TRUE,FALSE,"random_tau"
"740",8,40,10000,TRUE,FALSE,"random_tau"
"741",8,41,10000,TRUE,FALSE,"random_tau"
"742",8,42,10000,TRUE,FALSE,"random_tau"
"743",8,43,10000,TRUE,FALSE,"random_tau"
"744",8,44,10000,TRUE,FALSE,"random_tau"
"745",8,45,10000,TRUE,FALSE,"random_tau"
"746",8,46,10000,TRUE,FALSE,"random_tau"
"747",8,47,10000,TRUE,FALSE,"random_tau"
"748",8,48,10000,TRUE,FALSE,"random_tau"
"749",8,49,10000,TRUE,FALSE,"random_tau"
"750",8,50,10000,TRUE,FALSE,"random_tau"
"751",8,51,10000,TRUE,FALSE,"random_tau"
"752",8,52,10000,TRUE,FALSE,"random_tau"
"753",8,53,10000,TRUE,FALSE,"random_tau"
"754",8,54,10000,TRUE,FALSE,"random_tau"
"755",8,55,10000,TRUE,FALSE,"random_tau"
"756",8,56,10000,TRUE,FALSE,"random_tau"
"757",8,57,10000,TRUE,FALSE,"random_tau"
"758",8,58,10000,TRUE,FALSE,"random_tau"
"759",8,59,10000,TRUE,FALSE,"random_tau"
"760",8,60,10000,TRUE,FALSE,"random_tau"
"761",8,61,10000,TRUE,FALSE,"random_tau"
"762",8,62,10000,TRUE,FALSE,"random_tau"
"763",8,63,10000,TRUE,FALSE,"random_tau"
"764",8,64,10000,TRUE,FALSE,"random_tau"
"765",8,65,10000,TRUE,FALSE,"random_tau"
"766",8,66,10000,TRUE,FALSE,"random_tau"
"767",8,67,10000,TRUE,FALSE,"random_tau"
"768",8,68,10000,TRUE,FALSE,"random_tau"
"769",8,69,10000,TRUE,FALSE,"random_tau"
"770",8,70,10000,TRUE,FALSE,"random_tau"
"771",8,71,10000,TRUE,FALSE,"random_tau"
"772",8,72,10000,TRUE,FALSE,"random_tau"
"773",8,73,10000,TRUE,FALSE,"random_tau"
"774",8,74,10000,TRUE,FALSE,"random_tau"
"775",8,75,10000,TRUE,FALSE,"random_tau"
"776",8,76,10000,TRUE,FALSE,"random_tau"
"777",8,77,10000,TRUE,FALSE,"random_tau"
"778",8,78,10000,TRUE,FALSE,"random_tau"
"779",8,79,10000,TRUE,FALSE,"random_tau"
"780",8,80,10000,TRUE,FALSE,"random_tau"
"781",8,81,10000,TRUE,FALSE,"random_tau"
"782",8,82,10000,TRUE,FALSE,"random_tau"
"783",8,83,10000,TRUE,FALSE,"random_tau"
"784",8,84,10000,TRUE,FALSE,"random_tau"
"785",8,85,10000,TRUE,FALSE,"random_tau"
"786",8,86,10000,TRUE,FALSE,"random_tau"
"787",8,87,10000,TRUE,FALSE,"random_tau"
"788",8,88,10000,TRUE,FALSE,"random_tau"
"789",8,89,10000,TRUE,FALSE,"random_tau"
"790",8,90,10000,TRUE,FALSE,"random_tau"
"791",8,91,10000,TRUE,FALSE,"random_tau"
"792",8,92,10000,TRUE,FALSE,"random_tau"
"793",8,93,10000,TRUE,FALSE,"random_tau"
"794",8,94,10000,TRUE,FALSE,"random_tau"
"795",8,95,10000,TRUE,FALSE,"random_tau"
"796",8,96,10000,TRUE,FALSE,"random_tau"
"797",8,97,10000,TRUE,FALSE,"random_tau"
"798",8,98,10000,TRUE,FALSE,"random_tau"
"799",8,99,10000,TRUE,FALSE,"random_tau"
"800",8,100,10000,TRUE,FALSE,"random_tau"
"801",9,1,633,TRUE,FALSE,"random_tau"
"802",9,2,1138,TRUE,FALSE,"random_tau"
"803",9,3,1622,TRUE,FALSE,"random_tau"
"804",9,4,2111,TRUE,FALSE,"random_tau"
"805",9,5,2689,TRUE,FALSE,"random_tau"
"806",9,6,3359,TRUE,FALSE,"random_tau"
"807",9,7,4170,TRUE,FALSE,"random_tau"
"808",9,8,5233,TRUE,FALSE,"random_tau"
"809",9,9,6537,TRUE,FALSE,"random_tau"
"810",9,10,7925,TRUE,FALSE,"random_tau"
"811",9,11,9123,TRUE,FALSE,"random_tau"
"812",9,12,9801,TRUE,FALSE,"random_tau"
"813",9,13,9977,TRUE,FALSE,"random_tau"
"814",9,14,9999,TRUE,FALSE,"random_tau"
"815",9,15,10000,TRUE,FALSE,"random_tau"
"816",9,16,10000,TRUE,FALSE,"random_tau"
"817",9,17,10000,TRUE,FALSE,"random_tau"
"818",9,18,10000,TRUE,FALSE,"random_tau"
"819",9,19,10000,TRUE,FALSE,"random_tau"
"820",9,20,10000,TRUE,FALSE,"random_tau"
"821",9,21,10000,TRUE,FALSE,"random_tau"
"822",9,22,10000,TRUE,FALSE,"random_tau"
"823",9,23,10000,TRUE,FALSE,"random_tau"
"824",9,24,10000,TRUE,FALSE,"random_tau"
"825",9,25,10000,TRUE,FALSE,"random_tau"
"826",9,26,10000,TRUE,FALSE,"random_tau"
"827",9,27,10000,TRUE,FALSE,"random_tau"
"828",9,28,10000,TRUE,FALSE,"random_tau"
"829",9,29,10000,TRUE,FALSE,"random_tau"
"830",9,30,10000,TRUE,FALSE,"random_tau"
"831",9,31,10000,TRUE,FALSE,"random_tau"
"832",9,32,10000,TRUE,FALSE,"random_tau"
"833",9,33,10000,TRUE,FALSE,"random_tau"
"834",9,34,10000,TRUE,FALSE,"random_tau"
"835",9,35,10000,TRUE,FALSE,"random_tau"
"836",9,36,10000,TRUE,FALSE,"random_tau"
"837",9,37,10000,TRUE,FALSE,"random_tau"
"838",9,38,10000,TRUE,FALSE,"random_tau"
"839",9,39,10000,TRUE,FALSE,"random_tau"
"840",9,40,10000,TRUE,FALSE,"random_tau"
"841",9,41,10000,TRUE,FALSE,"random_tau"
"842",9,42,10000,TRUE,FALSE,"random_tau"
"843",9,43,10000,TRUE,FALSE,"random_tau"
"844",9,44,10000,TRUE,FALSE,"random_tau"
"845",9,45,10000,TRUE,FALSE,"random_tau"
"846",9,46,10000,TRUE,FALSE,"random_tau"
"847",9,47,10000,TRUE,FALSE,"random_tau"
"848",9,48,10000,TRUE,FALSE,"random_tau"
"849",9,49,10000,TRUE,FALSE,"random_tau"
"850",9,50,10000,TRUE,FALSE,"random_tau"
"851",9,51,10000,TRUE,FALSE,"random_tau"
"852",9,52,10000,TRUE,FALSE,"random_tau"
"853",9,53,10000,TRUE,FALSE,"random_tau"
"854",9,54,10000,TRUE,FALSE,"random_tau"
"855",9,55,10000,TRUE,FALSE,"random_tau"
"856",9,56,10000,TRUE,FALSE,"random_tau"
"857",9,57,10000,TRUE,FALSE,"random_tau"
"858",9,58,10000,TRUE,FALSE,"random_tau"
"859",9,59,10000,TRUE,FALSE,"random_tau"
"860",9,60,10000,TRUE,FALSE,"random_tau"
"861",9,61,10000,TRUE,FALSE,"random_tau"
"862",9,62,10000,TRUE,FALSE,"random_tau"
"863",9,63,10000,TRUE,FALSE,"random_tau"
"864",9,64,10000,TRUE,FALSE,"random_tau"
"865",9,65,10000,TRUE,FALSE,"random_tau"
"866",9,66,10000,TRUE,FALSE,"random_tau"
"867",9,67,10000,TRUE,FALSE,"random_tau"
"868",9,68,10000,TRUE,FALSE,"random_tau"
"869",9,69,10000,TRUE,FALSE,"random_tau"
"870",9,70,10000,TRUE,FALSE,"random_tau"
"871",9,71,10000,TRUE,FALSE,"random_tau"
"872",9,72,10000,TRUE,FALSE,"random_tau"
"873",9,73,10000,TRUE,FALSE,"random_tau"
"874",9,74,10000,TRUE,FALSE,"random_tau"
"875",9,75,10000,TRUE,FALSE,"random_tau"
"876",9,76,10000,TRUE,FALSE,"random_tau"
"877",9,77,10000,TRUE,FALSE,"random_tau"
"878",9,78,10000,TRUE,FALSE,"random_tau"
"879",9,79,10000,TRUE,FALSE,"random_tau"
"880",9,80,10000,TRUE,FALSE,"random_tau"
"881",9,81,10000,TRUE,FALSE,"random_tau"
"882",9,82,10000,TRUE,FALSE,"random_tau"
"883",9,83,10000,TRUE,FALSE,"random_tau"
"884",9,84,10000,TRUE,FALSE,"random_tau"
"885",9,85,10000,TRUE,FALSE,"random_tau"
"886",9,86,10000,TRUE,FALSE,"random_tau"
"887",9,87,10000,TRUE,FALSE,"random_tau"
"888",9,88,10000,TRUE,FALSE,"random_tau"
"889",9,89,10000,TRUE,FALSE,"random_tau"
"890",9,90,10000,TRUE,FALSE,"random_tau"
"891",9,91,10000,TRUE,FALSE,"random_tau"
"892",9,92,10000,TRUE,FALSE,"random_tau"
"893",9,93,10000,TRUE,FALSE,"random_tau"
"894",9,94,10000,TRUE,FALSE,"random_tau"
"895",9,95,10000,TRUE,FALSE,"random_tau"
"896",9,96,10000,TRUE,FALSE,"random_tau"
"897",9,97,10000,TRUE,FALSE,"random_tau"
"898",9,98,10000,TRUE,FALSE,"random_tau"
"899",9,99,10000,TRUE,FALSE,"random_tau"
"900",9,100,10000,TRUE,FALSE,"random_tau"
"901",10,1,641,TRUE,FALSE,"random_tau"
"902",10,2,1164,TRUE,FALSE,"random_tau"
"903",10,3,1616,TRUE,FALSE,"random_tau"
"904",10,4,2073,TRUE,FALSE,"random_tau"
"905",10,5,2600,TRUE,FALSE,"random_tau"
"906",10,6,3273,TRUE,FALSE,"random_tau"
"907",10,7,4058,TRUE,FALSE,"random_tau"
"908",10,8,5005,TRUE,FALSE,"random_tau"
"909",10,9,6126,TRUE,FALSE,"random_tau"
"910",10,10,7365,TRUE,FALSE,"random_tau"
"911",10,11,8515,TRUE,FALSE,"random_tau"
"912",10,12,9417,TRUE,FALSE,"random_tau"
"913",10,13,9848,TRUE,FALSE,"random_tau"
"914",10,14,9979,TRUE,FALSE,"random_tau"
"915",10,15,9999,TRUE,FALSE,"random_tau"
"916",10,16,10000,TRUE,FALSE,"random_tau"
"917",10,17,10000,TRUE,FALSE,"random_tau"
"918",10,18,10000,TRUE,FALSE,"random_tau"
"919",10,19,10000,TRUE,FALSE,"random_tau"
"920",10,20,10000,TRUE,FALSE,"random_tau"
"921",10,21,10000,TRUE,FALSE,"random_tau"
"922",10,22,10000,TRUE,FALSE,"random_tau"
"923",10,23,10000,TRUE,FALSE,"random_tau"
"924",10,24,10000,TRUE,FALSE,"random_tau"
"925",10,25,10000,TRUE,FALSE,"random_tau"
"926",10,26,10000,TRUE,FALSE,"random_tau"
"927",10,27,10000,TRUE,FALSE,"random_tau"
"928",10,28,10000,TRUE,FALSE,"random_tau"
"929",10,29,10000,TRUE,FALSE,"random_tau"
"930",10,30,10000,TRUE,FALSE,"random_tau"
"931",10,31,10000,TRUE,FALSE,"random_tau"
"932",10,32,10000,TRUE,FALSE,"random_tau"
"933",10,33,10000,TRUE,FALSE,"random_tau"
"934",10,34,10000,TRUE,FALSE,"random_tau"
"935",10,35,10000,TRUE,FALSE,"random_tau"
"936",10,36,10000,TRUE,FALSE,"random_tau"
"937",10,37,10000,TRUE,FALSE,"random_tau"
"938",10,38,10000,TRUE,FALSE,"random_tau"
"939",10,39,10000,TRUE,FALSE,"random_tau"
"940",10,40,10000,TRUE,FALSE,"random_tau"
"941",10,41,10000,TRUE,FALSE,"random_tau"
"942",10,42,10000,TRUE,FALSE,"random_tau"
"943",10,43,10000,TRUE,FALSE,"random_tau"
"944",10,44,10000,TRUE,FALSE,"random_tau"
"945",10,45,10000,TRUE,FALSE,"random_tau"
"946",10,46,10000,TRUE,FALSE,"random_tau"
"947",10,47,10000,TRUE,FALSE,"random_tau"
"948",10,48,10000,TRUE,FALSE,"random_tau"
"949",10,49,10000,TRUE,FALSE,"random_tau"
"950",10,50,10000,TRUE,FALSE,"random_tau"
"951",10,51,10000,TRUE,FALSE,"random_tau"
"952",10,52,10000,TRUE,FALSE,"random_tau"
"953",10,53,10000,TRUE,FALSE,"random_tau"
"954",10,54,10000,TRUE,FALSE,"random_tau"
"955",10,55,10000,TRUE,FALSE,"random_tau"
"956",10,56,10000,TRUE,FALSE,"random_tau"
"957",10,57,10000,TRUE,FALSE,"random_tau"
"958",10,58,10000,TRUE,FALSE,"random_tau"
"959",10,59,10000,TRUE,FALSE,"random_tau"
"960",10,60,10000,TRUE,FALSE,"random_tau"
"961",10,61,10000,TRUE,FALSE,"random_tau"
"962",10,62,10000,TRUE,FALSE,"random_tau"
"963",10,63,10000,TRUE,FALSE,"random_tau"
"964",10,64,10000,TRUE,FALSE,"random_tau"
"965",10,65,10000,TRUE,FALSE,"random_tau"
"966",10,66,10000,TRUE,FALSE,"random_tau"
"967",10,67,10000,TRUE,FALSE,"random_tau"
"968",10,68,10000,TRUE,FALSE,"random_tau"
"969",10,69,10000,TRUE,FALSE,"random_tau"
"970",10,70,10000,TRUE,FALSE,"random_tau"
"971",10,71,10000,TRUE,FALSE,"random_tau"
"972",10,72,10000,TRUE,FALSE,"random_tau"
"973",10,73,10000,TRUE,FALSE,"random_tau"
"974",10,74,10000,TRUE,FALSE,"random_tau"
"975",10,75,10000,TRUE,FALSE,"random_tau"
"976",10,76,10000,TRUE,FALSE,"random_tau"
"977",10,77,10000,TRUE,FALSE,"random_tau"
"978",10,78,10000,TRUE,FALSE,"random_tau"
"979",10,79,10000,TRUE,FALSE,"random_tau"
"980",10,80,10000,TRUE,FALSE,"random_tau"
"981",10,81,10000,TRUE,FALSE,"random_tau"
"982",10,82,10000,TRUE,FALSE,"random_tau"
"983",10,83,10000,TRUE,FALSE,"random_tau"
"984",10,84,10000,TRUE,FALSE,"random_tau"
"985",10,85,10000,TRUE,FALSE,"random_tau"
"986",10,86,10000,TRUE,FALSE,"random_tau"
"987",10,87,10000,TRUE,FALSE,"random_tau"
"988",10,88,10000,TRUE,FALSE,"random_tau"
"989",10,89,10000,TRUE,FALSE,"random_tau"
"990",10,90,10000,TRUE,FALSE,"random_tau"
"991",10,91,10000,TRUE,FALSE,"random_tau"
"992",10,92,10000,TRUE,FALSE,"random_tau"
"993",10,93,10000,TRUE,FALSE,"random_tau"
"994",10,94,10000,TRUE,FALSE,"random_tau"
"995",10,95,10000,TRUE,FALSE,"random_tau"
"996",10,96,10000,TRUE,FALSE,"random_tau"
"997",10,97,10000,TRUE,FALSE,"random_tau"
"998",10,98,10000,TRUE,FALSE,"random_tau"
"999",10,99,10000,TRUE,FALSE,"random_tau"
"1000",10,100,10000,TRUE,FALSE,"random_tau"
"1001",11,1,633,TRUE,FALSE,"random_tau"
"1002",11,2,1156,TRUE,FALSE,"random_tau"
"1003",11,3,1619,TRUE,FALSE,"random_tau"
"1004",11,4,2088,TRUE,FALSE,"random_tau"
"1005",11,5,2652,TRUE,FALSE,"random_tau"
"1006",11,6,3307,TRUE,FALSE,"random_tau"
"1007",11,7,4098,TRUE,FALSE,"random_tau"
"1008",11,8,5013,TRUE,FALSE,"random_tau"
"1009",11,9,6127,TRUE,FALSE,"random_tau"
"1010",11,10,7396,TRUE,FALSE,"random_tau"
"1011",11,11,8596,TRUE,FALSE,"random_tau"
"1012",11,12,9403,TRUE,FALSE,"random_tau"
"1013",11,13,9828,TRUE,FALSE,"random_tau"
"1014",11,14,9964,TRUE,FALSE,"random_tau"
"1015",11,15,9994,TRUE,FALSE,"random_tau"
"1016",11,16,10000,TRUE,FALSE,"random_tau"
"1017",11,17,10000,TRUE,FALSE,"random_tau"
"1018",11,18,10000,TRUE,FALSE,"random_tau"
"1019",11,19,10000,TRUE,FALSE,"random_tau"
"1020",11,20,10000,TRUE,FALSE,"random_tau"
"1021",11,21,10000,TRUE,FALSE,"random_tau"
"1022",11,22,10000,TRUE,FALSE,"random_tau"
"1023",11,23,10000,TRUE,FALSE,"random_tau"
"1024",11,24,10000,TRUE,FALSE,"random_tau"
"1025",11,25,10000,TRUE,FALSE,"random_tau"
"1026",11,26,10000,TRUE,FALSE,"random_tau"
"1027",11,27,10000,TRUE,FALSE,"random_tau"
"1028",11,28,10000,TRUE,FALSE,"random_tau"
"1029",11,29,10000,TRUE,FALSE,"random_tau"
"1030",11,30,10000,TRUE,FALSE,"random_tau"
"1031",11,31,10000,TRUE,FALSE,"random_tau"
"1032",11,32,10000,TRUE,FALSE,"random_tau"
"1033",11,33,10000,TRUE,FALSE,"random_tau"
"1034",11,34,10000,TRUE,FALSE,"random_tau"
"1035",11,35,10000,TRUE,FALSE,"random_tau"
"1036",11,36,10000,TRUE,FALSE,"random_tau"
"1037",11,37,10000,TRUE,FALSE,"random_tau"
"1038",11,38,10000,TRUE,FALSE,"random_tau"
"1039",11,39,10000,TRUE,FALSE,"random_tau"
"1040",11,40,10000,TRUE,FALSE,"random_tau"
"1041",11,41,10000,TRUE,FALSE,"random_tau"
"1042",11,42,10000,TRUE,FALSE,"random_tau"
"1043",11,43,10000,TRUE,FALSE,"random_tau"
"1044",11,44,10000,TRUE,FALSE,"random_tau"
"1045",11,45,10000,TRUE,FALSE,"random_tau"
"1046",11,46,10000,TRUE,FALSE,"random_tau"
"1047",11,47,10000,TRUE,FALSE,"random_tau"
"1048",11,48,10000,TRUE,FALSE,"random_tau"
"1049",11,49,10000,TRUE,FALSE,"random_tau"
"1050",11,50,10000,TRUE,FALSE,"random_tau"
"1051",11,51,10000,TRUE,FALSE,"random_tau"
"1052",11,52,10000,TRUE,FALSE,"random_tau"
"1053",11,53,10000,TRUE,FALSE,"random_tau"
"1054",11,54,10000,TRUE,FALSE,"random_tau"
"1055",11,55,10000,TRUE,FALSE,"random_tau"
"1056",11,56,10000,TRUE,FALSE,"random_tau"
"1057",11,57,10000,TRUE,FALSE,"random_tau"
"1058",11,58,10000,TRUE,FALSE,"random_tau"
"1059",11,59,10000,TRUE,FALSE,"random_tau"
"1060",11,60,10000,TRUE,FALSE,"random_tau"
"1061",11,61,10000,TRUE,FALSE,"random_tau"
"1062",11,62,10000,TRUE,FALSE,"random_tau"
"1063",11,63,10000,TRUE,FALSE,"random_tau"
"1064",11,64,10000,TRUE,FALSE,"random_tau"
"1065",11,65,10000,TRUE,FALSE,"random_tau"
"1066",11,66,10000,TRUE,FALSE,"random_tau"
"1067",11,67,10000,TRUE,FALSE,"random_tau"
"1068",11,68,10000,TRUE,FALSE,"random_tau"
"1069",11,69,10000,TRUE,FALSE,"random_tau"
"1070",11,70,10000,TRUE,FALSE,"random_tau"
"1071",11,71,10000,TRUE,FALSE,"random_tau"
"1072",11,72,10000,TRUE,FALSE,"random_tau"
"1073",11,73,10000,TRUE,FALSE,"random_tau"
"1074",11,74,10000,TRUE,FALSE,"random_tau"
"1075",11,75,10000,TRUE,FALSE,"random_tau"
"1076",11,76,10000,TRUE,FALSE,"random_tau"
"1077",11,77,10000,TRUE,FALSE,"random_tau"
"1078",11,78,10000,TRUE,FALSE,"random_tau"
"1079",11,79,10000,TRUE,FALSE,"random_tau"
"1080",11,80,10000,TRUE,FALSE,"random_tau"
"1081",11,81,10000,TRUE,FALSE,"random_tau"
"1082",11,82,10000,TRUE,FALSE,"random_tau"
"1083",11,83,10000,TRUE,FALSE,"random_tau"
"1084",11,84,10000,TRUE,FALSE,"random_tau"
"1085",11,85,10000,TRUE,FALSE,"random_tau"
"1086",11,86,10000,TRUE,FALSE,"random_tau"
"1087",11,87,10000,TRUE,FALSE,"random_tau"
"1088",11,88,10000,TRUE,FALSE,"random_tau"
"1089",11,89,10000,TRUE,FALSE,"random_tau"
"1090",11,90,10000,TRUE,FALSE,"random_tau"
"1091",11,91,10000,TRUE,FALSE,"random_tau"
"1092",11,92,10000,TRUE,FALSE,"random_tau"
"1093",11,93,10000,TRUE,FALSE,"random_tau"
"1094",11,94,10000,TRUE,FALSE,"random_tau"
"1095",11,95,10000,TRUE,FALSE,"random_tau"
"1096",11,96,10000,TRUE,FALSE,"random_tau"
"1097",11,97,10000,TRUE,FALSE,"random_tau"
"1098",11,98,10000,TRUE,FALSE,"random_tau"
"1099",11,99,10000,TRUE,FALSE,"random_tau"
"1100",11,100,10000,TRUE,FALSE,"random_tau"
"1101",12,1,620,TRUE,FALSE,"random_tau"
"1102",12,2,1142,TRUE,FALSE,"random_tau"
"1103",12,3,1610,TRUE,FALSE,"random_tau"
"1104",12,4,2096,TRUE,FALSE,"random_tau"
"1105",12,5,2626,TRUE,FALSE,"random_tau"
"1106",12,6,3276,TRUE,FALSE,"random_tau"
"1107",12,7,4095,TRUE,FALSE,"random_tau"
"1108",12,8,5076,TRUE,FALSE,"random_tau"
"1109",12,9,6234,TRUE,FALSE,"random_tau"
"1110",12,10,7522,TRUE,FALSE,"random_tau"
"1111",12,11,8727,TRUE,FALSE,"random_tau"
"1112",12,12,9529,TRUE,FALSE,"random_tau"
"1113",12,13,9884,TRUE,FALSE,"random_tau"
"1114",12,14,9980,TRUE,FALSE,"random_tau"
"1115",12,15,9996,TRUE,FALSE,"random_tau"
"1116",12,16,9999,TRUE,FALSE,"random_tau"
"1117",12,17,10000,TRUE,FALSE,"random_tau"
"1118",12,18,10000,TRUE,FALSE,"random_tau"
"1119",12,19,10000,TRUE,FALSE,"random_tau"
"1120",12,20,10000,TRUE,FALSE,"random_tau"
"1121",12,21,10000,TRUE,FALSE,"random_tau"
"1122",12,22,10000,TRUE,FALSE,"random_tau"
"1123",12,23,10000,TRUE,FALSE,"random_tau"
"1124",12,24,10000,TRUE,FALSE,"random_tau"
"1125",12,25,10000,TRUE,FALSE,"random_tau"
"1126",12,26,10000,TRUE,FALSE,"random_tau"
"1127",12,27,10000,TRUE,FALSE,"random_tau"
"1128",12,28,10000,TRUE,FALSE,"random_tau"
"1129",12,29,10000,TRUE,FALSE,"random_tau"
"1130",12,30,10000,TRUE,FALSE,"random_tau"
"1131",12,31,10000,TRUE,FALSE,"random_tau"
"1132",12,32,10000,TRUE,FALSE,"random_tau"
"1133",12,33,10000,TRUE,FALSE,"random_tau"
"1134",12,34,10000,TRUE,FALSE,"random_tau"
"1135",12,35,10000,TRUE,FALSE,"random_tau"
"1136",12,36,10000,TRUE,FALSE,"random_tau"
"1137",12,37,10000,TRUE,FALSE,"random_tau"
"1138",12,38,10000,TRUE,FALSE,"random_tau"
"1139",12,39,10000,TRUE,FALSE,"random_tau"
"1140",12,40,10000,TRUE,FALSE,"random_tau"
"1141",12,41,10000,TRUE,FALSE,"random_tau"
"1142",12,42,10000,TRUE,FALSE,"random_tau"
"1143",12,43,10000,TRUE,FALSE,"random_tau"
"1144",12,44,10000,TRUE,FALSE,"random_tau"
"1145",12,45,10000,TRUE,FALSE,"random_tau"
"1146",12,46,10000,TRUE,FALSE,"random_tau"
"1147",12,47,10000,TRUE,FALSE,"random_tau"
"1148",12,48,10000,TRUE,FALSE,"random_tau"
"1149",12,49,10000,TRUE,FALSE,"random_tau"
"1150",12,50,10000,TRUE,FALSE,"random_tau"
"1151",12,51,10000,TRUE,FALSE,"random_tau"
"1152",12,52,10000,TRUE,FALSE,"random_tau"
"1153",12,53,10000,TRUE,FALSE,"random_tau"
"1154",12,54,10000,TRUE,FALSE,"random_tau"
"1155",12,55,10000,TRUE,FALSE,"random_tau"
"1156",12,56,10000,TRUE,FALSE,"random_tau"
"1157",12,57,10000,TRUE,FALSE,"random_tau"
"1158",12,58,10000,TRUE,FALSE,"random_tau"
"1159",12,59,10000,TRUE,FALSE,"random_tau"
"1160",12,60,10000,TRUE,FALSE,"random_tau"
"1161",12,61,10000,TRUE,FALSE,"random_tau"
"1162",12,62,10000,TRUE,FALSE,"random_tau"
"1163",12,63,10000,TRUE,FALSE,"random_tau"
"1164",12,64,10000,TRUE,FALSE,"random_tau"
"1165",12,65,10000,TRUE,FALSE,"random_tau"
"1166",12,66,10000,TRUE,FALSE,"random_tau"
"1167",12,67,10000,TRUE,FALSE,"random_tau"
"1168",12,68,10000,TRUE,FALSE,"random_tau"
"1169",12,69,10000,TRUE,FALSE,"random_tau"
"1170",12,70,10000,TRUE,FALSE,"random_tau"
"1171",12,71,10000,TRUE,FALSE,"random_tau"
"1172",12,72,10000,TRUE,FALSE,"random_tau"
"1173",12,73,10000,TRUE,FALSE,"random_tau"
"1174",12,74,10000,TRUE,FALSE,"random_tau"
"1175",12,75,10000,TRUE,FALSE,"random_tau"
"1176",12,76,10000,TRUE,FALSE,"random_tau"
"1177",12,77,10000,TRUE,FALSE,"random_tau"
"1178",12,78,10000,TRUE,FALSE,"random_tau"
"1179",12,79,10000,TRUE,FALSE,"random_tau"
"1180",12,80,10000,TRUE,FALSE,"random_tau"
"1181",12,81,10000,TRUE,FALSE,"random_tau"
"1182",12,82,10000,TRUE,FALSE,"random_tau"
"1183",12,83,10000,TRUE,FALSE,"random_tau"
"1184",12,84,10000,TRUE,FALSE,"random_tau"
"1185",12,85,10000,TRUE,FALSE,"random_tau"
"1186",12,86,10000,TRUE,FALSE,"random_tau"
"1187",12,87,10000,TRUE,FALSE,"random_tau"
"1188",12,88,10000,TRUE,FALSE,"random_tau"
"1189",12,89,10000,TRUE,FALSE,"random_tau"
"1190",12,90,10000,TRUE,FALSE,"random_tau"
"1191",12,91,10000,TRUE,FALSE,"random_tau"
"1192",12,92,10000,TRUE,FALSE,"random_tau"
"1193",12,93,10000,TRUE,FALSE,"random_tau"
"1194",12,94,10000,TRUE,FALSE,"random_tau"
"1195",12,95,10000,TRUE,FALSE,"random_tau"
"1196",12,96,10000,TRUE,FALSE,"random_tau"
"1197",12,97,10000,TRUE,FALSE,"random_tau"
"1198",12,98,10000,TRUE,FALSE,"random_tau"
"1199",12,99,10000,TRUE,FALSE,"random_tau"
"1200",12,100,10000,TRUE,FALSE,"random_tau"
"1201",13,1,622,TRUE,FALSE,"random_tau"
"1202",13,2,1143,TRUE,FALSE,"random_tau"
"1203",13,3,1643,TRUE,FALSE,"random_tau"
"1204",13,4,2197,TRUE,FALSE,"random_tau"
"1205",13,5,2856,TRUE,FALSE,"random_tau"
"1206",13,6,3635,TRUE,FALSE,"random_tau"
"1207",13,7,4591,TRUE,FALSE,"random_tau"
"1208",13,8,5723,TRUE,FALSE,"random_tau"
"1209",13,9,7023,TRUE,FALSE,"random_tau"
"1210",13,10,8353,TRUE,FALSE,"random_tau"
"1211",13,11,9340,TRUE,FALSE,"random_tau"
"1212",13,12,9796,TRUE,FALSE,"random_tau"
"1213",13,13,9968,TRUE,FALSE,"random_tau"
"1214",13,14,9998,TRUE,FALSE,"random_tau"
"1215",13,15,10000,TRUE,FALSE,"random_tau"
"1216",13,16,10000,TRUE,FALSE,"random_tau"
"1217",13,17,10000,TRUE,FALSE,"random_tau"
"1218",13,18,10000,TRUE,FALSE,"random_tau"
"1219",13,19,10000,TRUE,FALSE,"random_tau"
"1220",13,20,10000,TRUE,FALSE,"random_tau"
"1221",13,21,10000,TRUE,FALSE,"random_tau"
"1222",13,22,10000,TRUE,FALSE,"random_tau"
"1223",13,23,10000,TRUE,FALSE,"random_tau"
"1224",13,24,10000,TRUE,FALSE,"random_tau"
"1225",13,25,10000,TRUE,FALSE,"random_tau"
"1226",13,26,10000,TRUE,FALSE,"random_tau"
"1227",13,27,10000,TRUE,FALSE,"random_tau"
"1228",13,28,10000,TRUE,FALSE,"random_tau"
"1229",13,29,10000,TRUE,FALSE,"random_tau"
"1230",13,30,10000,TRUE,FALSE,"random_tau"
"1231",13,31,10000,TRUE,FALSE,"random_tau"
"1232",13,32,10000,TRUE,FALSE,"random_tau"
"1233",13,33,10000,TRUE,FALSE,"random_tau"
"1234",13,34,10000,TRUE,FALSE,"random_tau"
"1235",13,35,10000,TRUE,FALSE,"random_tau"
"1236",13,36,10000,TRUE,FALSE,"random_tau"
"1237",13,37,10000,TRUE,FALSE,"random_tau"
"1238",13,38,10000,TRUE,FALSE,"random_tau"
"1239",13,39,10000,TRUE,FALSE,"random_tau"
"1240",13,40,10000,TRUE,FALSE,"random_tau"
"1241",13,41,10000,TRUE,FALSE,"random_tau"
"1242",13,42,10000,TRUE,FALSE,"random_tau"
"1243",13,43,10000,TRUE,FALSE,"random_tau"
"1244",13,44,10000,TRUE,FALSE,"random_tau"
"1245",13,45,10000,TRUE,FALSE,"random_tau"
"1246",13,46,10000,TRUE,FALSE,"random_tau"
"1247",13,47,10000,TRUE,FALSE,"random_tau"
"1248",13,48,10000,TRUE,FALSE,"random_tau"
"1249",13,49,10000,TRUE,FALSE,"random_tau"
"1250",13,50,10000,TRUE,FALSE,"random_tau"
"1251",13,51,10000,TRUE,FALSE,"random_tau"
"1252",13,52,10000,TRUE,FALSE,"random_tau"
"1253",13,53,10000,TRUE,FALSE,"random_tau"
"1254",13,54,10000,TRUE,FALSE,"random_tau"
"1255",13,55,10000,TRUE,FALSE,"random_tau"
"1256",13,56,10000,TRUE,FALSE,"random_tau"
"1257",13,57,10000,TRUE,FALSE,"random_tau"
"1258",13,58,10000,TRUE,FALSE,"random_tau"
"1259",13,59,10000,TRUE,FALSE,"random_tau"
"1260",13,60,10000,TRUE,FALSE,"random_tau"
"1261",13,61,10000,TRUE,FALSE,"random_tau"
"1262",13,62,10000,TRUE,FALSE,"random_tau"
"1263",13,63,10000,TRUE,FALSE,"random_tau"
"1264",13,64,10000,TRUE,FALSE,"random_tau"
"1265",13,65,10000,TRUE,FALSE,"random_tau"
"1266",13,66,10000,TRUE,FALSE,"random_tau"
"1267",13,67,10000,TRUE,FALSE,"random_tau"
"1268",13,68,10000,TRUE,FALSE,"random_tau"
"1269",13,69,10000,TRUE,FALSE,"random_tau"
"1270",13,70,10000,TRUE,FALSE,"random_tau"
"1271",13,71,10000,TRUE,FALSE,"random_tau"
"1272",13,72,10000,TRUE,FALSE,"random_tau"
"1273",13,73,10000,TRUE,FALSE,"random_tau"
"1274",13,74,10000,TRUE,FALSE,"random_tau"
"1275",13,75,10000,TRUE,FALSE,"random_tau"
"1276",13,76,10000,TRUE,FALSE,"random_tau"
"1277",13,77,10000,TRUE,FALSE,"random_tau"
"1278",13,78,10000,TRUE,FALSE,"random_tau"
"1279",13,79,10000,TRUE,FALSE,"random_tau"
"1280",13,80,10000,TRUE,FALSE,"random_tau"
"1281",13,81,10000,TRUE,FALSE,"random_tau"
"1282",13,82,10000,TRUE,FALSE,"random_tau"
"1283",13,83,10000,TRUE,FALSE,"random_tau"
"1284",13,84,10000,TRUE,FALSE,"random_tau"
"1285",13,85,10000,TRUE,FALSE,"random_tau"
"1286",13,86,10000,TRUE,FALSE,"random_tau"
"1287",13,87,10000,TRUE,FALSE,"random_tau"
"1288",13,88,10000,TRUE,FALSE,"random_tau"
"1289",13,89,10000,TRUE,FALSE,"random_tau"
"1290",13,90,10000,TRUE,FALSE,"random_tau"
"1291",13,91,10000,TRUE,FALSE,"random_tau"
"1292",13,92,10000,TRUE,FALSE,"random_tau"
"1293",13,93,10000,TRUE,FALSE,"random_tau"
"1294",13,94,10000,TRUE,FALSE,"random_tau"
"1295",13,95,10000,TRUE,FALSE,"random_tau"
"1296",13,96,10000,TRUE,FALSE,"random_tau"
"1297",13,97,10000,TRUE,FALSE,"random_tau"
"1298",13,98,10000,TRUE,FALSE,"random_tau"
"1299",13,99,10000,TRUE,FALSE,"random_tau"
"1300",13,100,10000,TRUE,FALSE,"random_tau"
"1301",14,1,619,TRUE,FALSE,"random_tau"
"1302",14,2,1119,TRUE,FALSE,"random_tau"
"1303",14,3,1578,TRUE,FALSE,"random_tau"
"1304",14,4,2091,TRUE,FALSE,"random_tau"
"1305",14,5,2689,TRUE,FALSE,"random_tau"
"1306",14,6,3432,TRUE,FALSE,"random_tau"
"1307",14,7,4377,TRUE,FALSE,"random_tau"
"1308",14,8,5543,TRUE,FALSE,"random_tau"
"1309",14,9,6866,TRUE,FALSE,"random_tau"
"1310",14,10,8165,TRUE,FALSE,"random_tau"
"1311",14,11,9241,TRUE,FALSE,"random_tau"
"1312",14,12,9801,TRUE,FALSE,"random_tau"
"1313",14,13,9963,TRUE,FALSE,"random_tau"
"1314",14,14,9995,TRUE,FALSE,"random_tau"
"1315",14,15,10000,TRUE,FALSE,"random_tau"
"1316",14,16,10000,TRUE,FALSE,"random_tau"
"1317",14,17,10000,TRUE,FALSE,"random_tau"
"1318",14,18,10000,TRUE,FALSE,"random_tau"
"1319",14,19,10000,TRUE,FALSE,"random_tau"
"1320",14,20,10000,TRUE,FALSE,"random_tau"
"1321",14,21,10000,TRUE,FALSE,"random_tau"
"1322",14,22,10000,TRUE,FALSE,"random_tau"
"1323",14,23,10000,TRUE,FALSE,"random_tau"
"1324",14,24,10000,TRUE,FALSE,"random_tau"
"1325",14,25,10000,TRUE,FALSE,"random_tau"
"1326",14,26,10000,TRUE,FALSE,"random_tau"
"1327",14,27,10000,TRUE,FALSE,"random_tau"
"1328",14,28,10000,TRUE,FALSE,"random_tau"
"1329",14,29,10000,TRUE,FALSE,"random_tau"
"1330",14,30,10000,TRUE,FALSE,"random_tau"
"1331",14,31,10000,TRUE,FALSE,"random_tau"
"1332",14,32,10000,TRUE,FALSE,"random_tau"
"1333",14,33,10000,TRUE,FALSE,"random_tau"
"1334",14,34,10000,TRUE,FALSE,"random_tau"
"1335",14,35,10000,TRUE,FALSE,"random_tau"
"1336",14,36,10000,TRUE,FALSE,"random_tau"
"1337",14,37,10000,TRUE,FALSE,"random_tau"
"1338",14,38,10000,TRUE,FALSE,"random_tau"
"1339",14,39,10000,TRUE,FALSE,"random_tau"
"1340",14,40,10000,TRUE,FALSE,"random_tau"
"1341",14,41,10000,TRUE,FALSE,"random_tau"
"1342",14,42,10000,TRUE,FALSE,"random_tau"
"1343",14,43,10000,TRUE,FALSE,"random_tau"
"1344",14,44,10000,TRUE,FALSE,"random_tau"
"1345",14,45,10000,TRUE,FALSE,"random_tau"
"1346",14,46,10000,TRUE,FALSE,"random_tau"
"1347",14,47,10000,TRUE,FALSE,"random_tau"
"1348",14,48,10000,TRUE,FALSE,"random_tau"
"1349",14,49,10000,TRUE,FALSE,"random_tau"
"1350",14,50,10000,TRUE,FALSE,"random_tau"
"1351",14,51,10000,TRUE,FALSE,"random_tau"
"1352",14,52,10000,TRUE,FALSE,"random_tau"
"1353",14,53,10000,TRUE,FALSE,"random_tau"
"1354",14,54,10000,TRUE,FALSE,"random_tau"
"1355",14,55,10000,TRUE,FALSE,"random_tau"
"1356",14,56,10000,TRUE,FALSE,"random_tau"
"1357",14,57,10000,TRUE,FALSE,"random_tau"
"1358",14,58,10000,TRUE,FALSE,"random_tau"
"1359",14,59,10000,TRUE,FALSE,"random_tau"
"1360",14,60,10000,TRUE,FALSE,"random_tau"
"1361",14,61,10000,TRUE,FALSE,"random_tau"
"1362",14,62,10000,TRUE,FALSE,"random_tau"
"1363",14,63,10000,TRUE,FALSE,"random_tau"
"1364",14,64,10000,TRUE,FALSE,"random_tau"
"1365",14,65,10000,TRUE,FALSE,"random_tau"
"1366",14,66,10000,TRUE,FALSE,"random_tau"
"1367",14,67,10000,TRUE,FALSE,"random_tau"
"1368",14,68,10000,TRUE,FALSE,"random_tau"
"1369",14,69,10000,TRUE,FALSE,"random_tau"
"1370",14,70,10000,TRUE,FALSE,"random_tau"
"1371",14,71,10000,TRUE,FALSE,"random_tau"
"1372",14,72,10000,TRUE,FALSE,"random_tau"
"1373",14,73,10000,TRUE,FALSE,"random_tau"
"1374",14,74,10000,TRUE,FALSE,"random_tau"
"1375",14,75,10000,TRUE,FALSE,"random_tau"
"1376",14,76,10000,TRUE,FALSE,"random_tau"
"1377",14,77,10000,TRUE,FALSE,"random_tau"
"1378",14,78,10000,TRUE,FALSE,"random_tau"
"1379",14,79,10000,TRUE,FALSE,"random_tau"
"1380",14,80,10000,TRUE,FALSE,"random_tau"
"1381",14,81,10000,TRUE,FALSE,"random_tau"
"1382",14,82,10000,TRUE,FALSE,"random_tau"
"1383",14,83,10000,TRUE,FALSE,"random_tau"
"1384",14,84,10000,TRUE,FALSE,"random_tau"
"1385",14,85,10000,TRUE,FALSE,"random_tau"
"1386",14,86,10000,TRUE,FALSE,"random_tau"
"1387",14,87,10000,TRUE,FALSE,"random_tau"
"1388",14,88,10000,TRUE,FALSE,"random_tau"
"1389",14,89,10000,TRUE,FALSE,"random_tau"
"1390",14,90,10000,TRUE,FALSE,"random_tau"
"1391",14,91,10000,TRUE,FALSE,"random_tau"
"1392",14,92,10000,TRUE,FALSE,"random_tau"
"1393",14,93,10000,TRUE,FALSE,"random_tau"
"1394",14,94,10000,TRUE,FALSE,"random_tau"
"1395",14,95,10000,TRUE,FALSE,"random_tau"
"1396",14,96,10000,TRUE,FALSE,"random_tau"
"1397",14,97,10000,TRUE,FALSE,"random_tau"
"1398",14,98,10000,TRUE,FALSE,"random_tau"
"1399",14,99,10000,TRUE,FALSE,"random_tau"
"1400",14,100,10000,TRUE,FALSE,"random_tau"
"1401",15,1,621,TRUE,FALSE,"random_tau"
"1402",15,2,1112,TRUE,FALSE,"random_tau"
"1403",15,3,1514,TRUE,FALSE,"random_tau"
"1404",15,4,1977,TRUE,FALSE,"random_tau"
"1405",15,5,2494,TRUE,FALSE,"random_tau"
"1406",15,6,3123,TRUE,FALSE,"random_tau"
"1407",15,7,3899,TRUE,FALSE,"random_tau"
"1408",15,8,4864,TRUE,FALSE,"random_tau"
"1409",15,9,6063,TRUE,FALSE,"random_tau"
"1410",15,10,7400,TRUE,FALSE,"random_tau"
"1411",15,11,8694,TRUE,FALSE,"random_tau"
"1412",15,12,9575,TRUE,FALSE,"random_tau"
"1413",15,13,9921,TRUE,FALSE,"random_tau"
"1414",15,14,9993,TRUE,FALSE,"random_tau"
"1415",15,15,10000,TRUE,FALSE,"random_tau"
"1416",15,16,10000,TRUE,FALSE,"random_tau"
"1417",15,17,10000,TRUE,FALSE,"random_tau"
"1418",15,18,10000,TRUE,FALSE,"random_tau"
"1419",15,19,10000,TRUE,FALSE,"random_tau"
"1420",15,20,10000,TRUE,FALSE,"random_tau"
"1421",15,21,10000,TRUE,FALSE,"random_tau"
"1422",15,22,10000,TRUE,FALSE,"random_tau"
"1423",15,23,10000,TRUE,FALSE,"random_tau"
"1424",15,24,10000,TRUE,FALSE,"random_tau"
"1425",15,25,10000,TRUE,FALSE,"random_tau"
"1426",15,26,10000,TRUE,FALSE,"random_tau"
"1427",15,27,10000,TRUE,FALSE,"random_tau"
"1428",15,28,10000,TRUE,FALSE,"random_tau"
"1429",15,29,10000,TRUE,FALSE,"random_tau"
"1430",15,30,10000,TRUE,FALSE,"random_tau"
"1431",15,31,10000,TRUE,FALSE,"random_tau"
"1432",15,32,10000,TRUE,FALSE,"random_tau"
"1433",15,33,10000,TRUE,FALSE,"random_tau"
"1434",15,34,10000,TRUE,FALSE,"random_tau"
"1435",15,35,10000,TRUE,FALSE,"random_tau"
"1436",15,36,10000,TRUE,FALSE,"random_tau"
"1437",15,37,10000,TRUE,FALSE,"random_tau"
"1438",15,38,10000,TRUE,FALSE,"random_tau"
"1439",15,39,10000,TRUE,FALSE,"random_tau"
"1440",15,40,10000,TRUE,FALSE,"random_tau"
"1441",15,41,10000,TRUE,FALSE,"random_tau"
"1442",15,42,10000,TRUE,FALSE,"random_tau"
"1443",15,43,10000,TRUE,FALSE,"random_tau"
"1444",15,44,10000,TRUE,FALSE,"random_tau"
"1445",15,45,10000,TRUE,FALSE,"random_tau"
"1446",15,46,10000,TRUE,FALSE,"random_tau"
"1447",15,47,10000,TRUE,FALSE,"random_tau"
"1448",15,48,10000,TRUE,FALSE,"random_tau"
"1449",15,49,10000,TRUE,FALSE,"random_tau"
"1450",15,50,10000,TRUE,FALSE,"random_tau"
"1451",15,51,10000,TRUE,FALSE,"random_tau"
"1452",15,52,10000,TRUE,FALSE,"random_tau"
"1453",15,53,10000,TRUE,FALSE,"random_tau"
"1454",15,54,10000,TRUE,FALSE,"random_tau"
"1455",15,55,10000,TRUE,FALSE,"random_tau"
"1456",15,56,10000,TRUE,FALSE,"random_tau"
"1457",15,57,10000,TRUE,FALSE,"random_tau"
"1458",15,58,10000,TRUE,FALSE,"random_tau"
"1459",15,59,10000,TRUE,FALSE,"random_tau"
"1460",15,60,10000,TRUE,FALSE,"random_tau"
"1461",15,61,10000,TRUE,FALSE,"random_tau"
"1462",15,62,10000,TRUE,FALSE,"random_tau"
"1463",15,63,10000,TRUE,FALSE,"random_tau"
"1464",15,64,10000,TRUE,FALSE,"random_tau"
"1465",15,65,10000,TRUE,FALSE,"random_tau"
"1466",15,66,10000,TRUE,FALSE,"random_tau"
"1467",15,67,10000,TRUE,FALSE,"random_tau"
"1468",15,68,10000,TRUE,FALSE,"random_tau"
"1469",15,69,10000,TRUE,FALSE,"random_tau"
"1470",15,70,10000,TRUE,FALSE,"random_tau"
"1471",15,71,10000,TRUE,FALSE,"random_tau"
"1472",15,72,10000,TRUE,FALSE,"random_tau"
"1473",15,73,10000,TRUE,FALSE,"random_tau"
"1474",15,74,10000,TRUE,FALSE,"random_tau"
"1475",15,75,10000,TRUE,FALSE,"random_tau"
"1476",15,76,10000,TRUE,FALSE,"random_tau"
"1477",15,77,10000,TRUE,FALSE,"random_tau"
"1478",15,78,10000,TRUE,FALSE,"random_tau"
"1479",15,79,10000,TRUE,FALSE,"random_tau"
"1480",15,80,10000,TRUE,FALSE,"random_tau"
"1481",15,81,10000,TRUE,FALSE,"random_tau"
"1482",15,82,10000,TRUE,FALSE,"random_tau"
"1483",15,83,10000,TRUE,FALSE,"random_tau"
"1484",15,84,10000,TRUE,FALSE,"random_tau"
"1485",15,85,10000,TRUE,FALSE,"random_tau"
"1486",15,86,10000,TRUE,FALSE,"random_tau"
"1487",15,87,10000,TRUE,FALSE,"random_tau"
"1488",15,88,10000,TRUE,FALSE,"random_tau"
"1489",15,89,10000,TRUE,FALSE,"random_tau"
"1490",15,90,10000,TRUE,FALSE,"random_tau"
"1491",15,91,10000,TRUE,FALSE,"random_tau"
"1492",15,92,10000,TRUE,FALSE,"random_tau"
"1493",15,93,10000,TRUE,FALSE,"random_tau"
"1494",15,94,10000,TRUE,FALSE,"random_tau"
"1495",15,95,10000,TRUE,FALSE,"random_tau"
"1496",15,96,10000,TRUE,FALSE,"random_tau"
"1497",15,97,10000,TRUE,FALSE,"random_tau"
"1498",15,98,10000,TRUE,FALSE,"random_tau"
"1499",15,99,10000,TRUE,FALSE,"random_tau"
"1500",15,100,10000,TRUE,FALSE,"random_tau"
"1501",16,1,631,TRUE,FALSE,"random_tau"
"1502",16,2,1114,TRUE,FALSE,"random_tau"
"1503",16,3,1547,TRUE,FALSE,"random_tau"
"1504",16,4,1979,TRUE,FALSE,"random_tau"
"1505",16,5,2462,TRUE,FALSE,"random_tau"
"1506",16,6,3055,TRUE,FALSE,"random_tau"
"1507",16,7,3796,TRUE,FALSE,"random_tau"
"1508",16,8,4706,TRUE,FALSE,"random_tau"
"1509",16,9,5830,TRUE,FALSE,"random_tau"
"1510",16,10,7196,TRUE,FALSE,"random_tau"
"1511",16,11,8585,TRUE,FALSE,"random_tau"
"1512",16,12,9539,TRUE,FALSE,"random_tau"
"1513",16,13,9918,TRUE,FALSE,"random_tau"
"1514",16,14,9995,TRUE,FALSE,"random_tau"
"1515",16,15,9999,TRUE,FALSE,"random_tau"
"1516",16,16,9999,TRUE,FALSE,"random_tau"
"1517",16,17,9999,TRUE,FALSE,"random_tau"
"1518",16,18,9999,TRUE,FALSE,"random_tau"
"1519",16,19,9999,TRUE,FALSE,"random_tau"
"1520",16,20,9999,TRUE,FALSE,"random_tau"
"1521",16,21,9999,TRUE,FALSE,"random_tau"
"1522",16,22,9999,TRUE,FALSE,"random_tau"
"1523",16,23,9999,TRUE,FALSE,"random_tau"
"1524",16,24,9999,TRUE,FALSE,"random_tau"
"1525",16,25,9999,TRUE,FALSE,"random_tau"
"1526",16,26,9999,TRUE,FALSE,"random_tau"
"1527",16,27,9999,TRUE,FALSE,"random_tau"
"1528",16,28,9999,TRUE,FALSE,"random_tau"
"1529",16,29,9999,TRUE,FALSE,"random_tau"
"1530",16,30,9999,TRUE,FALSE,"random_tau"
"1531",16,31,9999,TRUE,FALSE,"random_tau"
"1532",16,32,9999,TRUE,FALSE,"random_tau"
"1533",16,33,9999,TRUE,FALSE,"random_tau"
"1534",16,34,9999,TRUE,FALSE,"random_tau"
"1535",16,35,9999,TRUE,FALSE,"random_tau"
"1536",16,36,9999,TRUE,FALSE,"random_tau"
"1537",16,37,9999,TRUE,FALSE,"random_tau"
"1538",16,38,9999,TRUE,FALSE,"random_tau"
"1539",16,39,9999,TRUE,FALSE,"random_tau"
"1540",16,40,9999,TRUE,FALSE,"random_tau"
"1541",16,41,9999,TRUE,FALSE,"random_tau"
"1542",16,42,9999,TRUE,FALSE,"random_tau"
"1543",16,43,9999,TRUE,FALSE,"random_tau"
"1544",16,44,9999,TRUE,FALSE,"random_tau"
"1545",16,45,9999,TRUE,FALSE,"random_tau"
"1546",16,46,9999,TRUE,FALSE,"random_tau"
"1547",16,47,9999,TRUE,FALSE,"random_tau"
"1548",16,48,9999,TRUE,FALSE,"random_tau"
"1549",16,49,9999,TRUE,FALSE,"random_tau"
"1550",16,50,9999,TRUE,FALSE,"random_tau"
"1551",16,51,9999,TRUE,FALSE,"random_tau"
"1552",16,52,9999,TRUE,FALSE,"random_tau"
"1553",16,53,9999,TRUE,FALSE,"random_tau"
"1554",16,54,9999,TRUE,FALSE,"random_tau"
"1555",16,55,9999,TRUE,FALSE,"random_tau"
"1556",16,56,9999,TRUE,FALSE,"random_tau"
"1557",16,57,9999,TRUE,FALSE,"random_tau"
"1558",16,58,9999,TRUE,FALSE,"random_tau"
"1559",16,59,9999,TRUE,FALSE,"random_tau"
"1560",16,60,9999,TRUE,FALSE,"random_tau"
"1561",16,61,9999,TRUE,FALSE,"random_tau"
"1562",16,62,9999,TRUE,FALSE,"random_tau"
"1563",16,63,9999,TRUE,FALSE,"random_tau"
"1564",16,64,9999,TRUE,FALSE,"random_tau"
"1565",16,65,9999,TRUE,FALSE,"random_tau"
"1566",16,66,9999,TRUE,FALSE,"random_tau"
"1567",16,67,9999,TRUE,FALSE,"random_tau"
"1568",16,68,9999,TRUE,FALSE,"random_tau"
"1569",16,69,9999,TRUE,FALSE,"random_tau"
"1570",16,70,9999,TRUE,FALSE,"random_tau"
"1571",16,71,9999,TRUE,FALSE,"random_tau"
"1572",16,72,9999,TRUE,FALSE,"random_tau"
"1573",16,73,9999,TRUE,FALSE,"random_tau"
"1574",16,74,9999,TRUE,FALSE,"random_tau"
"1575",16,75,9999,TRUE,FALSE,"random_tau"
"1576",16,76,9999,TRUE,FALSE,"random_tau"
"1577",16,77,9999,TRUE,FALSE,"random_tau"
"1578",16,78,9999,TRUE,FALSE,"random_tau"
"1579",16,79,9999,TRUE,FALSE,"random_tau"
"1580",16,80,9999,TRUE,FALSE,"random_tau"
"1581",16,81,9999,TRUE,FALSE,"random_tau"
"1582",16,82,9999,TRUE,FALSE,"random_tau"
"1583",16,83,9999,TRUE,FALSE,"random_tau"
"1584",16,84,9999,TRUE,FALSE,"random_tau"
"1585",16,85,9999,TRUE,FALSE,"random_tau"
"1586",16,86,9999,TRUE,FALSE,"random_tau"
"1587",16,87,9999,TRUE,FALSE,"random_tau"
"1588",16,88,9999,TRUE,FALSE,"random_tau"
"1589",16,89,9999,TRUE,FALSE,"random_tau"
"1590",16,90,9999,TRUE,FALSE,"random_tau"
"1591",16,91,9999,TRUE,FALSE,"random_tau"
"1592",16,92,9999,TRUE,FALSE,"random_tau"
"1593",16,93,9999,TRUE,FALSE,"random_tau"
"1594",16,94,9999,TRUE,FALSE,"random_tau"
"1595",16,95,9999,TRUE,FALSE,"random_tau"
"1596",16,96,9999,TRUE,FALSE,"random_tau"
"1597",16,97,9999,TRUE,FALSE,"random_tau"
"1598",16,98,9999,TRUE,FALSE,"random_tau"
"1599",16,99,9999,TRUE,FALSE,"random_tau"
"1600",16,100,9999,TRUE,FALSE,"random_tau"
"1601",17,1,615,TRUE,FALSE,"random_tau"
"1602",17,2,1154,TRUE,FALSE,"random_tau"
"1603",17,3,1643,TRUE,FALSE,"random_tau"
"1604",17,4,2166,TRUE,FALSE,"random_tau"
"1605",17,5,2738,TRUE,FALSE,"random_tau"
"1606",17,6,3389,TRUE,FALSE,"random_tau"
"1607",17,7,4234,TRUE,FALSE,"random_tau"
"1608",17,8,5242,TRUE,FALSE,"random_tau"
"1609",17,9,6419,TRUE,FALSE,"random_tau"
"1610",17,10,7696,TRUE,FALSE,"random_tau"
"1611",17,11,8853,TRUE,FALSE,"random_tau"
"1612",17,12,9628,TRUE,FALSE,"random_tau"
"1613",17,13,9928,TRUE,FALSE,"random_tau"
"1614",17,14,9992,TRUE,FALSE,"random_tau"
"1615",17,15,10000,TRUE,FALSE,"random_tau"
"1616",17,16,10000,TRUE,FALSE,"random_tau"
"1617",17,17,10000,TRUE,FALSE,"random_tau"
"1618",17,18,10000,TRUE,FALSE,"random_tau"
"1619",17,19,10000,TRUE,FALSE,"random_tau"
"1620",17,20,10000,TRUE,FALSE,"random_tau"
"1621",17,21,10000,TRUE,FALSE,"random_tau"
"1622",17,22,10000,TRUE,FALSE,"random_tau"
"1623",17,23,10000,TRUE,FALSE,"random_tau"
"1624",17,24,10000,TRUE,FALSE,"random_tau"
"1625",17,25,10000,TRUE,FALSE,"random_tau"
"1626",17,26,10000,TRUE,FALSE,"random_tau"
"1627",17,27,10000,TRUE,FALSE,"random_tau"
"1628",17,28,10000,TRUE,FALSE,"random_tau"
"1629",17,29,10000,TRUE,FALSE,"random_tau"
"1630",17,30,10000,TRUE,FALSE,"random_tau"
"1631",17,31,10000,TRUE,FALSE,"random_tau"
"1632",17,32,10000,TRUE,FALSE,"random_tau"
"1633",17,33,10000,TRUE,FALSE,"random_tau"
"1634",17,34,10000,TRUE,FALSE,"random_tau"
"1635",17,35,10000,TRUE,FALSE,"random_tau"
"1636",17,36,10000,TRUE,FALSE,"random_tau"
"1637",17,37,10000,TRUE,FALSE,"random_tau"
"1638",17,38,10000,TRUE,FALSE,"random_tau"
"1639",17,39,10000,TRUE,FALSE,"random_tau"
"1640",17,40,10000,TRUE,FALSE,"random_tau"
"1641",17,41,10000,TRUE,FALSE,"random_tau"
"1642",17,42,10000,TRUE,FALSE,"random_tau"
"1643",17,43,10000,TRUE,FALSE,"random_tau"
"1644",17,44,10000,TRUE,FALSE,"random_tau"
"1645",17,45,10000,TRUE,FALSE,"random_tau"
"1646",17,46,10000,TRUE,FALSE,"random_tau"
"1647",17,47,10000,TRUE,FALSE,"random_tau"
"1648",17,48,10000,TRUE,FALSE,"random_tau"
"1649",17,49,10000,TRUE,FALSE,"random_tau"
"1650",17,50,10000,TRUE,FALSE,"random_tau"
"1651",17,51,10000,TRUE,FALSE,"random_tau"
"1652",17,52,10000,TRUE,FALSE,"random_tau"
"1653",17,53,10000,TRUE,FALSE,"random_tau"
"1654",17,54,10000,TRUE,FALSE,"random_tau"
"1655",17,55,10000,TRUE,FALSE,"random_tau"
"1656",17,56,10000,TRUE,FALSE,"random_tau"
"1657",17,57,10000,TRUE,FALSE,"random_tau"
"1658",17,58,10000,TRUE,FALSE,"random_tau"
"1659",17,59,10000,TRUE,FALSE,"random_tau"
"1660",17,60,10000,TRUE,FALSE,"random_tau"
"1661",17,61,10000,TRUE,FALSE,"random_tau"
"1662",17,62,10000,TRUE,FALSE,"random_tau"
"1663",17,63,10000,TRUE,FALSE,"random_tau"
"1664",17,64,10000,TRUE,FALSE,"random_tau"
"1665",17,65,10000,TRUE,FALSE,"random_tau"
"1666",17,66,10000,TRUE,FALSE,"random_tau"
"1667",17,67,10000,TRUE,FALSE,"random_tau"
"1668",17,68,10000,TRUE,FALSE,"random_tau"
"1669",17,69,10000,TRUE,FALSE,"random_tau"
"1670",17,70,10000,TRUE,FALSE,"random_tau"
"1671",17,71,10000,TRUE,FALSE,"random_tau"
"1672",17,72,10000,TRUE,FALSE,"random_tau"
"1673",17,73,10000,TRUE,FALSE,"random_tau"
"1674",17,74,10000,TRUE,FALSE,"random_tau"
"1675",17,75,10000,TRUE,FALSE,"random_tau"
"1676",17,76,10000,TRUE,FALSE,"random_tau"
"1677",17,77,10000,TRUE,FALSE,"random_tau"
"1678",17,78,10000,TRUE,FALSE,"random_tau"
"1679",17,79,10000,TRUE,FALSE,"random_tau"
"1680",17,80,10000,TRUE,FALSE,"random_tau"
"1681",17,81,10000,TRUE,FALSE,"random_tau"
"1682",17,82,10000,TRUE,FALSE,"random_tau"
"1683",17,83,10000,TRUE,FALSE,"random_tau"
"1684",17,84,10000,TRUE,FALSE,"random_tau"
"1685",17,85,10000,TRUE,FALSE,"random_tau"
"1686",17,86,10000,TRUE,FALSE,"random_tau"
"1687",17,87,10000,TRUE,FALSE,"random_tau"
"1688",17,88,10000,TRUE,FALSE,"random_tau"
"1689",17,89,10000,TRUE,FALSE,"random_tau"
"1690",17,90,10000,TRUE,FALSE,"random_tau"
"1691",17,91,10000,TRUE,FALSE,"random_tau"
"1692",17,92,10000,TRUE,FALSE,"random_tau"
"1693",17,93,10000,TRUE,FALSE,"random_tau"
"1694",17,94,10000,TRUE,FALSE,"random_tau"
"1695",17,95,10000,TRUE,FALSE,"random_tau"
"1696",17,96,10000,TRUE,FALSE,"random_tau"
"1697",17,97,10000,TRUE,FALSE,"random_tau"
"1698",17,98,10000,TRUE,FALSE,"random_tau"
"1699",17,99,10000,TRUE,FALSE,"random_tau"
"1700",17,100,10000,TRUE,FALSE,"random_tau"
"1701",18,1,625,TRUE,FALSE,"random_tau"
"1702",18,2,1153,TRUE,FALSE,"random_tau"
"1703",18,3,1673,TRUE,FALSE,"random_tau"
"1704",18,4,2245,TRUE,FALSE,"random_tau"
"1705",18,5,2883,TRUE,FALSE,"random_tau"
"1706",18,6,3652,TRUE,FALSE,"random_tau"
"1707",18,7,4590,TRUE,FALSE,"random_tau"
"1708",18,8,5717,TRUE,FALSE,"random_tau"
"1709",18,9,7011,TRUE,FALSE,"random_tau"
"1710",18,10,8314,TRUE,FALSE,"random_tau"
"1711",18,11,9303,TRUE,FALSE,"random_tau"
"1712",18,12,9817,TRUE,FALSE,"random_tau"
"1713",18,13,9986,TRUE,FALSE,"random_tau"
"1714",18,14,9999,TRUE,FALSE,"random_tau"
"1715",18,15,10000,TRUE,FALSE,"random_tau"
"1716",18,16,10000,TRUE,FALSE,"random_tau"
"1717",18,17,10000,TRUE,FALSE,"random_tau"
"1718",18,18,10000,TRUE,FALSE,"random_tau"
"1719",18,19,10000,TRUE,FALSE,"random_tau"
"1720",18,20,10000,TRUE,FALSE,"random_tau"
"1721",18,21,10000,TRUE,FALSE,"random_tau"
"1722",18,22,10000,TRUE,FALSE,"random_tau"
"1723",18,23,10000,TRUE,FALSE,"random_tau"
"1724",18,24,10000,TRUE,FALSE,"random_tau"
"1725",18,25,10000,TRUE,FALSE,"random_tau"
"1726",18,26,10000,TRUE,FALSE,"random_tau"
"1727",18,27,10000,TRUE,FALSE,"random_tau"
"1728",18,28,10000,TRUE,FALSE,"random_tau"
"1729",18,29,10000,TRUE,FALSE,"random_tau"
"1730",18,30,10000,TRUE,FALSE,"random_tau"
"1731",18,31,10000,TRUE,FALSE,"random_tau"
"1732",18,32,10000,TRUE,FALSE,"random_tau"
"1733",18,33,10000,TRUE,FALSE,"random_tau"
"1734",18,34,10000,TRUE,FALSE,"random_tau"
"1735",18,35,10000,TRUE,FALSE,"random_tau"
"1736",18,36,10000,TRUE,FALSE,"random_tau"
"1737",18,37,10000,TRUE,FALSE,"random_tau"
"1738",18,38,10000,TRUE,FALSE,"random_tau"
"1739",18,39,10000,TRUE,FALSE,"random_tau"
"1740",18,40,10000,TRUE,FALSE,"random_tau"
"1741",18,41,10000,TRUE,FALSE,"random_tau"
"1742",18,42,10000,TRUE,FALSE,"random_tau"
"1743",18,43,10000,TRUE,FALSE,"random_tau"
"1744",18,44,10000,TRUE,FALSE,"random_tau"
"1745",18,45,10000,TRUE,FALSE,"random_tau"
"1746",18,46,10000,TRUE,FALSE,"random_tau"
"1747",18,47,10000,TRUE,FALSE,"random_tau"
"1748",18,48,10000,TRUE,FALSE,"random_tau"
"1749",18,49,10000,TRUE,FALSE,"random_tau"
"1750",18,50,10000,TRUE,FALSE,"random_tau"
"1751",18,51,10000,TRUE,FALSE,"random_tau"
"1752",18,52,10000,TRUE,FALSE,"random_tau"
"1753",18,53,10000,TRUE,FALSE,"random_tau"
"1754",18,54,10000,TRUE,FALSE,"random_tau"
"1755",18,55,10000,TRUE,FALSE,"random_tau"
"1756",18,56,10000,TRUE,FALSE,"random_tau"
"1757",18,57,10000,TRUE,FALSE,"random_tau"
"1758",18,58,10000,TRUE,FALSE,"random_tau"
"1759",18,59,10000,TRUE,FALSE,"random_tau"
"1760",18,60,10000,TRUE,FALSE,"random_tau"
"1761",18,61,10000,TRUE,FALSE,"random_tau"
"1762",18,62,10000,TRUE,FALSE,"random_tau"
"1763",18,63,10000,TRUE,FALSE,"random_tau"
"1764",18,64,10000,TRUE,FALSE,"random_tau"
"1765",18,65,10000,TRUE,FALSE,"random_tau"
"1766",18,66,10000,TRUE,FALSE,"random_tau"
"1767",18,67,10000,TRUE,FALSE,"random_tau"
"1768",18,68,10000,TRUE,FALSE,"random_tau"
"1769",18,69,10000,TRUE,FALSE,"random_tau"
"1770",18,70,10000,TRUE,FALSE,"random_tau"
"1771",18,71,10000,TRUE,FALSE,"random_tau"
"1772",18,72,10000,TRUE,FALSE,"random_tau"
"1773",18,73,10000,TRUE,FALSE,"random_tau"
"1774",18,74,10000,TRUE,FALSE,"random_tau"
"1775",18,75,10000,TRUE,FALSE,"random_tau"
"1776",18,76,10000,TRUE,FALSE,"random_tau"
"1777",18,77,10000,TRUE,FALSE,"random_tau"
"1778",18,78,10000,TRUE,FALSE,"random_tau"
"1779",18,79,10000,TRUE,FALSE,"random_tau"
"1780",18,80,10000,TRUE,FALSE,"random_tau"
"1781",18,81,10000,TRUE,FALSE,"random_tau"
"1782",18,82,10000,TRUE,FALSE,"random_tau"
"1783",18,83,10000,TRUE,FALSE,"random_tau"
"1784",18,84,10000,TRUE,FALSE,"random_tau"
"1785",18,85,10000,TRUE,FALSE,"random_tau"
"1786",18,86,10000,TRUE,FALSE,"random_tau"
"1787",18,87,10000,TRUE,FALSE,"random_tau"
"1788",18,88,10000,TRUE,FALSE,"random_tau"
"1789",18,89,10000,TRUE,FALSE,"random_tau"
"1790",18,90,10000,TRUE,FALSE,"random_tau"
"1791",18,91,10000,TRUE,FALSE,"random_tau"
"1792",18,92,10000,TRUE,FALSE,"random_tau"
"1793",18,93,10000,TRUE,FALSE,"random_tau"
"1794",18,94,10000,TRUE,FALSE,"random_tau"
"1795",18,95,10000,TRUE,FALSE,"random_tau"
"1796",18,96,10000,TRUE,FALSE,"random_tau"
"1797",18,97,10000,TRUE,FALSE,"random_tau"
"1798",18,98,10000,TRUE,FALSE,"random_tau"
"1799",18,99,10000,TRUE,FALSE,"random_tau"
"1800",18,100,10000,TRUE,FALSE,"random_tau"
"1801",19,1,618,TRUE,FALSE,"random_tau"
"1802",19,2,1095,TRUE,FALSE,"random_tau"
"1803",19,3,1525,TRUE,FALSE,"random_tau"
"1804",19,4,2027,TRUE,FALSE,"random_tau"
"1805",19,5,2620,TRUE,FALSE,"random_tau"
"1806",19,6,3335,TRUE,FALSE,"random_tau"
"1807",19,7,4214,TRUE,FALSE,"random_tau"
"1808",19,8,5330,TRUE,FALSE,"random_tau"
"1809",19,9,6610,TRUE,FALSE,"random_tau"
"1810",19,10,7923,TRUE,FALSE,"random_tau"
"1811",19,11,9087,TRUE,FALSE,"random_tau"
"1812",19,12,9750,TRUE,FALSE,"random_tau"
"1813",19,13,9954,TRUE,FALSE,"random_tau"
"1814",19,14,9995,TRUE,FALSE,"random_tau"
"1815",19,15,10000,TRUE,FALSE,"random_tau"
"1816",19,16,10000,TRUE,FALSE,"random_tau"
"1817",19,17,10000,TRUE,FALSE,"random_tau"
"1818",19,18,10000,TRUE,FALSE,"random_tau"
"1819",19,19,10000,TRUE,FALSE,"random_tau"
"1820",19,20,10000,TRUE,FALSE,"random_tau"
"1821",19,21,10000,TRUE,FALSE,"random_tau"
"1822",19,22,10000,TRUE,FALSE,"random_tau"
"1823",19,23,10000,TRUE,FALSE,"random_tau"
"1824",19,24,10000,TRUE,FALSE,"random_tau"
"1825",19,25,10000,TRUE,FALSE,"random_tau"
"1826",19,26,10000,TRUE,FALSE,"random_tau"
"1827",19,27,10000,TRUE,FALSE,"random_tau"
"1828",19,28,10000,TRUE,FALSE,"random_tau"
"1829",19,29,10000,TRUE,FALSE,"random_tau"
"1830",19,30,10000,TRUE,FALSE,"random_tau"
"1831",19,31,10000,TRUE,FALSE,"random_tau"
"1832",19,32,10000,TRUE,FALSE,"random_tau"
"1833",19,33,10000,TRUE,FALSE,"random_tau"
"1834",19,34,10000,TRUE,FALSE,"random_tau"
"1835",19,35,10000,TRUE,FALSE,"random_tau"
"1836",19,36,10000,TRUE,FALSE,"random_tau"
"1837",19,37,10000,TRUE,FALSE,"random_tau"
"1838",19,38,10000,TRUE,FALSE,"random_tau"
"1839",19,39,10000,TRUE,FALSE,"random_tau"
"1840",19,40,10000,TRUE,FALSE,"random_tau"
"1841",19,41,10000,TRUE,FALSE,"random_tau"
"1842",19,42,10000,TRUE,FALSE,"random_tau"
"1843",19,43,10000,TRUE,FALSE,"random_tau"
"1844",19,44,10000,TRUE,FALSE,"random_tau"
"1845",19,45,10000,TRUE,FALSE,"random_tau"
"1846",19,46,10000,TRUE,FALSE,"random_tau"
"1847",19,47,10000,TRUE,FALSE,"random_tau"
"1848",19,48,10000,TRUE,FALSE,"random_tau"
"1849",19,49,10000,TRUE,FALSE,"random_tau"
"1850",19,50,10000,TRUE,FALSE,"random_tau"
"1851",19,51,10000,TRUE,FALSE,"random_tau"
"1852",19,52,10000,TRUE,FALSE,"random_tau"
"1853",19,53,10000,TRUE,FALSE,"random_tau"
"1854",19,54,10000,TRUE,FALSE,"random_tau"
"1855",19,55,10000,TRUE,FALSE,"random_tau"
"1856",19,56,10000,TRUE,FALSE,"random_tau"
"1857",19,57,10000,TRUE,FALSE,"random_tau"
"1858",19,58,10000,TRUE,FALSE,"random_tau"
"1859",19,59,10000,TRUE,FALSE,"random_tau"
"1860",19,60,10000,TRUE,FALSE,"random_tau"
"1861",19,61,10000,TRUE,FALSE,"random_tau"
"1862",19,62,10000,TRUE,FALSE,"random_tau"
"1863",19,63,10000,TRUE,FALSE,"random_tau"
"1864",19,64,10000,TRUE,FALSE,"random_tau"
"1865",19,65,10000,TRUE,FALSE,"random_tau"
"1866",19,66,10000,TRUE,FALSE,"random_tau"
"1867",19,67,10000,TRUE,FALSE,"random_tau"
"1868",19,68,10000,TRUE,FALSE,"random_tau"
"1869",19,69,10000,TRUE,FALSE,"random_tau"
"1870",19,70,10000,TRUE,FALSE,"random_tau"
"1871",19,71,10000,TRUE,FALSE,"random_tau"
"1872",19,72,10000,TRUE,FALSE,"random_tau"
"1873",19,73,10000,TRUE,FALSE,"random_tau"
"1874",19,74,10000,TRUE,FALSE,"random_tau"
"1875",19,75,10000,TRUE,FALSE,"random_tau"
"1876",19,76,10000,TRUE,FALSE,"random_tau"
"1877",19,77,10000,TRUE,FALSE,"random_tau"
"1878",19,78,10000,TRUE,FALSE,"random_tau"
"1879",19,79,10000,TRUE,FALSE,"random_tau"
"1880",19,80,10000,TRUE,FALSE,"random_tau"
"1881",19,81,10000,TRUE,FALSE,"random_tau"
"1882",19,82,10000,TRUE,FALSE,"random_tau"
"1883",19,83,10000,TRUE,FALSE,"random_tau"
"1884",19,84,10000,TRUE,FALSE,"random_tau"
"1885",19,85,10000,TRUE,FALSE,"random_tau"
"1886",19,86,10000,TRUE,FALSE,"random_tau"
"1887",19,87,10000,TRUE,FALSE,"random_tau"
"1888",19,88,10000,TRUE,FALSE,"random_tau"
"1889",19,89,10000,TRUE,FALSE,"random_tau"
"1890",19,90,10000,TRUE,FALSE,"random_tau"
"1891",19,91,10000,TRUE,FALSE,"random_tau"
"1892",19,92,10000,TRUE,FALSE,"random_tau"
"1893",19,93,10000,TRUE,FALSE,"random_tau"
"1894",19,94,10000,TRUE,FALSE,"random_tau"
"1895",19,95,10000,TRUE,FALSE,"random_tau"
"1896",19,96,10000,TRUE,FALSE,"random_tau"
"1897",19,97,10000,TRUE,FALSE,"random_tau"
"1898",19,98,10000,TRUE,FALSE,"random_tau"
"1899",19,99,10000,TRUE,FALSE,"random_tau"
"1900",19,100,10000,TRUE,FALSE,"random_tau"
"1901",20,1,615,TRUE,FALSE,"random_tau"
"1902",20,2,1139,TRUE,FALSE,"random_tau"
"1903",20,3,1602,TRUE,FALSE,"random_tau"
"1904",20,4,2107,TRUE,FALSE,"random_tau"
"1905",20,5,2691,TRUE,FALSE,"random_tau"
"1906",20,6,3414,TRUE,FALSE,"random_tau"
"1907",20,7,4306,TRUE,FALSE,"random_tau"
"1908",20,8,5373,TRUE,FALSE,"random_tau"
"1909",20,9,6586,TRUE,FALSE,"random_tau"
"1910",20,10,7826,TRUE,FALSE,"random_tau"
"1911",20,11,8992,TRUE,FALSE,"random_tau"
"1912",20,12,9671,TRUE,FALSE,"random_tau"
"1913",20,13,9937,TRUE,FALSE,"random_tau"
"1914",20,14,9993,TRUE,FALSE,"random_tau"
"1915",20,15,10000,TRUE,FALSE,"random_tau"
"1916",20,16,10000,TRUE,FALSE,"random_tau"
"1917",20,17,10000,TRUE,FALSE,"random_tau"
"1918",20,18,10000,TRUE,FALSE,"random_tau"
"1919",20,19,10000,TRUE,FALSE,"random_tau"
"1920",20,20,10000,TRUE,FALSE,"random_tau"
"1921",20,21,10000,TRUE,FALSE,"random_tau"
"1922",20,22,10000,TRUE,FALSE,"random_tau"
"1923",20,23,10000,TRUE,FALSE,"random_tau"
"1924",20,24,10000,TRUE,FALSE,"random_tau"
"1925",20,25,10000,TRUE,FALSE,"random_tau"
"1926",20,26,10000,TRUE,FALSE,"random_tau"
"1927",20,27,10000,TRUE,FALSE,"random_tau"
"1928",20,28,10000,TRUE,FALSE,"random_tau"
"1929",20,29,10000,TRUE,FALSE,"random_tau"
"1930",20,30,10000,TRUE,FALSE,"random_tau"
"1931",20,31,10000,TRUE,FALSE,"random_tau"
"1932",20,32,10000,TRUE,FALSE,"random_tau"
"1933",20,33,10000,TRUE,FALSE,"random_tau"
"1934",20,34,10000,TRUE,FALSE,"random_tau"
"1935",20,35,10000,TRUE,FALSE,"random_tau"
"1936",20,36,10000,TRUE,FALSE,"random_tau"
"1937",20,37,10000,TRUE,FALSE,"random_tau"
"1938",20,38,10000,TRUE,FALSE,"random_tau"
"1939",20,39,10000,TRUE,FALSE,"random_tau"
"1940",20,40,10000,TRUE,FALSE,"random_tau"
"1941",20,41,10000,TRUE,FALSE,"random_tau"
"1942",20,42,10000,TRUE,FALSE,"random_tau"
"1943",20,43,10000,TRUE,FALSE,"random_tau"
"1944",20,44,10000,TRUE,FALSE,"random_tau"
"1945",20,45,10000,TRUE,FALSE,"random_tau"
"1946",20,46,10000,TRUE,FALSE,"random_tau"
"1947",20,47,10000,TRUE,FALSE,"random_tau"
"1948",20,48,10000,TRUE,FALSE,"random_tau"
"1949",20,49,10000,TRUE,FALSE,"random_tau"
"1950",20,50,10000,TRUE,FALSE,"random_tau"
"1951",20,51,10000,TRUE,FALSE,"random_tau"
"1952",20,52,10000,TRUE,FALSE,"random_tau"
"1953",20,53,10000,TRUE,FALSE,"random_tau"
"1954",20,54,10000,TRUE,FALSE,"random_tau"
"1955",20,55,10000,TRUE,FALSE,"random_tau"
"1956",20,56,10000,TRUE,FALSE,"random_tau"
"1957",20,57,10000,TRUE,FALSE,"random_tau"
"1958",20,58,10000,TRUE,FALSE,"random_tau"
"1959",20,59,10000,TRUE,FALSE,"random_tau"
"1960",20,60,10000,TRUE,FALSE,"random_tau"
"1961",20,61,10000,TRUE,FALSE,"random_tau"
"1962",20,62,10000,TRUE,FALSE,"random_tau"
"1963",20,63,10000,TRUE,FALSE,"random_tau"
"1964",20,64,10000,TRUE,FALSE,"random_tau"
"1965",20,65,10000,TRUE,FALSE,"random_tau"
"1966",20,66,10000,TRUE,FALSE,"random_tau"
"1967",20,67,10000,TRUE,FALSE,"random_tau"
"1968",20,68,10000,TRUE,FALSE,"random_tau"
"1969",20,69,10000,TRUE,FALSE,"random_tau"
"1970",20,70,10000,TRUE,FALSE,"random_tau"
"1971",20,71,10000,TRUE,FALSE,"random_tau"
"1972",20,72,10000,TRUE,FALSE,"random_tau"
"1973",20,73,10000,TRUE,FALSE,"random_tau"
"1974",20,74,10000,TRUE,FALSE,"random_tau"
"1975",20,75,10000,TRUE,FALSE,"random_tau"
"1976",20,76,10000,TRUE,FALSE,"random_tau"
"1977",20,77,10000,TRUE,FALSE,"random_tau"
"1978",20,78,10000,TRUE,FALSE,"random_tau"
"1979",20,79,10000,TRUE,FALSE,"random_tau"
"1980",20,80,10000,TRUE,FALSE,"random_tau"
"1981",20,81,10000,TRUE,FALSE,"random_tau"
"1982",20,82,10000,TRUE,FALSE,"random_tau"
"1983",20,83,10000,TRUE,FALSE,"random_tau"
"1984",20,84,10000,TRUE,FALSE,"random_tau"
"1985",20,85,10000,TRUE,FALSE,"random_tau"
"1986",20,86,10000,TRUE,FALSE,"random_tau"
"1987",20,87,10000,TRUE,FALSE,"random_tau"
"1988",20,88,10000,TRUE,FALSE,"random_tau"
"1989",20,89,10000,TRUE,FALSE,"random_tau"
"1990",20,90,10000,TRUE,FALSE,"random_tau"
"1991",20,91,10000,TRUE,FALSE,"random_tau"
"1992",20,92,10000,TRUE,FALSE,"random_tau"
"1993",20,93,10000,TRUE,FALSE,"random_tau"
"1994",20,94,10000,TRUE,FALSE,"random_tau"
"1995",20,95,10000,TRUE,FALSE,"random_tau"
"1996",20,96,10000,TRUE,FALSE,"random_tau"
"1997",20,97,10000,TRUE,FALSE,"random_tau"
"1998",20,98,10000,TRUE,FALSE,"random_tau"
"1999",20,99,10000,TRUE,FALSE,"random_tau"
"2000",20,100,10000,TRUE,FALSE,"random_tau"
"2001",21,1,602,TRUE,FALSE,"random_tau"
"2002",21,2,1089,TRUE,FALSE,"random_tau"
"2003",21,3,1487,TRUE,FALSE,"random_tau"
"2004",21,4,1905,TRUE,FALSE,"random_tau"
"2005",21,5,2390,TRUE,FALSE,"random_tau"
"2006",21,6,2986,TRUE,FALSE,"random_tau"
"2007",21,7,3717,TRUE,FALSE,"random_tau"
"2008",21,8,4631,TRUE,FALSE,"random_tau"
"2009",21,9,5744,TRUE,FALSE,"random_tau"
"2010",21,10,7010,TRUE,FALSE,"random_tau"
"2011",21,11,8382,TRUE,FALSE,"random_tau"
"2012",21,12,9337,TRUE,FALSE,"random_tau"
"2013",21,13,9833,TRUE,FALSE,"random_tau"
"2014",21,14,9970,TRUE,FALSE,"random_tau"
"2015",21,15,9998,TRUE,FALSE,"random_tau"
"2016",21,16,10000,TRUE,FALSE,"random_tau"
"2017",21,17,10000,TRUE,FALSE,"random_tau"
"2018",21,18,10000,TRUE,FALSE,"random_tau"
"2019",21,19,10000,TRUE,FALSE,"random_tau"
"2020",21,20,10000,TRUE,FALSE,"random_tau"
"2021",21,21,10000,TRUE,FALSE,"random_tau"
"2022",21,22,10000,TRUE,FALSE,"random_tau"
"2023",21,23,10000,TRUE,FALSE,"random_tau"
"2024",21,24,10000,TRUE,FALSE,"random_tau"
"2025",21,25,10000,TRUE,FALSE,"random_tau"
"2026",21,26,10000,TRUE,FALSE,"random_tau"
"2027",21,27,10000,TRUE,FALSE,"random_tau"
"2028",21,28,10000,TRUE,FALSE,"random_tau"
"2029",21,29,10000,TRUE,FALSE,"random_tau"
"2030",21,30,10000,TRUE,FALSE,"random_tau"
"2031",21,31,10000,TRUE,FALSE,"random_tau"
"2032",21,32,10000,TRUE,FALSE,"random_tau"
"2033",21,33,10000,TRUE,FALSE,"random_tau"
"2034",21,34,10000,TRUE,FALSE,"random_tau"
"2035",21,35,10000,TRUE,FALSE,"random_tau"
"2036",21,36,10000,TRUE,FALSE,"random_tau"
"2037",21,37,10000,TRUE,FALSE,"random_tau"
"2038",21,38,10000,TRUE,FALSE,"random_tau"
"2039",21,39,10000,TRUE,FALSE,"random_tau"
"2040",21,40,10000,TRUE,FALSE,"random_tau"
"2041",21,41,10000,TRUE,FALSE,"random_tau"
"2042",21,42,10000,TRUE,FALSE,"random_tau"
"2043",21,43,10000,TRUE,FALSE,"random_tau"
"2044",21,44,10000,TRUE,FALSE,"random_tau"
"2045",21,45,10000,TRUE,FALSE,"random_tau"
"2046",21,46,10000,TRUE,FALSE,"random_tau"
"2047",21,47,10000,TRUE,FALSE,"random_tau"
"2048",21,48,10000,TRUE,FALSE,"random_tau"
"2049",21,49,10000,TRUE,FALSE,"random_tau"
"2050",21,50,10000,TRUE,FALSE,"random_tau"
"2051",21,51,10000,TRUE,FALSE,"random_tau"
"2052",21,52,10000,TRUE,FALSE,"random_tau"
"2053",21,53,10000,TRUE,FALSE,"random_tau"
"2054",21,54,10000,TRUE,FALSE,"random_tau"
"2055",21,55,10000,TRUE,FALSE,"random_tau"
"2056",21,56,10000,TRUE,FALSE,"random_tau"
"2057",21,57,10000,TRUE,FALSE,"random_tau"
"2058",21,58,10000,TRUE,FALSE,"random_tau"
"2059",21,59,10000,TRUE,FALSE,"random_tau"
"2060",21,60,10000,TRUE,FALSE,"random_tau"
"2061",21,61,10000,TRUE,FALSE,"random_tau"
"2062",21,62,10000,TRUE,FALSE,"random_tau"
"2063",21,63,10000,TRUE,FALSE,"random_tau"
"2064",21,64,10000,TRUE,FALSE,"random_tau"
"2065",21,65,10000,TRUE,FALSE,"random_tau"
"2066",21,66,10000,TRUE,FALSE,"random_tau"
"2067",21,67,10000,TRUE,FALSE,"random_tau"
"2068",21,68,10000,TRUE,FALSE,"random_tau"
"2069",21,69,10000,TRUE,FALSE,"random_tau"
"2070",21,70,10000,TRUE,FALSE,"random_tau"
"2071",21,71,10000,TRUE,FALSE,"random_tau"
"2072",21,72,10000,TRUE,FALSE,"random_tau"
"2073",21,73,10000,TRUE,FALSE,"random_tau"
"2074",21,74,10000,TRUE,FALSE,"random_tau"
"2075",21,75,10000,TRUE,FALSE,"random_tau"
"2076",21,76,10000,TRUE,FALSE,"random_tau"
"2077",21,77,10000,TRUE,FALSE,"random_tau"
"2078",21,78,10000,TRUE,FALSE,"random_tau"
"2079",21,79,10000,TRUE,FALSE,"random_tau"
"2080",21,80,10000,TRUE,FALSE,"random_tau"
"2081",21,81,10000,TRUE,FALSE,"random_tau"
"2082",21,82,10000,TRUE,FALSE,"random_tau"
"2083",21,83,10000,TRUE,FALSE,"random_tau"
"2084",21,84,10000,TRUE,FALSE,"random_tau"
"2085",21,85,10000,TRUE,FALSE,"random_tau"
"2086",21,86,10000,TRUE,FALSE,"random_tau"
"2087",21,87,10000,TRUE,FALSE,"random_tau"
"2088",21,88,10000,TRUE,FALSE,"random_tau"
"2089",21,89,10000,TRUE,FALSE,"random_tau"
"2090",21,90,10000,TRUE,FALSE,"random_tau"
"2091",21,91,10000,TRUE,FALSE,"random_tau"
"2092",21,92,10000,TRUE,FALSE,"random_tau"
"2093",21,93,10000,TRUE,FALSE,"random_tau"
"2094",21,94,10000,TRUE,FALSE,"random_tau"
"2095",21,95,10000,TRUE,FALSE,"random_tau"
"2096",21,96,10000,TRUE,FALSE,"random_tau"
"2097",21,97,10000,TRUE,FALSE,"random_tau"
"2098",21,98,10000,TRUE,FALSE,"random_tau"
"2099",21,99,10000,TRUE,FALSE,"random_tau"
"2100",21,100,10000,TRUE,FALSE,"random_tau"
"2101",22,1,624,TRUE,FALSE,"random_tau"
"2102",22,2,1163,TRUE,FALSE,"random_tau"
"2103",22,3,1627,TRUE,FALSE,"random_tau"
"2104",22,4,2126,TRUE,FALSE,"random_tau"
"2105",22,5,2751,TRUE,FALSE,"random_tau"
"2106",22,6,3471,TRUE,FALSE,"random_tau"
"2107",22,7,4330,TRUE,FALSE,"random_tau"
"2108",22,8,5406,TRUE,FALSE,"random_tau"
"2109",22,9,6665,TRUE,FALSE,"random_tau"
"2110",22,10,7925,TRUE,FALSE,"random_tau"
"2111",22,11,9031,TRUE,FALSE,"random_tau"
"2112",22,12,9703,TRUE,FALSE,"random_tau"
"2113",22,13,9965,TRUE,FALSE,"random_tau"
"2114",22,14,9996,TRUE,FALSE,"random_tau"
"2115",22,15,10000,TRUE,FALSE,"random_tau"
"2116",22,16,10000,TRUE,FALSE,"random_tau"
"2117",22,17,10000,TRUE,FALSE,"random_tau"
"2118",22,18,10000,TRUE,FALSE,"random_tau"
"2119",22,19,10000,TRUE,FALSE,"random_tau"
"2120",22,20,10000,TRUE,FALSE,"random_tau"
"2121",22,21,10000,TRUE,FALSE,"random_tau"
"2122",22,22,10000,TRUE,FALSE,"random_tau"
"2123",22,23,10000,TRUE,FALSE,"random_tau"
"2124",22,24,10000,TRUE,FALSE,"random_tau"
"2125",22,25,10000,TRUE,FALSE,"random_tau"
"2126",22,26,10000,TRUE,FALSE,"random_tau"
"2127",22,27,10000,TRUE,FALSE,"random_tau"
"2128",22,28,10000,TRUE,FALSE,"random_tau"
"2129",22,29,10000,TRUE,FALSE,"random_tau"
"2130",22,30,10000,TRUE,FALSE,"random_tau"
"2131",22,31,10000,TRUE,FALSE,"random_tau"
"2132",22,32,10000,TRUE,FALSE,"random_tau"
"2133",22,33,10000,TRUE,FALSE,"random_tau"
"2134",22,34,10000,TRUE,FALSE,"random_tau"
"2135",22,35,10000,TRUE,FALSE,"random_tau"
"2136",22,36,10000,TRUE,FALSE,"random_tau"
"2137",22,37,10000,TRUE,FALSE,"random_tau"
"2138",22,38,10000,TRUE,FALSE,"random_tau"
"2139",22,39,10000,TRUE,FALSE,"random_tau"
"2140",22,40,10000,TRUE,FALSE,"random_tau"
"2141",22,41,10000,TRUE,FALSE,"random_tau"
"2142",22,42,10000,TRUE,FALSE,"random_tau"
"2143",22,43,10000,TRUE,FALSE,"random_tau"
"2144",22,44,10000,TRUE,FALSE,"random_tau"
"2145",22,45,10000,TRUE,FALSE,"random_tau"
"2146",22,46,10000,TRUE,FALSE,"random_tau"
"2147",22,47,10000,TRUE,FALSE,"random_tau"
"2148",22,48,10000,TRUE,FALSE,"random_tau"
"2149",22,49,10000,TRUE,FALSE,"random_tau"
"2150",22,50,10000,TRUE,FALSE,"random_tau"
"2151",22,51,10000,TRUE,FALSE,"random_tau"
"2152",22,52,10000,TRUE,FALSE,"random_tau"
"2153",22,53,10000,TRUE,FALSE,"random_tau"
"2154",22,54,10000,TRUE,FALSE,"random_tau"
"2155",22,55,10000,TRUE,FALSE,"random_tau"
"2156",22,56,10000,TRUE,FALSE,"random_tau"
"2157",22,57,10000,TRUE,FALSE,"random_tau"
"2158",22,58,10000,TRUE,FALSE,"random_tau"
"2159",22,59,10000,TRUE,FALSE,"random_tau"
"2160",22,60,10000,TRUE,FALSE,"random_tau"
"2161",22,61,10000,TRUE,FALSE,"random_tau"
"2162",22,62,10000,TRUE,FALSE,"random_tau"
"2163",22,63,10000,TRUE,FALSE,"random_tau"
"2164",22,64,10000,TRUE,FALSE,"random_tau"
"2165",22,65,10000,TRUE,FALSE,"random_tau"
"2166",22,66,10000,TRUE,FALSE,"random_tau"
"2167",22,67,10000,TRUE,FALSE,"random_tau"
"2168",22,68,10000,TRUE,FALSE,"random_tau"
"2169",22,69,10000,TRUE,FALSE,"random_tau"
"2170",22,70,10000,TRUE,FALSE,"random_tau"
"2171",22,71,10000,TRUE,FALSE,"random_tau"
"2172",22,72,10000,TRUE,FALSE,"random_tau"
"2173",22,73,10000,TRUE,FALSE,"random_tau"
"2174",22,74,10000,TRUE,FALSE,"random_tau"
"2175",22,75,10000,TRUE,FALSE,"random_tau"
"2176",22,76,10000,TRUE,FALSE,"random_tau"
"2177",22,77,10000,TRUE,FALSE,"random_tau"
"2178",22,78,10000,TRUE,FALSE,"random_tau"
"2179",22,79,10000,TRUE,FALSE,"random_tau"
"2180",22,80,10000,TRUE,FALSE,"random_tau"
"2181",22,81,10000,TRUE,FALSE,"random_tau"
"2182",22,82,10000,TRUE,FALSE,"random_tau"
"2183",22,83,10000,TRUE,FALSE,"random_tau"
"2184",22,84,10000,TRUE,FALSE,"random_tau"
"2185",22,85,10000,TRUE,FALSE,"random_tau"
"2186",22,86,10000,TRUE,FALSE,"random_tau"
"2187",22,87,10000,TRUE,FALSE,"random_tau"
"2188",22,88,10000,TRUE,FALSE,"random_tau"
"2189",22,89,10000,TRUE,FALSE,"random_tau"
"2190",22,90,10000,TRUE,FALSE,"random_tau"
"2191",22,91,10000,TRUE,FALSE,"random_tau"
"2192",22,92,10000,TRUE,FALSE,"random_tau"
"2193",22,93,10000,TRUE,FALSE,"random_tau"
"2194",22,94,10000,TRUE,FALSE,"random_tau"
"2195",22,95,10000,TRUE,FALSE,"random_tau"
"2196",22,96,10000,TRUE,FALSE,"random_tau"
"2197",22,97,10000,TRUE,FALSE,"random_tau"
"2198",22,98,10000,TRUE,FALSE,"random_tau"
"2199",22,99,10000,TRUE,FALSE,"random_tau"
"2200",22,100,10000,TRUE,FALSE,"random_tau"
"2201",23,1,625,TRUE,FALSE,"random_tau"
"2202",23,2,1137,TRUE,FALSE,"random_tau"
"2203",23,3,1577,TRUE,FALSE,"random_tau"
"2204",23,4,2038,TRUE,FALSE,"random_tau"
"2205",23,5,2562,TRUE,FALSE,"random_tau"
"2206",23,6,3187,TRUE,FALSE,"random_tau"
"2207",23,7,3962,TRUE,FALSE,"random_tau"
"2208",23,8,4934,TRUE,FALSE,"random_tau"
"2209",23,9,6065,TRUE,FALSE,"random_tau"
"2210",23,10,7346,TRUE,FALSE,"random_tau"
"2211",23,11,8570,TRUE,FALSE,"random_tau"
"2212",23,12,9413,TRUE,FALSE,"random_tau"
"2213",23,13,9839,TRUE,FALSE,"random_tau"
"2214",23,14,9970,TRUE,FALSE,"random_tau"
"2215",23,15,9999,TRUE,FALSE,"random_tau"
"2216",23,16,9999,TRUE,FALSE,"random_tau"
"2217",23,17,9999,TRUE,FALSE,"random_tau"
"2218",23,18,9999,TRUE,FALSE,"random_tau"
"2219",23,19,9999,TRUE,FALSE,"random_tau"
"2220",23,20,9999,TRUE,FALSE,"random_tau"
"2221",23,21,9999,TRUE,FALSE,"random_tau"
"2222",23,22,9999,TRUE,FALSE,"random_tau"
"2223",23,23,9999,TRUE,FALSE,"random_tau"
"2224",23,24,9999,TRUE,FALSE,"random_tau"
"2225",23,25,9999,TRUE,FALSE,"random_tau"
"2226",23,26,9999,TRUE,FALSE,"random_tau"
"2227",23,27,9999,TRUE,FALSE,"random_tau"
"2228",23,28,9999,TRUE,FALSE,"random_tau"
"2229",23,29,9999,TRUE,FALSE,"random_tau"
"2230",23,30,9999,TRUE,FALSE,"random_tau"
"2231",23,31,9999,TRUE,FALSE,"random_tau"
"2232",23,32,9999,TRUE,FALSE,"random_tau"
"2233",23,33,9999,TRUE,FALSE,"random_tau"
"2234",23,34,9999,TRUE,FALSE,"random_tau"
"2235",23,35,9999,TRUE,FALSE,"random_tau"
"2236",23,36,9999,TRUE,FALSE,"random_tau"
"2237",23,37,9999,TRUE,FALSE,"random_tau"
"2238",23,38,9999,TRUE,FALSE,"random_tau"
"2239",23,39,9999,TRUE,FALSE,"random_tau"
"2240",23,40,9999,TRUE,FALSE,"random_tau"
"2241",23,41,9999,TRUE,FALSE,"random_tau"
"2242",23,42,9999,TRUE,FALSE,"random_tau"
"2243",23,43,9999,TRUE,FALSE,"random_tau"
"2244",23,44,9999,TRUE,FALSE,"random_tau"
"2245",23,45,9999,TRUE,FALSE,"random_tau"
"2246",23,46,9999,TRUE,FALSE,"random_tau"
"2247",23,47,9999,TRUE,FALSE,"random_tau"
"2248",23,48,9999,TRUE,FALSE,"random_tau"
"2249",23,49,9999,TRUE,FALSE,"random_tau"
"2250",23,50,9999,TRUE,FALSE,"random_tau"
"2251",23,51,9999,TRUE,FALSE,"random_tau"
"2252",23,52,9999,TRUE,FALSE,"random_tau"
"2253",23,53,9999,TRUE,FALSE,"random_tau"
"2254",23,54,9999,TRUE,FALSE,"random_tau"
"2255",23,55,9999,TRUE,FALSE,"random_tau"
"2256",23,56,9999,TRUE,FALSE,"random_tau"
"2257",23,57,9999,TRUE,FALSE,"random_tau"
"2258",23,58,9999,TRUE,FALSE,"random_tau"
"2259",23,59,9999,TRUE,FALSE,"random_tau"
"2260",23,60,9999,TRUE,FALSE,"random_tau"
"2261",23,61,9999,TRUE,FALSE,"random_tau"
"2262",23,62,9999,TRUE,FALSE,"random_tau"
"2263",23,63,9999,TRUE,FALSE,"random_tau"
"2264",23,64,9999,TRUE,FALSE,"random_tau"
"2265",23,65,9999,TRUE,FALSE,"random_tau"
"2266",23,66,9999,TRUE,FALSE,"random_tau"
"2267",23,67,9999,TRUE,FALSE,"random_tau"
"2268",23,68,9999,TRUE,FALSE,"random_tau"
"2269",23,69,9999,TRUE,FALSE,"random_tau"
"2270",23,70,9999,TRUE,FALSE,"random_tau"
"2271",23,71,9999,TRUE,FALSE,"random_tau"
"2272",23,72,9999,TRUE,FALSE,"random_tau"
"2273",23,73,9999,TRUE,FALSE,"random_tau"
"2274",23,74,9999,TRUE,FALSE,"random_tau"
"2275",23,75,9999,TRUE,FALSE,"random_tau"
"2276",23,76,9999,TRUE,FALSE,"random_tau"
"2277",23,77,9999,TRUE,FALSE,"random_tau"
"2278",23,78,9999,TRUE,FALSE,"random_tau"
"2279",23,79,9999,TRUE,FALSE,"random_tau"
"2280",23,80,9999,TRUE,FALSE,"random_tau"
"2281",23,81,9999,TRUE,FALSE,"random_tau"
"2282",23,82,9999,TRUE,FALSE,"random_tau"
"2283",23,83,9999,TRUE,FALSE,"random_tau"
"2284",23,84,9999,TRUE,FALSE,"random_tau"
"2285",23,85,9999,TRUE,FALSE,"random_tau"
"2286",23,86,9999,TRUE,FALSE,"random_tau"
"2287",23,87,9999,TRUE,FALSE,"random_tau"
"2288",23,88,9999,TRUE,FALSE,"random_tau"
"2289",23,89,9999,TRUE,FALSE,"random_tau"
"2290",23,90,9999,TRUE,FALSE,"random_tau"
"2291",23,91,9999,TRUE,FALSE,"random_tau"
"2292",23,92,9999,TRUE,FALSE,"random_tau"
"2293",23,93,9999,TRUE,FALSE,"random_tau"
"2294",23,94,9999,TRUE,FALSE,"random_tau"
"2295",23,95,9999,TRUE,FALSE,"random_tau"
"2296",23,96,9999,TRUE,FALSE,"random_tau"
"2297",23,97,9999,TRUE,FALSE,"random_tau"
"2298",23,98,9999,TRUE,FALSE,"random_tau"
"2299",23,99,9999,TRUE,FALSE,"random_tau"
"2300",23,100,9999,TRUE,FALSE,"random_tau"
"2301",24,1,623,TRUE,FALSE,"random_tau"
"2302",24,2,1134,TRUE,FALSE,"random_tau"
"2303",24,3,1578,TRUE,FALSE,"random_tau"
"2304",24,4,2039,TRUE,FALSE,"random_tau"
"2305",24,5,2556,TRUE,FALSE,"random_tau"
"2306",24,6,3190,TRUE,FALSE,"random_tau"
"2307",24,7,4015,TRUE,FALSE,"random_tau"
"2308",24,8,5018,TRUE,FALSE,"random_tau"
"2309",24,9,6210,TRUE,FALSE,"random_tau"
"2310",24,10,7572,TRUE,FALSE,"random_tau"
"2311",24,11,8756,TRUE,FALSE,"random_tau"
"2312",24,12,9563,TRUE,FALSE,"random_tau"
"2313",24,13,9888,TRUE,FALSE,"random_tau"
"2314",24,14,9986,TRUE,FALSE,"random_tau"
"2315",24,15,9999,TRUE,FALSE,"random_tau"
"2316",24,16,9999,TRUE,FALSE,"random_tau"
"2317",24,17,9999,TRUE,FALSE,"random_tau"
"2318",24,18,9999,TRUE,FALSE,"random_tau"
"2319",24,19,9999,TRUE,FALSE,"random_tau"
"2320",24,20,9999,TRUE,FALSE,"random_tau"
"2321",24,21,9999,TRUE,FALSE,"random_tau"
"2322",24,22,9999,TRUE,FALSE,"random_tau"
"2323",24,23,9999,TRUE,FALSE,"random_tau"
"2324",24,24,9999,TRUE,FALSE,"random_tau"
"2325",24,25,9999,TRUE,FALSE,"random_tau"
"2326",24,26,9999,TRUE,FALSE,"random_tau"
"2327",24,27,9999,TRUE,FALSE,"random_tau"
"2328",24,28,9999,TRUE,FALSE,"random_tau"
"2329",24,29,9999,TRUE,FALSE,"random_tau"
"2330",24,30,9999,TRUE,FALSE,"random_tau"
"2331",24,31,9999,TRUE,FALSE,"random_tau"
"2332",24,32,9999,TRUE,FALSE,"random_tau"
"2333",24,33,9999,TRUE,FALSE,"random_tau"
"2334",24,34,9999,TRUE,FALSE,"random_tau"
"2335",24,35,9999,TRUE,FALSE,"random_tau"
"2336",24,36,9999,TRUE,FALSE,"random_tau"
"2337",24,37,9999,TRUE,FALSE,"random_tau"
"2338",24,38,9999,TRUE,FALSE,"random_tau"
"2339",24,39,9999,TRUE,FALSE,"random_tau"
"2340",24,40,9999,TRUE,FALSE,"random_tau"
"2341",24,41,9999,TRUE,FALSE,"random_tau"
"2342",24,42,9999,TRUE,FALSE,"random_tau"
"2343",24,43,9999,TRUE,FALSE,"random_tau"
"2344",24,44,9999,TRUE,FALSE,"random_tau"
"2345",24,45,9999,TRUE,FALSE,"random_tau"
"2346",24,46,9999,TRUE,FALSE,"random_tau"
"2347",24,47,9999,TRUE,FALSE,"random_tau"
"2348",24,48,9999,TRUE,FALSE,"random_tau"
"2349",24,49,9999,TRUE,FALSE,"random_tau"
"2350",24,50,9999,TRUE,FALSE,"random_tau"
"2351",24,51,9999,TRUE,FALSE,"random_tau"
"2352",24,52,9999,TRUE,FALSE,"random_tau"
"2353",24,53,9999,TRUE,FALSE,"random_tau"
"2354",24,54,9999,TRUE,FALSE,"random_tau"
"2355",24,55,9999,TRUE,FALSE,"random_tau"
"2356",24,56,9999,TRUE,FALSE,"random_tau"
"2357",24,57,9999,TRUE,FALSE,"random_tau"
"2358",24,58,9999,TRUE,FALSE,"random_tau"
"2359",24,59,9999,TRUE,FALSE,"random_tau"
"2360",24,60,9999,TRUE,FALSE,"random_tau"
"2361",24,61,9999,TRUE,FALSE,"random_tau"
"2362",24,62,9999,TRUE,FALSE,"random_tau"
"2363",24,63,9999,TRUE,FALSE,"random_tau"
"2364",24,64,9999,TRUE,FALSE,"random_tau"
"2365",24,65,9999,TRUE,FALSE,"random_tau"
"2366",24,66,9999,TRUE,FALSE,"random_tau"
"2367",24,67,9999,TRUE,FALSE,"random_tau"
"2368",24,68,9999,TRUE,FALSE,"random_tau"
"2369",24,69,9999,TRUE,FALSE,"random_tau"
"2370",24,70,9999,TRUE,FALSE,"random_tau"
"2371",24,71,9999,TRUE,FALSE,"random_tau"
"2372",24,72,9999,TRUE,FALSE,"random_tau"
"2373",24,73,9999,TRUE,FALSE,"random_tau"
"2374",24,74,9999,TRUE,FALSE,"random_tau"
"2375",24,75,9999,TRUE,FALSE,"random_tau"
"2376",24,76,9999,TRUE,FALSE,"random_tau"
"2377",24,77,9999,TRUE,FALSE,"random_tau"
"2378",24,78,9999,TRUE,FALSE,"random_tau"
"2379",24,79,9999,TRUE,FALSE,"random_tau"
"2380",24,80,9999,TRUE,FALSE,"random_tau"
"2381",24,81,9999,TRUE,FALSE,"random_tau"
"2382",24,82,9999,TRUE,FALSE,"random_tau"
"2383",24,83,9999,TRUE,FALSE,"random_tau"
"2384",24,84,9999,TRUE,FALSE,"random_tau"
"2385",24,85,9999,TRUE,FALSE,"random_tau"
"2386",24,86,9999,TRUE,FALSE,"random_tau"
"2387",24,87,9999,TRUE,FALSE,"random_tau"
"2388",24,88,9999,TRUE,FALSE,"random_tau"
"2389",24,89,9999,TRUE,FALSE,"random_tau"
"2390",24,90,9999,TRUE,FALSE,"random_tau"
"2391",24,91,9999,TRUE,FALSE,"random_tau"
"2392",24,92,9999,TRUE,FALSE,"random_tau"
"2393",24,93,9999,TRUE,FALSE,"random_tau"
"2394",24,94,9999,TRUE,FALSE,"random_tau"
"2395",24,95,9999,TRUE,FALSE,"random_tau"
"2396",24,96,9999,TRUE,FALSE,"random_tau"
"2397",24,97,9999,TRUE,FALSE,"random_tau"
"2398",24,98,9999,TRUE,FALSE,"random_tau"
"2399",24,99,9999,TRUE,FALSE,"random_tau"
"2400",24,100,9999,TRUE,FALSE,"random_tau"
"2401",25,1,605,TRUE,FALSE,"random_tau"
"2402",25,2,1100,TRUE,FALSE,"random_tau"
"2403",25,3,1547,TRUE,FALSE,"random_tau"
"2404",25,4,2027,TRUE,FALSE,"random_tau"
"2405",25,5,2569,TRUE,FALSE,"random_tau"
"2406",25,6,3239,TRUE,FALSE,"random_tau"
"2407",25,7,4023,TRUE,FALSE,"random_tau"
"2408",25,8,5014,TRUE,FALSE,"random_tau"
"2409",25,9,6218,TRUE,FALSE,"random_tau"
"2410",25,10,7538,TRUE,FALSE,"random_tau"
"2411",25,11,8680,TRUE,FALSE,"random_tau"
"2412",25,12,9496,TRUE,FALSE,"random_tau"
"2413",25,13,9873,TRUE,FALSE,"random_tau"
"2414",25,14,9978,TRUE,FALSE,"random_tau"
"2415",25,15,10000,TRUE,FALSE,"random_tau"
"2416",25,16,10000,TRUE,FALSE,"random_tau"
"2417",25,17,10000,TRUE,FALSE,"random_tau"
"2418",25,18,10000,TRUE,FALSE,"random_tau"
"2419",25,19,10000,TRUE,FALSE,"random_tau"
"2420",25,20,10000,TRUE,FALSE,"random_tau"
"2421",25,21,10000,TRUE,FALSE,"random_tau"
"2422",25,22,10000,TRUE,FALSE,"random_tau"
"2423",25,23,10000,TRUE,FALSE,"random_tau"
"2424",25,24,10000,TRUE,FALSE,"random_tau"
"2425",25,25,10000,TRUE,FALSE,"random_tau"
"2426",25,26,10000,TRUE,FALSE,"random_tau"
"2427",25,27,10000,TRUE,FALSE,"random_tau"
"2428",25,28,10000,TRUE,FALSE,"random_tau"
"2429",25,29,10000,TRUE,FALSE,"random_tau"
"2430",25,30,10000,TRUE,FALSE,"random_tau"
"2431",25,31,10000,TRUE,FALSE,"random_tau"
"2432",25,32,10000,TRUE,FALSE,"random_tau"
"2433",25,33,10000,TRUE,FALSE,"random_tau"
"2434",25,34,10000,TRUE,FALSE,"random_tau"
"2435",25,35,10000,TRUE,FALSE,"random_tau"
"2436",25,36,10000,TRUE,FALSE,"random_tau"
"2437",25,37,10000,TRUE,FALSE,"random_tau"
"2438",25,38,10000,TRUE,FALSE,"random_tau"
"2439",25,39,10000,TRUE,FALSE,"random_tau"
"2440",25,40,10000,TRUE,FALSE,"random_tau"
"2441",25,41,10000,TRUE,FALSE,"random_tau"
"2442",25,42,10000,TRUE,FALSE,"random_tau"
"2443",25,43,10000,TRUE,FALSE,"random_tau"
"2444",25,44,10000,TRUE,FALSE,"random_tau"
"2445",25,45,10000,TRUE,FALSE,"random_tau"
"2446",25,46,10000,TRUE,FALSE,"random_tau"
"2447",25,47,10000,TRUE,FALSE,"random_tau"
"2448",25,48,10000,TRUE,FALSE,"random_tau"
"2449",25,49,10000,TRUE,FALSE,"random_tau"
"2450",25,50,10000,TRUE,FALSE,"random_tau"
"2451",25,51,10000,TRUE,FALSE,"random_tau"
"2452",25,52,10000,TRUE,FALSE,"random_tau"
"2453",25,53,10000,TRUE,FALSE,"random_tau"
"2454",25,54,10000,TRUE,FALSE,"random_tau"
"2455",25,55,10000,TRUE,FALSE,"random_tau"
"2456",25,56,10000,TRUE,FALSE,"random_tau"
"2457",25,57,10000,TRUE,FALSE,"random_tau"
"2458",25,58,10000,TRUE,FALSE,"random_tau"
"2459",25,59,10000,TRUE,FALSE,"random_tau"
"2460",25,60,10000,TRUE,FALSE,"random_tau"
"2461",25,61,10000,TRUE,FALSE,"random_tau"
"2462",25,62,10000,TRUE,FALSE,"random_tau"
"2463",25,63,10000,TRUE,FALSE,"random_tau"
"2464",25,64,10000,TRUE,FALSE,"random_tau"
"2465",25,65,10000,TRUE,FALSE,"random_tau"
"2466",25,66,10000,TRUE,FALSE,"random_tau"
"2467",25,67,10000,TRUE,FALSE,"random_tau"
"2468",25,68,10000,TRUE,FALSE,"random_tau"
"2469",25,69,10000,TRUE,FALSE,"random_tau"
"2470",25,70,10000,TRUE,FALSE,"random_tau"
"2471",25,71,10000,TRUE,FALSE,"random_tau"
"2472",25,72,10000,TRUE,FALSE,"random_tau"
"2473",25,73,10000,TRUE,FALSE,"random_tau"
"2474",25,74,10000,TRUE,FALSE,"random_tau"
"2475",25,75,10000,TRUE,FALSE,"random_tau"
"2476",25,76,10000,TRUE,FALSE,"random_tau"
"2477",25,77,10000,TRUE,FALSE,"random_tau"
"2478",25,78,10000,TRUE,FALSE,"random_tau"
"2479",25,79,10000,TRUE,FALSE,"random_tau"
"2480",25,80,10000,TRUE,FALSE,"random_tau"
"2481",25,81,10000,TRUE,FALSE,"random_tau"
"2482",25,82,10000,TRUE,FALSE,"random_tau"
"2483",25,83,10000,TRUE,FALSE,"random_tau"
"2484",25,84,10000,TRUE,FALSE,"random_tau"
"2485",25,85,10000,TRUE,FALSE,"random_tau"
"2486",25,86,10000,TRUE,FALSE,"random_tau"
"2487",25,87,10000,TRUE,FALSE,"random_tau"
"2488",25,88,10000,TRUE,FALSE,"random_tau"
"2489",25,89,10000,TRUE,FALSE,"random_tau"
"2490",25,90,10000,TRUE,FALSE,"random_tau"
"2491",25,91,10000,TRUE,FALSE,"random_tau"
"2492",25,92,10000,TRUE,FALSE,"random_tau"
"2493",25,93,10000,TRUE,FALSE,"random_tau"
"2494",25,94,10000,TRUE,FALSE,"random_tau"
"2495",25,95,10000,TRUE,FALSE,"random_tau"
"2496",25,96,10000,TRUE,FALSE,"random_tau"
"2497",25,97,10000,TRUE,FALSE,"random_tau"
"2498",25,98,10000,TRUE,FALSE,"random_tau"
"2499",25,99,10000,TRUE,FALSE,"random_tau"
"2500",25,100,10000,TRUE,FALSE,"random_tau"
"2501",26,1,627,TRUE,FALSE,"random_tau"
"2502",26,2,1134,TRUE,FALSE,"random_tau"
"2503",26,3,1602,TRUE,FALSE,"random_tau"
"2504",26,4,2127,TRUE,FALSE,"random_tau"
"2505",26,5,2739,TRUE,FALSE,"random_tau"
"2506",26,6,3475,TRUE,FALSE,"random_tau"
"2507",26,7,4378,TRUE,FALSE,"random_tau"
"2508",26,8,5456,TRUE,FALSE,"random_tau"
"2509",26,9,6692,TRUE,FALSE,"random_tau"
"2510",26,10,8042,TRUE,FALSE,"random_tau"
"2511",26,11,9151,TRUE,FALSE,"random_tau"
"2512",26,12,9755,TRUE,FALSE,"random_tau"
"2513",26,13,9948,TRUE,FALSE,"random_tau"
"2514",26,14,9988,TRUE,FALSE,"random_tau"
"2515",26,15,9997,TRUE,FALSE,"random_tau"
"2516",26,16,9999,TRUE,FALSE,"random_tau"
"2517",26,17,9999,TRUE,FALSE,"random_tau"
"2518",26,18,9999,TRUE,FALSE,"random_tau"
"2519",26,19,9999,TRUE,FALSE,"random_tau"
"2520",26,20,9999,TRUE,FALSE,"random_tau"
"2521",26,21,9999,TRUE,FALSE,"random_tau"
"2522",26,22,9999,TRUE,FALSE,"random_tau"
"2523",26,23,9999,TRUE,FALSE,"random_tau"
"2524",26,24,9999,TRUE,FALSE,"random_tau"
"2525",26,25,9999,TRUE,FALSE,"random_tau"
"2526",26,26,9999,TRUE,FALSE,"random_tau"
"2527",26,27,9999,TRUE,FALSE,"random_tau"
"2528",26,28,9999,TRUE,FALSE,"random_tau"
"2529",26,29,9999,TRUE,FALSE,"random_tau"
"2530",26,30,9999,TRUE,FALSE,"random_tau"
"2531",26,31,9999,TRUE,FALSE,"random_tau"
"2532",26,32,9999,TRUE,FALSE,"random_tau"
"2533",26,33,9999,TRUE,FALSE,"random_tau"
"2534",26,34,9999,TRUE,FALSE,"random_tau"
"2535",26,35,9999,TRUE,FALSE,"random_tau"
"2536",26,36,9999,TRUE,FALSE,"random_tau"
"2537",26,37,9999,TRUE,FALSE,"random_tau"
"2538",26,38,9999,TRUE,FALSE,"random_tau"
"2539",26,39,9999,TRUE,FALSE,"random_tau"
"2540",26,40,9999,TRUE,FALSE,"random_tau"
"2541",26,41,9999,TRUE,FALSE,"random_tau"
"2542",26,42,9999,TRUE,FALSE,"random_tau"
"2543",26,43,9999,TRUE,FALSE,"random_tau"
"2544",26,44,9999,TRUE,FALSE,"random_tau"
"2545",26,45,9999,TRUE,FALSE,"random_tau"
"2546",26,46,9999,TRUE,FALSE,"random_tau"
"2547",26,47,9999,TRUE,FALSE,"random_tau"
"2548",26,48,9999,TRUE,FALSE,"random_tau"
"2549",26,49,9999,TRUE,FALSE,"random_tau"
"2550",26,50,9999,TRUE,FALSE,"random_tau"
"2551",26,51,9999,TRUE,FALSE,"random_tau"
"2552",26,52,9999,TRUE,FALSE,"random_tau"
"2553",26,53,9999,TRUE,FALSE,"random_tau"
"2554",26,54,9999,TRUE,FALSE,"random_tau"
"2555",26,55,9999,TRUE,FALSE,"random_tau"
"2556",26,56,9999,TRUE,FALSE,"random_tau"
"2557",26,57,9999,TRUE,FALSE,"random_tau"
"2558",26,58,9999,TRUE,FALSE,"random_tau"
"2559",26,59,9999,TRUE,FALSE,"random_tau"
"2560",26,60,9999,TRUE,FALSE,"random_tau"
"2561",26,61,9999,TRUE,FALSE,"random_tau"
"2562",26,62,9999,TRUE,FALSE,"random_tau"
"2563",26,63,9999,TRUE,FALSE,"random_tau"
"2564",26,64,9999,TRUE,FALSE,"random_tau"
"2565",26,65,9999,TRUE,FALSE,"random_tau"
"2566",26,66,9999,TRUE,FALSE,"random_tau"
"2567",26,67,9999,TRUE,FALSE,"random_tau"
"2568",26,68,9999,TRUE,FALSE,"random_tau"
"2569",26,69,9999,TRUE,FALSE,"random_tau"
"2570",26,70,9999,TRUE,FALSE,"random_tau"
"2571",26,71,9999,TRUE,FALSE,"random_tau"
"2572",26,72,9999,TRUE,FALSE,"random_tau"
"2573",26,73,9999,TRUE,FALSE,"random_tau"
"2574",26,74,9999,TRUE,FALSE,"random_tau"
"2575",26,75,9999,TRUE,FALSE,"random_tau"
"2576",26,76,9999,TRUE,FALSE,"random_tau"
"2577",26,77,9999,TRUE,FALSE,"random_tau"
"2578",26,78,9999,TRUE,FALSE,"random_tau"
"2579",26,79,9999,TRUE,FALSE,"random_tau"
"2580",26,80,9999,TRUE,FALSE,"random_tau"
"2581",26,81,9999,TRUE,FALSE,"random_tau"
"2582",26,82,9999,TRUE,FALSE,"random_tau"
"2583",26,83,9999,TRUE,FALSE,"random_tau"
"2584",26,84,9999,TRUE,FALSE,"random_tau"
"2585",26,85,9999,TRUE,FALSE,"random_tau"
"2586",26,86,9999,TRUE,FALSE,"random_tau"
"2587",26,87,9999,TRUE,FALSE,"random_tau"
"2588",26,88,9999,TRUE,FALSE,"random_tau"
"2589",26,89,9999,TRUE,FALSE,"random_tau"
"2590",26,90,9999,TRUE,FALSE,"random_tau"
"2591",26,91,9999,TRUE,FALSE,"random_tau"
"2592",26,92,9999,TRUE,FALSE,"random_tau"
"2593",26,93,9999,TRUE,FALSE,"random_tau"
"2594",26,94,9999,TRUE,FALSE,"random_tau"
"2595",26,95,9999,TRUE,FALSE,"random_tau"
"2596",26,96,9999,TRUE,FALSE,"random_tau"
"2597",26,97,9999,TRUE,FALSE,"random_tau"
"2598",26,98,9999,TRUE,FALSE,"random_tau"
"2599",26,99,9999,TRUE,FALSE,"random_tau"
"2600",26,100,9999,TRUE,FALSE,"random_tau"
"2601",27,1,644,TRUE,FALSE,"random_tau"
"2602",27,2,1261,TRUE,FALSE,"random_tau"
"2603",27,3,1763,TRUE,FALSE,"random_tau"
"2604",27,4,2295,TRUE,FALSE,"random_tau"
"2605",27,5,2951,TRUE,FALSE,"random_tau"
"2606",27,6,3784,TRUE,FALSE,"random_tau"
"2607",27,7,4816,TRUE,FALSE,"random_tau"
"2608",27,8,6036,TRUE,FALSE,"random_tau"
"2609",27,9,7374,TRUE,FALSE,"random_tau"
"2610",27,10,8604,TRUE,FALSE,"random_tau"
"2611",27,11,9440,TRUE,FALSE,"random_tau"
"2612",27,12,9879,TRUE,FALSE,"random_tau"
"2613",27,13,9993,TRUE,FALSE,"random_tau"
"2614",27,14,10000,TRUE,FALSE,"random_tau"
"2615",27,15,10000,TRUE,FALSE,"random_tau"
"2616",27,16,10000,TRUE,FALSE,"random_tau"
"2617",27,17,10000,TRUE,FALSE,"random_tau"
"2618",27,18,10000,TRUE,FALSE,"random_tau"
"2619",27,19,10000,TRUE,FALSE,"random_tau"
"2620",27,20,10000,TRUE,FALSE,"random_tau"
"2621",27,21,10000,TRUE,FALSE,"random_tau"
"2622",27,22,10000,TRUE,FALSE,"random_tau"
"2623",27,23,10000,TRUE,FALSE,"random_tau"
"2624",27,24,10000,TRUE,FALSE,"random_tau"
"2625",27,25,10000,TRUE,FALSE,"random_tau"
"2626",27,26,10000,TRUE,FALSE,"random_tau"
"2627",27,27,10000,TRUE,FALSE,"random_tau"
"2628",27,28,10000,TRUE,FALSE,"random_tau"
"2629",27,29,10000,TRUE,FALSE,"random_tau"
"2630",27,30,10000,TRUE,FALSE,"random_tau"
"2631",27,31,10000,TRUE,FALSE,"random_tau"
"2632",27,32,10000,TRUE,FALSE,"random_tau"
"2633",27,33,10000,TRUE,FALSE,"random_tau"
"2634",27,34,10000,TRUE,FALSE,"random_tau"
"2635",27,35,10000,TRUE,FALSE,"random_tau"
"2636",27,36,10000,TRUE,FALSE,"random_tau"
"2637",27,37,10000,TRUE,FALSE,"random_tau"
"2638",27,38,10000,TRUE,FALSE,"random_tau"
"2639",27,39,10000,TRUE,FALSE,"random_tau"
"2640",27,40,10000,TRUE,FALSE,"random_tau"
"2641",27,41,10000,TRUE,FALSE,"random_tau"
"2642",27,42,10000,TRUE,FALSE,"random_tau"
"2643",27,43,10000,TRUE,FALSE,"random_tau"
"2644",27,44,10000,TRUE,FALSE,"random_tau"
"2645",27,45,10000,TRUE,FALSE,"random_tau"
"2646",27,46,10000,TRUE,FALSE,"random_tau"
"2647",27,47,10000,TRUE,FALSE,"random_tau"
"2648",27,48,10000,TRUE,FALSE,"random_tau"
"2649",27,49,10000,TRUE,FALSE,"random_tau"
"2650",27,50,10000,TRUE,FALSE,"random_tau"
"2651",27,51,10000,TRUE,FALSE,"random_tau"
"2652",27,52,10000,TRUE,FALSE,"random_tau"
"2653",27,53,10000,TRUE,FALSE,"random_tau"
"2654",27,54,10000,TRUE,FALSE,"random_tau"
"2655",27,55,10000,TRUE,FALSE,"random_tau"
"2656",27,56,10000,TRUE,FALSE,"random_tau"
"2657",27,57,10000,TRUE,FALSE,"random_tau"
"2658",27,58,10000,TRUE,FALSE,"random_tau"
"2659",27,59,10000,TRUE,FALSE,"random_tau"
"2660",27,60,10000,TRUE,FALSE,"random_tau"
"2661",27,61,10000,TRUE,FALSE,"random_tau"
"2662",27,62,10000,TRUE,FALSE,"random_tau"
"2663",27,63,10000,TRUE,FALSE,"random_tau"
"2664",27,64,10000,TRUE,FALSE,"random_tau"
"2665",27,65,10000,TRUE,FALSE,"random_tau"
"2666",27,66,10000,TRUE,FALSE,"random_tau"
"2667",27,67,10000,TRUE,FALSE,"random_tau"
"2668",27,68,10000,TRUE,FALSE,"random_tau"
"2669",27,69,10000,TRUE,FALSE,"random_tau"
"2670",27,70,10000,TRUE,FALSE,"random_tau"
"2671",27,71,10000,TRUE,FALSE,"random_tau"
"2672",27,72,10000,TRUE,FALSE,"random_tau"
"2673",27,73,10000,TRUE,FALSE,"random_tau"
"2674",27,74,10000,TRUE,FALSE,"random_tau"
"2675",27,75,10000,TRUE,FALSE,"random_tau"
"2676",27,76,10000,TRUE,FALSE,"random_tau"
"2677",27,77,10000,TRUE,FALSE,"random_tau"
"2678",27,78,10000,TRUE,FALSE,"random_tau"
"2679",27,79,10000,TRUE,FALSE,"random_tau"
"2680",27,80,10000,TRUE,FALSE,"random_tau"
"2681",27,81,10000,TRUE,FALSE,"random_tau"
"2682",27,82,10000,TRUE,FALSE,"random_tau"
"2683",27,83,10000,TRUE,FALSE,"random_tau"
"2684",27,84,10000,TRUE,FALSE,"random_tau"
"2685",27,85,10000,TRUE,FALSE,"random_tau"
"2686",27,86,10000,TRUE,FALSE,"random_tau"
"2687",27,87,10000,TRUE,FALSE,"random_tau"
"2688",27,88,10000,TRUE,FALSE,"random_tau"
"2689",27,89,10000,TRUE,FALSE,"random_tau"
"2690",27,90,10000,TRUE,FALSE,"random_tau"
"2691",27,91,10000,TRUE,FALSE,"random_tau"
"2692",27,92,10000,TRUE,FALSE,"random_tau"
"2693",27,93,10000,TRUE,FALSE,"random_tau"
"2694",27,94,10000,TRUE,FALSE,"random_tau"
"2695",27,95,10000,TRUE,FALSE,"random_tau"
"2696",27,96,10000,TRUE,FALSE,"random_tau"
"2697",27,97,10000,TRUE,FALSE,"random_tau"
"2698",27,98,10000,TRUE,FALSE,"random_tau"
"2699",27,99,10000,TRUE,FALSE,"random_tau"
"2700",27,100,10000,TRUE,FALSE,"random_tau"
"2701",28,1,618,TRUE,FALSE,"random_tau"
"2702",28,2,1096,TRUE,FALSE,"random_tau"
"2703",28,3,1501,TRUE,FALSE,"random_tau"
"2704",28,4,1951,TRUE,FALSE,"random_tau"
"2705",28,5,2474,TRUE,FALSE,"random_tau"
"2706",28,6,3080,TRUE,FALSE,"random_tau"
"2707",28,7,3803,TRUE,FALSE,"random_tau"
"2708",28,8,4655,TRUE,FALSE,"random_tau"
"2709",28,9,5612,TRUE,FALSE,"random_tau"
"2710",28,10,6790,TRUE,FALSE,"random_tau"
"2711",28,11,8010,TRUE,FALSE,"random_tau"
"2712",28,12,9069,TRUE,FALSE,"random_tau"
"2713",28,13,9688,TRUE,FALSE,"random_tau"
"2714",28,14,9931,TRUE,FALSE,"random_tau"
"2715",28,15,9996,TRUE,FALSE,"random_tau"
"2716",28,16,9999,TRUE,FALSE,"random_tau"
"2717",28,17,9999,TRUE,FALSE,"random_tau"
"2718",28,18,9999,TRUE,FALSE,"random_tau"
"2719",28,19,9999,TRUE,FALSE,"random_tau"
"2720",28,20,9999,TRUE,FALSE,"random_tau"
"2721",28,21,9999,TRUE,FALSE,"random_tau"
"2722",28,22,9999,TRUE,FALSE,"random_tau"
"2723",28,23,9999,TRUE,FALSE,"random_tau"
"2724",28,24,9999,TRUE,FALSE,"random_tau"
"2725",28,25,9999,TRUE,FALSE,"random_tau"
"2726",28,26,9999,TRUE,FALSE,"random_tau"
"2727",28,27,9999,TRUE,FALSE,"random_tau"
"2728",28,28,9999,TRUE,FALSE,"random_tau"
"2729",28,29,9999,TRUE,FALSE,"random_tau"
"2730",28,30,9999,TRUE,FALSE,"random_tau"
"2731",28,31,9999,TRUE,FALSE,"random_tau"
"2732",28,32,9999,TRUE,FALSE,"random_tau"
"2733",28,33,9999,TRUE,FALSE,"random_tau"
"2734",28,34,9999,TRUE,FALSE,"random_tau"
"2735",28,35,9999,TRUE,FALSE,"random_tau"
"2736",28,36,9999,TRUE,FALSE,"random_tau"
"2737",28,37,9999,TRUE,FALSE,"random_tau"
"2738",28,38,9999,TRUE,FALSE,"random_tau"
"2739",28,39,9999,TRUE,FALSE,"random_tau"
"2740",28,40,9999,TRUE,FALSE,"random_tau"
"2741",28,41,9999,TRUE,FALSE,"random_tau"
"2742",28,42,9999,TRUE,FALSE,"random_tau"
"2743",28,43,9999,TRUE,FALSE,"random_tau"
"2744",28,44,9999,TRUE,FALSE,"random_tau"
"2745",28,45,9999,TRUE,FALSE,"random_tau"
"2746",28,46,9999,TRUE,FALSE,"random_tau"
"2747",28,47,9999,TRUE,FALSE,"random_tau"
"2748",28,48,9999,TRUE,FALSE,"random_tau"
"2749",28,49,9999,TRUE,FALSE,"random_tau"
"2750",28,50,9999,TRUE,FALSE,"random_tau"
"2751",28,51,9999,TRUE,FALSE,"random_tau"
"2752",28,52,9999,TRUE,FALSE,"random_tau"
"2753",28,53,9999,TRUE,FALSE,"random_tau"
"2754",28,54,9999,TRUE,FALSE,"random_tau"
"2755",28,55,9999,TRUE,FALSE,"random_tau"
"2756",28,56,9999,TRUE,FALSE,"random_tau"
"2757",28,57,9999,TRUE,FALSE,"random_tau"
"2758",28,58,9999,TRUE,FALSE,"random_tau"
"2759",28,59,9999,TRUE,FALSE,"random_tau"
"2760",28,60,9999,TRUE,FALSE,"random_tau"
"2761",28,61,9999,TRUE,FALSE,"random_tau"
"2762",28,62,9999,TRUE,FALSE,"random_tau"
"2763",28,63,9999,TRUE,FALSE,"random_tau"
"2764",28,64,9999,TRUE,FALSE,"random_tau"
"2765",28,65,9999,TRUE,FALSE,"random_tau"
"2766",28,66,9999,TRUE,FALSE,"random_tau"
"2767",28,67,9999,TRUE,FALSE,"random_tau"
"2768",28,68,9999,TRUE,FALSE,"random_tau"
"2769",28,69,9999,TRUE,FALSE,"random_tau"
"2770",28,70,9999,TRUE,FALSE,"random_tau"
"2771",28,71,9999,TRUE,FALSE,"random_tau"
"2772",28,72,9999,TRUE,FALSE,"random_tau"
"2773",28,73,9999,TRUE,FALSE,"random_tau"
"2774",28,74,9999,TRUE,FALSE,"random_tau"
"2775",28,75,9999,TRUE,FALSE,"random_tau"
"2776",28,76,9999,TRUE,FALSE,"random_tau"
"2777",28,77,9999,TRUE,FALSE,"random_tau"
"2778",28,78,9999,TRUE,FALSE,"random_tau"
"2779",28,79,9999,TRUE,FALSE,"random_tau"
"2780",28,80,9999,TRUE,FALSE,"random_tau"
"2781",28,81,9999,TRUE,FALSE,"random_tau"
"2782",28,82,9999,TRUE,FALSE,"random_tau"
"2783",28,83,9999,TRUE,FALSE,"random_tau"
"2784",28,84,9999,TRUE,FALSE,"random_tau"
"2785",28,85,9999,TRUE,FALSE,"random_tau"
"2786",28,86,9999,TRUE,FALSE,"random_tau"
"2787",28,87,9999,TRUE,FALSE,"random_tau"
"2788",28,88,9999,TRUE,FALSE,"random_tau"
"2789",28,89,9999,TRUE,FALSE,"random_tau"
"2790",28,90,9999,TRUE,FALSE,"random_tau"
"2791",28,91,9999,TRUE,FALSE,"random_tau"
"2792",28,92,9999,TRUE,FALSE,"random_tau"
"2793",28,93,9999,TRUE,FALSE,"random_tau"
"2794",28,94,9999,TRUE,FALSE,"random_tau"
"2795",28,95,9999,TRUE,FALSE,"random_tau"
"2796",28,96,9999,TRUE,FALSE,"random_tau"
"2797",28,97,9999,TRUE,FALSE,"random_tau"
"2798",28,98,9999,TRUE,FALSE,"random_tau"
"2799",28,99,9999,TRUE,FALSE,"random_tau"
"2800",28,100,9999,TRUE,FALSE,"random_tau"
"2801",29,1,620,TRUE,FALSE,"random_tau"
"2802",29,2,1145,TRUE,FALSE,"random_tau"
"2803",29,3,1603,TRUE,FALSE,"random_tau"
"2804",29,4,2103,TRUE,FALSE,"random_tau"
"2805",29,5,2651,TRUE,FALSE,"random_tau"
"2806",29,6,3333,TRUE,FALSE,"random_tau"
"2807",29,7,4199,TRUE,FALSE,"random_tau"
"2808",29,8,5296,TRUE,FALSE,"random_tau"
"2809",29,9,6573,TRUE,FALSE,"random_tau"
"2810",29,10,7989,TRUE,FALSE,"random_tau"
"2811",29,11,9116,TRUE,FALSE,"random_tau"
"2812",29,12,9778,TRUE,FALSE,"random_tau"
"2813",29,13,9971,TRUE,FALSE,"random_tau"
"2814",29,14,9999,TRUE,FALSE,"random_tau"
"2815",29,15,10000,TRUE,FALSE,"random_tau"
"2816",29,16,10000,TRUE,FALSE,"random_tau"
"2817",29,17,10000,TRUE,FALSE,"random_tau"
"2818",29,18,10000,TRUE,FALSE,"random_tau"
"2819",29,19,10000,TRUE,FALSE,"random_tau"
"2820",29,20,10000,TRUE,FALSE,"random_tau"
"2821",29,21,10000,TRUE,FALSE,"random_tau"
"2822",29,22,10000,TRUE,FALSE,"random_tau"
"2823",29,23,10000,TRUE,FALSE,"random_tau"
"2824",29,24,10000,TRUE,FALSE,"random_tau"
"2825",29,25,10000,TRUE,FALSE,"random_tau"
"2826",29,26,10000,TRUE,FALSE,"random_tau"
"2827",29,27,10000,TRUE,FALSE,"random_tau"
"2828",29,28,10000,TRUE,FALSE,"random_tau"
"2829",29,29,10000,TRUE,FALSE,"random_tau"
"2830",29,30,10000,TRUE,FALSE,"random_tau"
"2831",29,31,10000,TRUE,FALSE,"random_tau"
"2832",29,32,10000,TRUE,FALSE,"random_tau"
"2833",29,33,10000,TRUE,FALSE,"random_tau"
"2834",29,34,10000,TRUE,FALSE,"random_tau"
"2835",29,35,10000,TRUE,FALSE,"random_tau"
"2836",29,36,10000,TRUE,FALSE,"random_tau"
"2837",29,37,10000,TRUE,FALSE,"random_tau"
"2838",29,38,10000,TRUE,FALSE,"random_tau"
"2839",29,39,10000,TRUE,FALSE,"random_tau"
"2840",29,40,10000,TRUE,FALSE,"random_tau"
"2841",29,41,10000,TRUE,FALSE,"random_tau"
"2842",29,42,10000,TRUE,FALSE,"random_tau"
"2843",29,43,10000,TRUE,FALSE,"random_tau"
"2844",29,44,10000,TRUE,FALSE,"random_tau"
"2845",29,45,10000,TRUE,FALSE,"random_tau"
"2846",29,46,10000,TRUE,FALSE,"random_tau"
"2847",29,47,10000,TRUE,FALSE,"random_tau"
"2848",29,48,10000,TRUE,FALSE,"random_tau"
"2849",29,49,10000,TRUE,FALSE,"random_tau"
"2850",29,50,10000,TRUE,FALSE,"random_tau"
"2851",29,51,10000,TRUE,FALSE,"random_tau"
"2852",29,52,10000,TRUE,FALSE,"random_tau"
"2853",29,53,10000,TRUE,FALSE,"random_tau"
"2854",29,54,10000,TRUE,FALSE,"random_tau"
"2855",29,55,10000,TRUE,FALSE,"random_tau"
"2856",29,56,10000,TRUE,FALSE,"random_tau"
"2857",29,57,10000,TRUE,FALSE,"random_tau"
"2858",29,58,10000,TRUE,FALSE,"random_tau"
"2859",29,59,10000,TRUE,FALSE,"random_tau"
"2860",29,60,10000,TRUE,FALSE,"random_tau"
"2861",29,61,10000,TRUE,FALSE,"random_tau"
"2862",29,62,10000,TRUE,FALSE,"random_tau"
"2863",29,63,10000,TRUE,FALSE,"random_tau"
"2864",29,64,10000,TRUE,FALSE,"random_tau"
"2865",29,65,10000,TRUE,FALSE,"random_tau"
"2866",29,66,10000,TRUE,FALSE,"random_tau"
"2867",29,67,10000,TRUE,FALSE,"random_tau"
"2868",29,68,10000,TRUE,FALSE,"random_tau"
"2869",29,69,10000,TRUE,FALSE,"random_tau"
"2870",29,70,10000,TRUE,FALSE,"random_tau"
"2871",29,71,10000,TRUE,FALSE,"random_tau"
"2872",29,72,10000,TRUE,FALSE,"random_tau"
"2873",29,73,10000,TRUE,FALSE,"random_tau"
"2874",29,74,10000,TRUE,FALSE,"random_tau"
"2875",29,75,10000,TRUE,FALSE,"random_tau"
"2876",29,76,10000,TRUE,FALSE,"random_tau"
"2877",29,77,10000,TRUE,FALSE,"random_tau"
"2878",29,78,10000,TRUE,FALSE,"random_tau"
"2879",29,79,10000,TRUE,FALSE,"random_tau"
"2880",29,80,10000,TRUE,FALSE,"random_tau"
"2881",29,81,10000,TRUE,FALSE,"random_tau"
"2882",29,82,10000,TRUE,FALSE,"random_tau"
"2883",29,83,10000,TRUE,FALSE,"random_tau"
"2884",29,84,10000,TRUE,FALSE,"random_tau"
"2885",29,85,10000,TRUE,FALSE,"random_tau"
"2886",29,86,10000,TRUE,FALSE,"random_tau"
"2887",29,87,10000,TRUE,FALSE,"random_tau"
"2888",29,88,10000,TRUE,FALSE,"random_tau"
"2889",29,89,10000,TRUE,FALSE,"random_tau"
"2890",29,90,10000,TRUE,FALSE,"random_tau"
"2891",29,91,10000,TRUE,FALSE,"random_tau"
"2892",29,92,10000,TRUE,FALSE,"random_tau"
"2893",29,93,10000,TRUE,FALSE,"random_tau"
"2894",29,94,10000,TRUE,FALSE,"random_tau"
"2895",29,95,10000,TRUE,FALSE,"random_tau"
"2896",29,96,10000,TRUE,FALSE,"random_tau"
"2897",29,97,10000,TRUE,FALSE,"random_tau"
"2898",29,98,10000,TRUE,FALSE,"random_tau"
"2899",29,99,10000,TRUE,FALSE,"random_tau"
"2900",29,100,10000,TRUE,FALSE,"random_tau"
"2901",30,1,629,TRUE,FALSE,"random_tau"
"2902",30,2,1184,TRUE,FALSE,"random_tau"
"2903",30,3,1682,TRUE,FALSE,"random_tau"
"2904",30,4,2228,TRUE,FALSE,"random_tau"
"2905",30,5,2839,TRUE,FALSE,"random_tau"
"2906",30,6,3548,TRUE,FALSE,"random_tau"
"2907",30,7,4402,TRUE,FALSE,"random_tau"
"2908",30,8,5488,TRUE,FALSE,"random_tau"
"2909",30,9,6750,TRUE,FALSE,"random_tau"
"2910",30,10,8028,TRUE,FALSE,"random_tau"
"2911",30,11,9025,TRUE,FALSE,"random_tau"
"2912",30,12,9674,TRUE,FALSE,"random_tau"
"2913",30,13,9946,TRUE,FALSE,"random_tau"
"2914",30,14,10000,TRUE,FALSE,"random_tau"
"2915",30,15,10000,TRUE,FALSE,"random_tau"
"2916",30,16,10000,TRUE,FALSE,"random_tau"
"2917",30,17,10000,TRUE,FALSE,"random_tau"
"2918",30,18,10000,TRUE,FALSE,"random_tau"
"2919",30,19,10000,TRUE,FALSE,"random_tau"
"2920",30,20,10000,TRUE,FALSE,"random_tau"
"2921",30,21,10000,TRUE,FALSE,"random_tau"
"2922",30,22,10000,TRUE,FALSE,"random_tau"
"2923",30,23,10000,TRUE,FALSE,"random_tau"
"2924",30,24,10000,TRUE,FALSE,"random_tau"
"2925",30,25,10000,TRUE,FALSE,"random_tau"
"2926",30,26,10000,TRUE,FALSE,"random_tau"
"2927",30,27,10000,TRUE,FALSE,"random_tau"
"2928",30,28,10000,TRUE,FALSE,"random_tau"
"2929",30,29,10000,TRUE,FALSE,"random_tau"
"2930",30,30,10000,TRUE,FALSE,"random_tau"
"2931",30,31,10000,TRUE,FALSE,"random_tau"
"2932",30,32,10000,TRUE,FALSE,"random_tau"
"2933",30,33,10000,TRUE,FALSE,"random_tau"
"2934",30,34,10000,TRUE,FALSE,"random_tau"
"2935",30,35,10000,TRUE,FALSE,"random_tau"
"2936",30,36,10000,TRUE,FALSE,"random_tau"
"2937",30,37,10000,TRUE,FALSE,"random_tau"
"2938",30,38,10000,TRUE,FALSE,"random_tau"
"2939",30,39,10000,TRUE,FALSE,"random_tau"
"2940",30,40,10000,TRUE,FALSE,"random_tau"
"2941",30,41,10000,TRUE,FALSE,"random_tau"
"2942",30,42,10000,TRUE,FALSE,"random_tau"
"2943",30,43,10000,TRUE,FALSE,"random_tau"
"2944",30,44,10000,TRUE,FALSE,"random_tau"
"2945",30,45,10000,TRUE,FALSE,"random_tau"
"2946",30,46,10000,TRUE,FALSE,"random_tau"
"2947",30,47,10000,TRUE,FALSE,"random_tau"
"2948",30,48,10000,TRUE,FALSE,"random_tau"
"2949",30,49,10000,TRUE,FALSE,"random_tau"
"2950",30,50,10000,TRUE,FALSE,"random_tau"
"2951",30,51,10000,TRUE,FALSE,"random_tau"
"2952",30,52,10000,TRUE,FALSE,"random_tau"
"2953",30,53,10000,TRUE,FALSE,"random_tau"
"2954",30,54,10000,TRUE,FALSE,"random_tau"
"2955",30,55,10000,TRUE,FALSE,"random_tau"
"2956",30,56,10000,TRUE,FALSE,"random_tau"
"2957",30,57,10000,TRUE,FALSE,"random_tau"
"2958",30,58,10000,TRUE,FALSE,"random_tau"
"2959",30,59,10000,TRUE,FALSE,"random_tau"
"2960",30,60,10000,TRUE,FALSE,"random_tau"
"2961",30,61,10000,TRUE,FALSE,"random_tau"
"2962",30,62,10000,TRUE,FALSE,"random_tau"
"2963",30,63,10000,TRUE,FALSE,"random_tau"
"2964",30,64,10000,TRUE,FALSE,"random_tau"
"2965",30,65,10000,TRUE,FALSE,"random_tau"
"2966",30,66,10000,TRUE,FALSE,"random_tau"
"2967",30,67,10000,TRUE,FALSE,"random_tau"
"2968",30,68,10000,TRUE,FALSE,"random_tau"
"2969",30,69,10000,TRUE,FALSE,"random_tau"
"2970",30,70,10000,TRUE,FALSE,"random_tau"
"2971",30,71,10000,TRUE,FALSE,"random_tau"
"2972",30,72,10000,TRUE,FALSE,"random_tau"
"2973",30,73,10000,TRUE,FALSE,"random_tau"
"2974",30,74,10000,TRUE,FALSE,"random_tau"
"2975",30,75,10000,TRUE,FALSE,"random_tau"
"2976",30,76,10000,TRUE,FALSE,"random_tau"
"2977",30,77,10000,TRUE,FALSE,"random_tau"
"2978",30,78,10000,TRUE,FALSE,"random_tau"
"2979",30,79,10000,TRUE,FALSE,"random_tau"
"2980",30,80,10000,TRUE,FALSE,"random_tau"
"2981",30,81,10000,TRUE,FALSE,"random_tau"
"2982",30,82,10000,TRUE,FALSE,"random_tau"
"2983",30,83,10000,TRUE,FALSE,"random_tau"
"2984",30,84,10000,TRUE,FALSE,"random_tau"
"2985",30,85,10000,TRUE,FALSE,"random_tau"
"2986",30,86,10000,TRUE,FALSE,"random_tau"
"2987",30,87,10000,TRUE,FALSE,"random_tau"
"2988",30,88,10000,TRUE,FALSE,"random_tau"
"2989",30,89,10000,TRUE,FALSE,"random_tau"
"2990",30,90,10000,TRUE,FALSE,"random_tau"
"2991",30,91,10000,TRUE,FALSE,"random_tau"
"2992",30,92,10000,TRUE,FALSE,"random_tau"
"2993",30,93,10000,TRUE,FALSE,"random_tau"
"2994",30,94,10000,TRUE,FALSE,"random_tau"
"2995",30,95,10000,TRUE,FALSE,"random_tau"
"2996",30,96,10000,TRUE,FALSE,"random_tau"
"2997",30,97,10000,TRUE,FALSE,"random_tau"
"2998",30,98,10000,TRUE,FALSE,"random_tau"
"2999",30,99,10000,TRUE,FALSE,"random_tau"
"3000",30,100,10000,TRUE,FALSE,"random_tau"
"3001",31,1,607,TRUE,FALSE,"random_tau"
"3002",31,2,1112,TRUE,FALSE,"random_tau"
"3003",31,3,1514,TRUE,FALSE,"random_tau"
"3004",31,4,1942,TRUE,FALSE,"random_tau"
"3005",31,5,2440,TRUE,FALSE,"random_tau"
"3006",31,6,3030,TRUE,FALSE,"random_tau"
"3007",31,7,3699,TRUE,FALSE,"random_tau"
"3008",31,8,4506,TRUE,FALSE,"random_tau"
"3009",31,9,5522,TRUE,FALSE,"random_tau"
"3010",31,10,6736,TRUE,FALSE,"random_tau"
"3011",31,11,8015,TRUE,FALSE,"random_tau"
"3012",31,12,9093,TRUE,FALSE,"random_tau"
"3013",31,13,9744,TRUE,FALSE,"random_tau"
"3014",31,14,9964,TRUE,FALSE,"random_tau"
"3015",31,15,10000,TRUE,FALSE,"random_tau"
"3016",31,16,10000,TRUE,FALSE,"random_tau"
"3017",31,17,10000,TRUE,FALSE,"random_tau"
"3018",31,18,10000,TRUE,FALSE,"random_tau"
"3019",31,19,10000,TRUE,FALSE,"random_tau"
"3020",31,20,10000,TRUE,FALSE,"random_tau"
"3021",31,21,10000,TRUE,FALSE,"random_tau"
"3022",31,22,10000,TRUE,FALSE,"random_tau"
"3023",31,23,10000,TRUE,FALSE,"random_tau"
"3024",31,24,10000,TRUE,FALSE,"random_tau"
"3025",31,25,10000,TRUE,FALSE,"random_tau"
"3026",31,26,10000,TRUE,FALSE,"random_tau"
"3027",31,27,10000,TRUE,FALSE,"random_tau"
"3028",31,28,10000,TRUE,FALSE,"random_tau"
"3029",31,29,10000,TRUE,FALSE,"random_tau"
"3030",31,30,10000,TRUE,FALSE,"random_tau"
"3031",31,31,10000,TRUE,FALSE,"random_tau"
"3032",31,32,10000,TRUE,FALSE,"random_tau"
"3033",31,33,10000,TRUE,FALSE,"random_tau"
"3034",31,34,10000,TRUE,FALSE,"random_tau"
"3035",31,35,10000,TRUE,FALSE,"random_tau"
"3036",31,36,10000,TRUE,FALSE,"random_tau"
"3037",31,37,10000,TRUE,FALSE,"random_tau"
"3038",31,38,10000,TRUE,FALSE,"random_tau"
"3039",31,39,10000,TRUE,FALSE,"random_tau"
"3040",31,40,10000,TRUE,FALSE,"random_tau"
"3041",31,41,10000,TRUE,FALSE,"random_tau"
"3042",31,42,10000,TRUE,FALSE,"random_tau"
"3043",31,43,10000,TRUE,FALSE,"random_tau"
"3044",31,44,10000,TRUE,FALSE,"random_tau"
"3045",31,45,10000,TRUE,FALSE,"random_tau"
"3046",31,46,10000,TRUE,FALSE,"random_tau"
"3047",31,47,10000,TRUE,FALSE,"random_tau"
"3048",31,48,10000,TRUE,FALSE,"random_tau"
"3049",31,49,10000,TRUE,FALSE,"random_tau"
"3050",31,50,10000,TRUE,FALSE,"random_tau"
"3051",31,51,10000,TRUE,FALSE,"random_tau"
"3052",31,52,10000,TRUE,FALSE,"random_tau"
"3053",31,53,10000,TRUE,FALSE,"random_tau"
"3054",31,54,10000,TRUE,FALSE,"random_tau"
"3055",31,55,10000,TRUE,FALSE,"random_tau"
"3056",31,56,10000,TRUE,FALSE,"random_tau"
"3057",31,57,10000,TRUE,FALSE,"random_tau"
"3058",31,58,10000,TRUE,FALSE,"random_tau"
"3059",31,59,10000,TRUE,FALSE,"random_tau"
"3060",31,60,10000,TRUE,FALSE,"random_tau"
"3061",31,61,10000,TRUE,FALSE,"random_tau"
"3062",31,62,10000,TRUE,FALSE,"random_tau"
"3063",31,63,10000,TRUE,FALSE,"random_tau"
"3064",31,64,10000,TRUE,FALSE,"random_tau"
"3065",31,65,10000,TRUE,FALSE,"random_tau"
"3066",31,66,10000,TRUE,FALSE,"random_tau"
"3067",31,67,10000,TRUE,FALSE,"random_tau"
"3068",31,68,10000,TRUE,FALSE,"random_tau"
"3069",31,69,10000,TRUE,FALSE,"random_tau"
"3070",31,70,10000,TRUE,FALSE,"random_tau"
"3071",31,71,10000,TRUE,FALSE,"random_tau"
"3072",31,72,10000,TRUE,FALSE,"random_tau"
"3073",31,73,10000,TRUE,FALSE,"random_tau"
"3074",31,74,10000,TRUE,FALSE,"random_tau"
"3075",31,75,10000,TRUE,FALSE,"random_tau"
"3076",31,76,10000,TRUE,FALSE,"random_tau"
"3077",31,77,10000,TRUE,FALSE,"random_tau"
"3078",31,78,10000,TRUE,FALSE,"random_tau"
"3079",31,79,10000,TRUE,FALSE,"random_tau"
"3080",31,80,10000,TRUE,FALSE,"random_tau"
"3081",31,81,10000,TRUE,FALSE,"random_tau"
"3082",31,82,10000,TRUE,FALSE,"random_tau"
"3083",31,83,10000,TRUE,FALSE,"random_tau"
"3084",31,84,10000,TRUE,FALSE,"random_tau"
"3085",31,85,10000,TRUE,FALSE,"random_tau"
"3086",31,86,10000,TRUE,FALSE,"random_tau"
"3087",31,87,10000,TRUE,FALSE,"random_tau"
"3088",31,88,10000,TRUE,FALSE,"random_tau"
"3089",31,89,10000,TRUE,FALSE,"random_tau"
"3090",31,90,10000,TRUE,FALSE,"random_tau"
"3091",31,91,10000,TRUE,FALSE,"random_tau"
"3092",31,92,10000,TRUE,FALSE,"random_tau"
"3093",31,93,10000,TRUE,FALSE,"random_tau"
"3094",31,94,10000,TRUE,FALSE,"random_tau"
"3095",31,95,10000,TRUE,FALSE,"random_tau"
"3096",31,96,10000,TRUE,FALSE,"random_tau"
"3097",31,97,10000,TRUE,FALSE,"random_tau"
"3098",31,98,10000,TRUE,FALSE,"random_tau"
"3099",31,99,10000,TRUE,FALSE,"random_tau"
"3100",31,100,10000,TRUE,FALSE,"random_tau"
"3101",32,1,617,TRUE,FALSE,"random_tau"
"3102",32,2,1119,TRUE,FALSE,"random_tau"
"3103",32,3,1550,TRUE,FALSE,"random_tau"
"3104",32,4,2014,TRUE,FALSE,"random_tau"
"3105",32,5,2557,TRUE,FALSE,"random_tau"
"3106",32,6,3210,TRUE,FALSE,"random_tau"
"3107",32,7,4048,TRUE,FALSE,"random_tau"
"3108",32,8,5090,TRUE,FALSE,"random_tau"
"3109",32,9,6348,TRUE,FALSE,"random_tau"
"3110",32,10,7679,TRUE,FALSE,"random_tau"
"3111",32,11,8933,TRUE,FALSE,"random_tau"
"3112",32,12,9683,TRUE,FALSE,"random_tau"
"3113",32,13,9947,TRUE,FALSE,"random_tau"
"3114",32,14,9992,TRUE,FALSE,"random_tau"
"3115",32,15,10000,TRUE,FALSE,"random_tau"
"3116",32,16,10000,TRUE,FALSE,"random_tau"
"3117",32,17,10000,TRUE,FALSE,"random_tau"
"3118",32,18,10000,TRUE,FALSE,"random_tau"
"3119",32,19,10000,TRUE,FALSE,"random_tau"
"3120",32,20,10000,TRUE,FALSE,"random_tau"
"3121",32,21,10000,TRUE,FALSE,"random_tau"
"3122",32,22,10000,TRUE,FALSE,"random_tau"
"3123",32,23,10000,TRUE,FALSE,"random_tau"
"3124",32,24,10000,TRUE,FALSE,"random_tau"
"3125",32,25,10000,TRUE,FALSE,"random_tau"
"3126",32,26,10000,TRUE,FALSE,"random_tau"
"3127",32,27,10000,TRUE,FALSE,"random_tau"
"3128",32,28,10000,TRUE,FALSE,"random_tau"
"3129",32,29,10000,TRUE,FALSE,"random_tau"
"3130",32,30,10000,TRUE,FALSE,"random_tau"
"3131",32,31,10000,TRUE,FALSE,"random_tau"
"3132",32,32,10000,TRUE,FALSE,"random_tau"
"3133",32,33,10000,TRUE,FALSE,"random_tau"
"3134",32,34,10000,TRUE,FALSE,"random_tau"
"3135",32,35,10000,TRUE,FALSE,"random_tau"
"3136",32,36,10000,TRUE,FALSE,"random_tau"
"3137",32,37,10000,TRUE,FALSE,"random_tau"
"3138",32,38,10000,TRUE,FALSE,"random_tau"
"3139",32,39,10000,TRUE,FALSE,"random_tau"
"3140",32,40,10000,TRUE,FALSE,"random_tau"
"3141",32,41,10000,TRUE,FALSE,"random_tau"
"3142",32,42,10000,TRUE,FALSE,"random_tau"
"3143",32,43,10000,TRUE,FALSE,"random_tau"
"3144",32,44,10000,TRUE,FALSE,"random_tau"
"3145",32,45,10000,TRUE,FALSE,"random_tau"
"3146",32,46,10000,TRUE,FALSE,"random_tau"
"3147",32,47,10000,TRUE,FALSE,"random_tau"
"3148",32,48,10000,TRUE,FALSE,"random_tau"
"3149",32,49,10000,TRUE,FALSE,"random_tau"
"3150",32,50,10000,TRUE,FALSE,"random_tau"
"3151",32,51,10000,TRUE,FALSE,"random_tau"
"3152",32,52,10000,TRUE,FALSE,"random_tau"
"3153",32,53,10000,TRUE,FALSE,"random_tau"
"3154",32,54,10000,TRUE,FALSE,"random_tau"
"3155",32,55,10000,TRUE,FALSE,"random_tau"
"3156",32,56,10000,TRUE,FALSE,"random_tau"
"3157",32,57,10000,TRUE,FALSE,"random_tau"
"3158",32,58,10000,TRUE,FALSE,"random_tau"
"3159",32,59,10000,TRUE,FALSE,"random_tau"
"3160",32,60,10000,TRUE,FALSE,"random_tau"
"3161",32,61,10000,TRUE,FALSE,"random_tau"
"3162",32,62,10000,TRUE,FALSE,"random_tau"
"3163",32,63,10000,TRUE,FALSE,"random_tau"
"3164",32,64,10000,TRUE,FALSE,"random_tau"
"3165",32,65,10000,TRUE,FALSE,"random_tau"
"3166",32,66,10000,TRUE,FALSE,"random_tau"
"3167",32,67,10000,TRUE,FALSE,"random_tau"
"3168",32,68,10000,TRUE,FALSE,"random_tau"
"3169",32,69,10000,TRUE,FALSE,"random_tau"
"3170",32,70,10000,TRUE,FALSE,"random_tau"
"3171",32,71,10000,TRUE,FALSE,"random_tau"
"3172",32,72,10000,TRUE,FALSE,"random_tau"
"3173",32,73,10000,TRUE,FALSE,"random_tau"
"3174",32,74,10000,TRUE,FALSE,"random_tau"
"3175",32,75,10000,TRUE,FALSE,"random_tau"
"3176",32,76,10000,TRUE,FALSE,"random_tau"
"3177",32,77,10000,TRUE,FALSE,"random_tau"
"3178",32,78,10000,TRUE,FALSE,"random_tau"
"3179",32,79,10000,TRUE,FALSE,"random_tau"
"3180",32,80,10000,TRUE,FALSE,"random_tau"
"3181",32,81,10000,TRUE,FALSE,"random_tau"
"3182",32,82,10000,TRUE,FALSE,"random_tau"
"3183",32,83,10000,TRUE,FALSE,"random_tau"
"3184",32,84,10000,TRUE,FALSE,"random_tau"
"3185",32,85,10000,TRUE,FALSE,"random_tau"
"3186",32,86,10000,TRUE,FALSE,"random_tau"
"3187",32,87,10000,TRUE,FALSE,"random_tau"
"3188",32,88,10000,TRUE,FALSE,"random_tau"
"3189",32,89,10000,TRUE,FALSE,"random_tau"
"3190",32,90,10000,TRUE,FALSE,"random_tau"
"3191",32,91,10000,TRUE,FALSE,"random_tau"
"3192",32,92,10000,TRUE,FALSE,"random_tau"
"3193",32,93,10000,TRUE,FALSE,"random_tau"
"3194",32,94,10000,TRUE,FALSE,"random_tau"
"3195",32,95,10000,TRUE,FALSE,"random_tau"
"3196",32,96,10000,TRUE,FALSE,"random_tau"
"3197",32,97,10000,TRUE,FALSE,"random_tau"
"3198",32,98,10000,TRUE,FALSE,"random_tau"
"3199",32,99,10000,TRUE,FALSE,"random_tau"
"3200",32,100,10000,TRUE,FALSE,"random_tau"
"3201",33,1,613,TRUE,FALSE,"random_tau"
"3202",33,2,1137,TRUE,FALSE,"random_tau"
"3203",33,3,1610,TRUE,FALSE,"random_tau"
"3204",33,4,2105,TRUE,FALSE,"random_tau"
"3205",33,5,2668,TRUE,FALSE,"random_tau"
"3206",33,6,3387,TRUE,FALSE,"random_tau"
"3207",33,7,4239,TRUE,FALSE,"random_tau"
"3208",33,8,5337,TRUE,FALSE,"random_tau"
"3209",33,9,6605,TRUE,FALSE,"random_tau"
"3210",33,10,7899,TRUE,FALSE,"random_tau"
"3211",33,11,9028,TRUE,FALSE,"random_tau"
"3212",33,12,9668,TRUE,FALSE,"random_tau"
"3213",33,13,9923,TRUE,FALSE,"random_tau"
"3214",33,14,9993,TRUE,FALSE,"random_tau"
"3215",33,15,10000,TRUE,FALSE,"random_tau"
"3216",33,16,10000,TRUE,FALSE,"random_tau"
"3217",33,17,10000,TRUE,FALSE,"random_tau"
"3218",33,18,10000,TRUE,FALSE,"random_tau"
"3219",33,19,10000,TRUE,FALSE,"random_tau"
"3220",33,20,10000,TRUE,FALSE,"random_tau"
"3221",33,21,10000,TRUE,FALSE,"random_tau"
"3222",33,22,10000,TRUE,FALSE,"random_tau"
"3223",33,23,10000,TRUE,FALSE,"random_tau"
"3224",33,24,10000,TRUE,FALSE,"random_tau"
"3225",33,25,10000,TRUE,FALSE,"random_tau"
"3226",33,26,10000,TRUE,FALSE,"random_tau"
"3227",33,27,10000,TRUE,FALSE,"random_tau"
"3228",33,28,10000,TRUE,FALSE,"random_tau"
"3229",33,29,10000,TRUE,FALSE,"random_tau"
"3230",33,30,10000,TRUE,FALSE,"random_tau"
"3231",33,31,10000,TRUE,FALSE,"random_tau"
"3232",33,32,10000,TRUE,FALSE,"random_tau"
"3233",33,33,10000,TRUE,FALSE,"random_tau"
"3234",33,34,10000,TRUE,FALSE,"random_tau"
"3235",33,35,10000,TRUE,FALSE,"random_tau"
"3236",33,36,10000,TRUE,FALSE,"random_tau"
"3237",33,37,10000,TRUE,FALSE,"random_tau"
"3238",33,38,10000,TRUE,FALSE,"random_tau"
"3239",33,39,10000,TRUE,FALSE,"random_tau"
"3240",33,40,10000,TRUE,FALSE,"random_tau"
"3241",33,41,10000,TRUE,FALSE,"random_tau"
"3242",33,42,10000,TRUE,FALSE,"random_tau"
"3243",33,43,10000,TRUE,FALSE,"random_tau"
"3244",33,44,10000,TRUE,FALSE,"random_tau"
"3245",33,45,10000,TRUE,FALSE,"random_tau"
"3246",33,46,10000,TRUE,FALSE,"random_tau"
"3247",33,47,10000,TRUE,FALSE,"random_tau"
"3248",33,48,10000,TRUE,FALSE,"random_tau"
"3249",33,49,10000,TRUE,FALSE,"random_tau"
"3250",33,50,10000,TRUE,FALSE,"random_tau"
"3251",33,51,10000,TRUE,FALSE,"random_tau"
"3252",33,52,10000,TRUE,FALSE,"random_tau"
"3253",33,53,10000,TRUE,FALSE,"random_tau"
"3254",33,54,10000,TRUE,FALSE,"random_tau"
"3255",33,55,10000,TRUE,FALSE,"random_tau"
"3256",33,56,10000,TRUE,FALSE,"random_tau"
"3257",33,57,10000,TRUE,FALSE,"random_tau"
"3258",33,58,10000,TRUE,FALSE,"random_tau"
"3259",33,59,10000,TRUE,FALSE,"random_tau"
"3260",33,60,10000,TRUE,FALSE,"random_tau"
"3261",33,61,10000,TRUE,FALSE,"random_tau"
"3262",33,62,10000,TRUE,FALSE,"random_tau"
"3263",33,63,10000,TRUE,FALSE,"random_tau"
"3264",33,64,10000,TRUE,FALSE,"random_tau"
"3265",33,65,10000,TRUE,FALSE,"random_tau"
"3266",33,66,10000,TRUE,FALSE,"random_tau"
"3267",33,67,10000,TRUE,FALSE,"random_tau"
"3268",33,68,10000,TRUE,FALSE,"random_tau"
"3269",33,69,10000,TRUE,FALSE,"random_tau"
"3270",33,70,10000,TRUE,FALSE,"random_tau"
"3271",33,71,10000,TRUE,FALSE,"random_tau"
"3272",33,72,10000,TRUE,FALSE,"random_tau"
"3273",33,73,10000,TRUE,FALSE,"random_tau"
"3274",33,74,10000,TRUE,FALSE,"random_tau"
"3275",33,75,10000,TRUE,FALSE,"random_tau"
"3276",33,76,10000,TRUE,FALSE,"random_tau"
"3277",33,77,10000,TRUE,FALSE,"random_tau"
"3278",33,78,10000,TRUE,FALSE,"random_tau"
"3279",33,79,10000,TRUE,FALSE,"random_tau"
"3280",33,80,10000,TRUE,FALSE,"random_tau"
"3281",33,81,10000,TRUE,FALSE,"random_tau"
"3282",33,82,10000,TRUE,FALSE,"random_tau"
"3283",33,83,10000,TRUE,FALSE,"random_tau"
"3284",33,84,10000,TRUE,FALSE,"random_tau"
"3285",33,85,10000,TRUE,FALSE,"random_tau"
"3286",33,86,10000,TRUE,FALSE,"random_tau"
"3287",33,87,10000,TRUE,FALSE,"random_tau"
"3288",33,88,10000,TRUE,FALSE,"random_tau"
"3289",33,89,10000,TRUE,FALSE,"random_tau"
"3290",33,90,10000,TRUE,FALSE,"random_tau"
"3291",33,91,10000,TRUE,FALSE,"random_tau"
"3292",33,92,10000,TRUE,FALSE,"random_tau"
"3293",33,93,10000,TRUE,FALSE,"random_tau"
"3294",33,94,10000,TRUE,FALSE,"random_tau"
"3295",33,95,10000,TRUE,FALSE,"random_tau"
"3296",33,96,10000,TRUE,FALSE,"random_tau"
"3297",33,97,10000,TRUE,FALSE,"random_tau"
"3298",33,98,10000,TRUE,FALSE,"random_tau"
"3299",33,99,10000,TRUE,FALSE,"random_tau"
"3300",33,100,10000,TRUE,FALSE,"random_tau"
"3301",34,1,630,TRUE,FALSE,"random_tau"
"3302",34,2,1160,TRUE,FALSE,"random_tau"
"3303",34,3,1605,TRUE,FALSE,"random_tau"
"3304",34,4,2111,TRUE,FALSE,"random_tau"
"3305",34,5,2673,TRUE,FALSE,"random_tau"
"3306",34,6,3334,TRUE,FALSE,"random_tau"
"3307",34,7,4156,TRUE,FALSE,"random_tau"
"3308",34,8,5169,TRUE,FALSE,"random_tau"
"3309",34,9,6401,TRUE,FALSE,"random_tau"
"3310",34,10,7718,TRUE,FALSE,"random_tau"
"3311",34,11,8918,TRUE,FALSE,"random_tau"
"3312",34,12,9675,TRUE,FALSE,"random_tau"
"3313",34,13,9928,TRUE,FALSE,"random_tau"
"3314",34,14,9991,TRUE,FALSE,"random_tau"
"3315",34,15,10000,TRUE,FALSE,"random_tau"
"3316",34,16,10000,TRUE,FALSE,"random_tau"
"3317",34,17,10000,TRUE,FALSE,"random_tau"
"3318",34,18,10000,TRUE,FALSE,"random_tau"
"3319",34,19,10000,TRUE,FALSE,"random_tau"
"3320",34,20,10000,TRUE,FALSE,"random_tau"
"3321",34,21,10000,TRUE,FALSE,"random_tau"
"3322",34,22,10000,TRUE,FALSE,"random_tau"
"3323",34,23,10000,TRUE,FALSE,"random_tau"
"3324",34,24,10000,TRUE,FALSE,"random_tau"
"3325",34,25,10000,TRUE,FALSE,"random_tau"
"3326",34,26,10000,TRUE,FALSE,"random_tau"
"3327",34,27,10000,TRUE,FALSE,"random_tau"
"3328",34,28,10000,TRUE,FALSE,"random_tau"
"3329",34,29,10000,TRUE,FALSE,"random_tau"
"3330",34,30,10000,TRUE,FALSE,"random_tau"
"3331",34,31,10000,TRUE,FALSE,"random_tau"
"3332",34,32,10000,TRUE,FALSE,"random_tau"
"3333",34,33,10000,TRUE,FALSE,"random_tau"
"3334",34,34,10000,TRUE,FALSE,"random_tau"
"3335",34,35,10000,TRUE,FALSE,"random_tau"
"3336",34,36,10000,TRUE,FALSE,"random_tau"
"3337",34,37,10000,TRUE,FALSE,"random_tau"
"3338",34,38,10000,TRUE,FALSE,"random_tau"
"3339",34,39,10000,TRUE,FALSE,"random_tau"
"3340",34,40,10000,TRUE,FALSE,"random_tau"
"3341",34,41,10000,TRUE,FALSE,"random_tau"
"3342",34,42,10000,TRUE,FALSE,"random_tau"
"3343",34,43,10000,TRUE,FALSE,"random_tau"
"3344",34,44,10000,TRUE,FALSE,"random_tau"
"3345",34,45,10000,TRUE,FALSE,"random_tau"
"3346",34,46,10000,TRUE,FALSE,"random_tau"
"3347",34,47,10000,TRUE,FALSE,"random_tau"
"3348",34,48,10000,TRUE,FALSE,"random_tau"
"3349",34,49,10000,TRUE,FALSE,"random_tau"
"3350",34,50,10000,TRUE,FALSE,"random_tau"
"3351",34,51,10000,TRUE,FALSE,"random_tau"
"3352",34,52,10000,TRUE,FALSE,"random_tau"
"3353",34,53,10000,TRUE,FALSE,"random_tau"
"3354",34,54,10000,TRUE,FALSE,"random_tau"
"3355",34,55,10000,TRUE,FALSE,"random_tau"
"3356",34,56,10000,TRUE,FALSE,"random_tau"
"3357",34,57,10000,TRUE,FALSE,"random_tau"
"3358",34,58,10000,TRUE,FALSE,"random_tau"
"3359",34,59,10000,TRUE,FALSE,"random_tau"
"3360",34,60,10000,TRUE,FALSE,"random_tau"
"3361",34,61,10000,TRUE,FALSE,"random_tau"
"3362",34,62,10000,TRUE,FALSE,"random_tau"
"3363",34,63,10000,TRUE,FALSE,"random_tau"
"3364",34,64,10000,TRUE,FALSE,"random_tau"
"3365",34,65,10000,TRUE,FALSE,"random_tau"
"3366",34,66,10000,TRUE,FALSE,"random_tau"
"3367",34,67,10000,TRUE,FALSE,"random_tau"
"3368",34,68,10000,TRUE,FALSE,"random_tau"
"3369",34,69,10000,TRUE,FALSE,"random_tau"
"3370",34,70,10000,TRUE,FALSE,"random_tau"
"3371",34,71,10000,TRUE,FALSE,"random_tau"
"3372",34,72,10000,TRUE,FALSE,"random_tau"
"3373",34,73,10000,TRUE,FALSE,"random_tau"
"3374",34,74,10000,TRUE,FALSE,"random_tau"
"3375",34,75,10000,TRUE,FALSE,"random_tau"
"3376",34,76,10000,TRUE,FALSE,"random_tau"
"3377",34,77,10000,TRUE,FALSE,"random_tau"
"3378",34,78,10000,TRUE,FALSE,"random_tau"
"3379",34,79,10000,TRUE,FALSE,"random_tau"
"3380",34,80,10000,TRUE,FALSE,"random_tau"
"3381",34,81,10000,TRUE,FALSE,"random_tau"
"3382",34,82,10000,TRUE,FALSE,"random_tau"
"3383",34,83,10000,TRUE,FALSE,"random_tau"
"3384",34,84,10000,TRUE,FALSE,"random_tau"
"3385",34,85,10000,TRUE,FALSE,"random_tau"
"3386",34,86,10000,TRUE,FALSE,"random_tau"
"3387",34,87,10000,TRUE,FALSE,"random_tau"
"3388",34,88,10000,TRUE,FALSE,"random_tau"
"3389",34,89,10000,TRUE,FALSE,"random_tau"
"3390",34,90,10000,TRUE,FALSE,"random_tau"
"3391",34,91,10000,TRUE,FALSE,"random_tau"
"3392",34,92,10000,TRUE,FALSE,"random_tau"
"3393",34,93,10000,TRUE,FALSE,"random_tau"
"3394",34,94,10000,TRUE,FALSE,"random_tau"
"3395",34,95,10000,TRUE,FALSE,"random_tau"
"3396",34,96,10000,TRUE,FALSE,"random_tau"
"3397",34,97,10000,TRUE,FALSE,"random_tau"
"3398",34,98,10000,TRUE,FALSE,"random_tau"
"3399",34,99,10000,TRUE,FALSE,"random_tau"
"3400",34,100,10000,TRUE,FALSE,"random_tau"
"3401",35,1,609,TRUE,FALSE,"random_tau"
"3402",35,2,1158,TRUE,FALSE,"random_tau"
"3403",35,3,1649,TRUE,FALSE,"random_tau"
"3404",35,4,2163,TRUE,FALSE,"random_tau"
"3405",35,5,2773,TRUE,FALSE,"random_tau"
"3406",35,6,3529,TRUE,FALSE,"random_tau"
"3407",35,7,4480,TRUE,FALSE,"random_tau"
"3408",35,8,5600,TRUE,FALSE,"random_tau"
"3409",35,9,6890,TRUE,FALSE,"random_tau"
"3410",35,10,8218,TRUE,FALSE,"random_tau"
"3411",35,11,9252,TRUE,FALSE,"random_tau"
"3412",35,12,9813,TRUE,FALSE,"random_tau"
"3413",35,13,9977,TRUE,FALSE,"random_tau"
"3414",35,14,9998,TRUE,FALSE,"random_tau"
"3415",35,15,10000,TRUE,FALSE,"random_tau"
"3416",35,16,10000,TRUE,FALSE,"random_tau"
"3417",35,17,10000,TRUE,FALSE,"random_tau"
"3418",35,18,10000,TRUE,FALSE,"random_tau"
"3419",35,19,10000,TRUE,FALSE,"random_tau"
"3420",35,20,10000,TRUE,FALSE,"random_tau"
"3421",35,21,10000,TRUE,FALSE,"random_tau"
"3422",35,22,10000,TRUE,FALSE,"random_tau"
"3423",35,23,10000,TRUE,FALSE,"random_tau"
"3424",35,24,10000,TRUE,FALSE,"random_tau"
"3425",35,25,10000,TRUE,FALSE,"random_tau"
"3426",35,26,10000,TRUE,FALSE,"random_tau"
"3427",35,27,10000,TRUE,FALSE,"random_tau"
"3428",35,28,10000,TRUE,FALSE,"random_tau"
"3429",35,29,10000,TRUE,FALSE,"random_tau"
"3430",35,30,10000,TRUE,FALSE,"random_tau"
"3431",35,31,10000,TRUE,FALSE,"random_tau"
"3432",35,32,10000,TRUE,FALSE,"random_tau"
"3433",35,33,10000,TRUE,FALSE,"random_tau"
"3434",35,34,10000,TRUE,FALSE,"random_tau"
"3435",35,35,10000,TRUE,FALSE,"random_tau"
"3436",35,36,10000,TRUE,FALSE,"random_tau"
"3437",35,37,10000,TRUE,FALSE,"random_tau"
"3438",35,38,10000,TRUE,FALSE,"random_tau"
"3439",35,39,10000,TRUE,FALSE,"random_tau"
"3440",35,40,10000,TRUE,FALSE,"random_tau"
"3441",35,41,10000,TRUE,FALSE,"random_tau"
"3442",35,42,10000,TRUE,FALSE,"random_tau"
"3443",35,43,10000,TRUE,FALSE,"random_tau"
"3444",35,44,10000,TRUE,FALSE,"random_tau"
"3445",35,45,10000,TRUE,FALSE,"random_tau"
"3446",35,46,10000,TRUE,FALSE,"random_tau"
"3447",35,47,10000,TRUE,FALSE,"random_tau"
"3448",35,48,10000,TRUE,FALSE,"random_tau"
"3449",35,49,10000,TRUE,FALSE,"random_tau"
"3450",35,50,10000,TRUE,FALSE,"random_tau"
"3451",35,51,10000,TRUE,FALSE,"random_tau"
"3452",35,52,10000,TRUE,FALSE,"random_tau"
"3453",35,53,10000,TRUE,FALSE,"random_tau"
"3454",35,54,10000,TRUE,FALSE,"random_tau"
"3455",35,55,10000,TRUE,FALSE,"random_tau"
"3456",35,56,10000,TRUE,FALSE,"random_tau"
"3457",35,57,10000,TRUE,FALSE,"random_tau"
"3458",35,58,10000,TRUE,FALSE,"random_tau"
"3459",35,59,10000,TRUE,FALSE,"random_tau"
"3460",35,60,10000,TRUE,FALSE,"random_tau"
"3461",35,61,10000,TRUE,FALSE,"random_tau"
"3462",35,62,10000,TRUE,FALSE,"random_tau"
"3463",35,63,10000,TRUE,FALSE,"random_tau"
"3464",35,64,10000,TRUE,FALSE,"random_tau"
"3465",35,65,10000,TRUE,FALSE,"random_tau"
"3466",35,66,10000,TRUE,FALSE,"random_tau"
"3467",35,67,10000,TRUE,FALSE,"random_tau"
"3468",35,68,10000,TRUE,FALSE,"random_tau"
"3469",35,69,10000,TRUE,FALSE,"random_tau"
"3470",35,70,10000,TRUE,FALSE,"random_tau"
"3471",35,71,10000,TRUE,FALSE,"random_tau"
"3472",35,72,10000,TRUE,FALSE,"random_tau"
"3473",35,73,10000,TRUE,FALSE,"random_tau"
"3474",35,74,10000,TRUE,FALSE,"random_tau"
"3475",35,75,10000,TRUE,FALSE,"random_tau"
"3476",35,76,10000,TRUE,FALSE,"random_tau"
"3477",35,77,10000,TRUE,FALSE,"random_tau"
"3478",35,78,10000,TRUE,FALSE,"random_tau"
"3479",35,79,10000,TRUE,FALSE,"random_tau"
"3480",35,80,10000,TRUE,FALSE,"random_tau"
"3481",35,81,10000,TRUE,FALSE,"random_tau"
"3482",35,82,10000,TRUE,FALSE,"random_tau"
"3483",35,83,10000,TRUE,FALSE,"random_tau"
"3484",35,84,10000,TRUE,FALSE,"random_tau"
"3485",35,85,10000,TRUE,FALSE,"random_tau"
"3486",35,86,10000,TRUE,FALSE,"random_tau"
"3487",35,87,10000,TRUE,FALSE,"random_tau"
"3488",35,88,10000,TRUE,FALSE,"random_tau"
"3489",35,89,10000,TRUE,FALSE,"random_tau"
"3490",35,90,10000,TRUE,FALSE,"random_tau"
"3491",35,91,10000,TRUE,FALSE,"random_tau"
"3492",35,92,10000,TRUE,FALSE,"random_tau"
"3493",35,93,10000,TRUE,FALSE,"random_tau"
"3494",35,94,10000,TRUE,FALSE,"random_tau"
"3495",35,95,10000,TRUE,FALSE,"random_tau"
"3496",35,96,10000,TRUE,FALSE,"random_tau"
"3497",35,97,10000,TRUE,FALSE,"random_tau"
"3498",35,98,10000,TRUE,FALSE,"random_tau"
"3499",35,99,10000,TRUE,FALSE,"random_tau"
"3500",35,100,10000,TRUE,FALSE,"random_tau"
"3501",36,1,583,TRUE,FALSE,"random_tau"
"3502",36,2,1097,TRUE,FALSE,"random_tau"
"3503",36,3,1545,TRUE,FALSE,"random_tau"
"3504",36,4,2011,TRUE,FALSE,"random_tau"
"3505",36,5,2543,TRUE,FALSE,"random_tau"
"3506",36,6,3162,TRUE,FALSE,"random_tau"
"3507",36,7,3905,TRUE,FALSE,"random_tau"
"3508",36,8,4814,TRUE,FALSE,"random_tau"
"3509",36,9,5963,TRUE,FALSE,"random_tau"
"3510",36,10,7285,TRUE,FALSE,"random_tau"
"3511",36,11,8544,TRUE,FALSE,"random_tau"
"3512",36,12,9465,TRUE,FALSE,"random_tau"
"3513",36,13,9879,TRUE,FALSE,"random_tau"
"3514",36,14,9983,TRUE,FALSE,"random_tau"
"3515",36,15,9996,TRUE,FALSE,"random_tau"
"3516",36,16,10000,TRUE,FALSE,"random_tau"
"3517",36,17,10000,TRUE,FALSE,"random_tau"
"3518",36,18,10000,TRUE,FALSE,"random_tau"
"3519",36,19,10000,TRUE,FALSE,"random_tau"
"3520",36,20,10000,TRUE,FALSE,"random_tau"
"3521",36,21,10000,TRUE,FALSE,"random_tau"
"3522",36,22,10000,TRUE,FALSE,"random_tau"
"3523",36,23,10000,TRUE,FALSE,"random_tau"
"3524",36,24,10000,TRUE,FALSE,"random_tau"
"3525",36,25,10000,TRUE,FALSE,"random_tau"
"3526",36,26,10000,TRUE,FALSE,"random_tau"
"3527",36,27,10000,TRUE,FALSE,"random_tau"
"3528",36,28,10000,TRUE,FALSE,"random_tau"
"3529",36,29,10000,TRUE,FALSE,"random_tau"
"3530",36,30,10000,TRUE,FALSE,"random_tau"
"3531",36,31,10000,TRUE,FALSE,"random_tau"
"3532",36,32,10000,TRUE,FALSE,"random_tau"
"3533",36,33,10000,TRUE,FALSE,"random_tau"
"3534",36,34,10000,TRUE,FALSE,"random_tau"
"3535",36,35,10000,TRUE,FALSE,"random_tau"
"3536",36,36,10000,TRUE,FALSE,"random_tau"
"3537",36,37,10000,TRUE,FALSE,"random_tau"
"3538",36,38,10000,TRUE,FALSE,"random_tau"
"3539",36,39,10000,TRUE,FALSE,"random_tau"
"3540",36,40,10000,TRUE,FALSE,"random_tau"
"3541",36,41,10000,TRUE,FALSE,"random_tau"
"3542",36,42,10000,TRUE,FALSE,"random_tau"
"3543",36,43,10000,TRUE,FALSE,"random_tau"
"3544",36,44,10000,TRUE,FALSE,"random_tau"
"3545",36,45,10000,TRUE,FALSE,"random_tau"
"3546",36,46,10000,TRUE,FALSE,"random_tau"
"3547",36,47,10000,TRUE,FALSE,"random_tau"
"3548",36,48,10000,TRUE,FALSE,"random_tau"
"3549",36,49,10000,TRUE,FALSE,"random_tau"
"3550",36,50,10000,TRUE,FALSE,"random_tau"
"3551",36,51,10000,TRUE,FALSE,"random_tau"
"3552",36,52,10000,TRUE,FALSE,"random_tau"
"3553",36,53,10000,TRUE,FALSE,"random_tau"
"3554",36,54,10000,TRUE,FALSE,"random_tau"
"3555",36,55,10000,TRUE,FALSE,"random_tau"
"3556",36,56,10000,TRUE,FALSE,"random_tau"
"3557",36,57,10000,TRUE,FALSE,"random_tau"
"3558",36,58,10000,TRUE,FALSE,"random_tau"
"3559",36,59,10000,TRUE,FALSE,"random_tau"
"3560",36,60,10000,TRUE,FALSE,"random_tau"
"3561",36,61,10000,TRUE,FALSE,"random_tau"
"3562",36,62,10000,TRUE,FALSE,"random_tau"
"3563",36,63,10000,TRUE,FALSE,"random_tau"
"3564",36,64,10000,TRUE,FALSE,"random_tau"
"3565",36,65,10000,TRUE,FALSE,"random_tau"
"3566",36,66,10000,TRUE,FALSE,"random_tau"
"3567",36,67,10000,TRUE,FALSE,"random_tau"
"3568",36,68,10000,TRUE,FALSE,"random_tau"
"3569",36,69,10000,TRUE,FALSE,"random_tau"
"3570",36,70,10000,TRUE,FALSE,"random_tau"
"3571",36,71,10000,TRUE,FALSE,"random_tau"
"3572",36,72,10000,TRUE,FALSE,"random_tau"
"3573",36,73,10000,TRUE,FALSE,"random_tau"
"3574",36,74,10000,TRUE,FALSE,"random_tau"
"3575",36,75,10000,TRUE,FALSE,"random_tau"
"3576",36,76,10000,TRUE,FALSE,"random_tau"
"3577",36,77,10000,TRUE,FALSE,"random_tau"
"3578",36,78,10000,TRUE,FALSE,"random_tau"
"3579",36,79,10000,TRUE,FALSE,"random_tau"
"3580",36,80,10000,TRUE,FALSE,"random_tau"
"3581",36,81,10000,TRUE,FALSE,"random_tau"
"3582",36,82,10000,TRUE,FALSE,"random_tau"
"3583",36,83,10000,TRUE,FALSE,"random_tau"
"3584",36,84,10000,TRUE,FALSE,"random_tau"
"3585",36,85,10000,TRUE,FALSE,"random_tau"
"3586",36,86,10000,TRUE,FALSE,"random_tau"
"3587",36,87,10000,TRUE,FALSE,"random_tau"
"3588",36,88,10000,TRUE,FALSE,"random_tau"
"3589",36,89,10000,TRUE,FALSE,"random_tau"
"3590",36,90,10000,TRUE,FALSE,"random_tau"
"3591",36,91,10000,TRUE,FALSE,"random_tau"
"3592",36,92,10000,TRUE,FALSE,"random_tau"
"3593",36,93,10000,TRUE,FALSE,"random_tau"
"3594",36,94,10000,TRUE,FALSE,"random_tau"
"3595",36,95,10000,TRUE,FALSE,"random_tau"
"3596",36,96,10000,TRUE,FALSE,"random_tau"
"3597",36,97,10000,TRUE,FALSE,"random_tau"
"3598",36,98,10000,TRUE,FALSE,"random_tau"
"3599",36,99,10000,TRUE,FALSE,"random_tau"
"3600",36,100,10000,TRUE,FALSE,"random_tau"
"3601",37,1,615,TRUE,FALSE,"random_tau"
"3602",37,2,1154,TRUE,FALSE,"random_tau"
"3603",37,3,1635,TRUE,FALSE,"random_tau"
"3604",37,4,2144,TRUE,FALSE,"random_tau"
"3605",37,5,2714,TRUE,FALSE,"random_tau"
"3606",37,6,3409,TRUE,FALSE,"random_tau"
"3607",37,7,4275,TRUE,FALSE,"random_tau"
"3608",37,8,5320,TRUE,FALSE,"random_tau"
"3609",37,9,6577,TRUE,FALSE,"random_tau"
"3610",37,10,7967,TRUE,FALSE,"random_tau"
"3611",37,11,9152,TRUE,FALSE,"random_tau"
"3612",37,12,9797,TRUE,FALSE,"random_tau"
"3613",37,13,9973,TRUE,FALSE,"random_tau"
"3614",37,14,9996,TRUE,FALSE,"random_tau"
"3615",37,15,10000,TRUE,FALSE,"random_tau"
"3616",37,16,10000,TRUE,FALSE,"random_tau"
"3617",37,17,10000,TRUE,FALSE,"random_tau"
"3618",37,18,10000,TRUE,FALSE,"random_tau"
"3619",37,19,10000,TRUE,FALSE,"random_tau"
"3620",37,20,10000,TRUE,FALSE,"random_tau"
"3621",37,21,10000,TRUE,FALSE,"random_tau"
"3622",37,22,10000,TRUE,FALSE,"random_tau"
"3623",37,23,10000,TRUE,FALSE,"random_tau"
"3624",37,24,10000,TRUE,FALSE,"random_tau"
"3625",37,25,10000,TRUE,FALSE,"random_tau"
"3626",37,26,10000,TRUE,FALSE,"random_tau"
"3627",37,27,10000,TRUE,FALSE,"random_tau"
"3628",37,28,10000,TRUE,FALSE,"random_tau"
"3629",37,29,10000,TRUE,FALSE,"random_tau"
"3630",37,30,10000,TRUE,FALSE,"random_tau"
"3631",37,31,10000,TRUE,FALSE,"random_tau"
"3632",37,32,10000,TRUE,FALSE,"random_tau"
"3633",37,33,10000,TRUE,FALSE,"random_tau"
"3634",37,34,10000,TRUE,FALSE,"random_tau"
"3635",37,35,10000,TRUE,FALSE,"random_tau"
"3636",37,36,10000,TRUE,FALSE,"random_tau"
"3637",37,37,10000,TRUE,FALSE,"random_tau"
"3638",37,38,10000,TRUE,FALSE,"random_tau"
"3639",37,39,10000,TRUE,FALSE,"random_tau"
"3640",37,40,10000,TRUE,FALSE,"random_tau"
"3641",37,41,10000,TRUE,FALSE,"random_tau"
"3642",37,42,10000,TRUE,FALSE,"random_tau"
"3643",37,43,10000,TRUE,FALSE,"random_tau"
"3644",37,44,10000,TRUE,FALSE,"random_tau"
"3645",37,45,10000,TRUE,FALSE,"random_tau"
"3646",37,46,10000,TRUE,FALSE,"random_tau"
"3647",37,47,10000,TRUE,FALSE,"random_tau"
"3648",37,48,10000,TRUE,FALSE,"random_tau"
"3649",37,49,10000,TRUE,FALSE,"random_tau"
"3650",37,50,10000,TRUE,FALSE,"random_tau"
"3651",37,51,10000,TRUE,FALSE,"random_tau"
"3652",37,52,10000,TRUE,FALSE,"random_tau"
"3653",37,53,10000,TRUE,FALSE,"random_tau"
"3654",37,54,10000,TRUE,FALSE,"random_tau"
"3655",37,55,10000,TRUE,FALSE,"random_tau"
"3656",37,56,10000,TRUE,FALSE,"random_tau"
"3657",37,57,10000,TRUE,FALSE,"random_tau"
"3658",37,58,10000,TRUE,FALSE,"random_tau"
"3659",37,59,10000,TRUE,FALSE,"random_tau"
"3660",37,60,10000,TRUE,FALSE,"random_tau"
"3661",37,61,10000,TRUE,FALSE,"random_tau"
"3662",37,62,10000,TRUE,FALSE,"random_tau"
"3663",37,63,10000,TRUE,FALSE,"random_tau"
"3664",37,64,10000,TRUE,FALSE,"random_tau"
"3665",37,65,10000,TRUE,FALSE,"random_tau"
"3666",37,66,10000,TRUE,FALSE,"random_tau"
"3667",37,67,10000,TRUE,FALSE,"random_tau"
"3668",37,68,10000,TRUE,FALSE,"random_tau"
"3669",37,69,10000,TRUE,FALSE,"random_tau"
"3670",37,70,10000,TRUE,FALSE,"random_tau"
"3671",37,71,10000,TRUE,FALSE,"random_tau"
"3672",37,72,10000,TRUE,FALSE,"random_tau"
"3673",37,73,10000,TRUE,FALSE,"random_tau"
"3674",37,74,10000,TRUE,FALSE,"random_tau"
"3675",37,75,10000,TRUE,FALSE,"random_tau"
"3676",37,76,10000,TRUE,FALSE,"random_tau"
"3677",37,77,10000,TRUE,FALSE,"random_tau"
"3678",37,78,10000,TRUE,FALSE,"random_tau"
"3679",37,79,10000,TRUE,FALSE,"random_tau"
"3680",37,80,10000,TRUE,FALSE,"random_tau"
"3681",37,81,10000,TRUE,FALSE,"random_tau"
"3682",37,82,10000,TRUE,FALSE,"random_tau"
"3683",37,83,10000,TRUE,FALSE,"random_tau"
"3684",37,84,10000,TRUE,FALSE,"random_tau"
"3685",37,85,10000,TRUE,FALSE,"random_tau"
"3686",37,86,10000,TRUE,FALSE,"random_tau"
"3687",37,87,10000,TRUE,FALSE,"random_tau"
"3688",37,88,10000,TRUE,FALSE,"random_tau"
"3689",37,89,10000,TRUE,FALSE,"random_tau"
"3690",37,90,10000,TRUE,FALSE,"random_tau"
"3691",37,91,10000,TRUE,FALSE,"random_tau"
"3692",37,92,10000,TRUE,FALSE,"random_tau"
"3693",37,93,10000,TRUE,FALSE,"random_tau"
"3694",37,94,10000,TRUE,FALSE,"random_tau"
"3695",37,95,10000,TRUE,FALSE,"random_tau"
"3696",37,96,10000,TRUE,FALSE,"random_tau"
"3697",37,97,10000,TRUE,FALSE,"random_tau"
"3698",37,98,10000,TRUE,FALSE,"random_tau"
"3699",37,99,10000,TRUE,FALSE,"random_tau"
"3700",37,100,10000,TRUE,FALSE,"random_tau"
"3701",38,1,612,TRUE,FALSE,"random_tau"
"3702",38,2,1094,TRUE,FALSE,"random_tau"
"3703",38,3,1490,TRUE,FALSE,"random_tau"
"3704",38,4,1896,TRUE,FALSE,"random_tau"
"3705",38,5,2405,TRUE,FALSE,"random_tau"
"3706",38,6,3024,TRUE,FALSE,"random_tau"
"3707",38,7,3770,TRUE,FALSE,"random_tau"
"3708",38,8,4708,TRUE,FALSE,"random_tau"
"3709",38,9,5857,TRUE,FALSE,"random_tau"
"3710",38,10,7113,TRUE,FALSE,"random_tau"
"3711",38,11,8349,TRUE,FALSE,"random_tau"
"3712",38,12,9294,TRUE,FALSE,"random_tau"
"3713",38,13,9802,TRUE,FALSE,"random_tau"
"3714",38,14,9966,TRUE,FALSE,"random_tau"
"3715",38,15,9998,TRUE,FALSE,"random_tau"
"3716",38,16,9999,TRUE,FALSE,"random_tau"
"3717",38,17,10000,TRUE,FALSE,"random_tau"
"3718",38,18,10000,TRUE,FALSE,"random_tau"
"3719",38,19,10000,TRUE,FALSE,"random_tau"
"3720",38,20,10000,TRUE,FALSE,"random_tau"
"3721",38,21,10000,TRUE,FALSE,"random_tau"
"3722",38,22,10000,TRUE,FALSE,"random_tau"
"3723",38,23,10000,TRUE,FALSE,"random_tau"
"3724",38,24,10000,TRUE,FALSE,"random_tau"
"3725",38,25,10000,TRUE,FALSE,"random_tau"
"3726",38,26,10000,TRUE,FALSE,"random_tau"
"3727",38,27,10000,TRUE,FALSE,"random_tau"
"3728",38,28,10000,TRUE,FALSE,"random_tau"
"3729",38,29,10000,TRUE,FALSE,"random_tau"
"3730",38,30,10000,TRUE,FALSE,"random_tau"
"3731",38,31,10000,TRUE,FALSE,"random_tau"
"3732",38,32,10000,TRUE,FALSE,"random_tau"
"3733",38,33,10000,TRUE,FALSE,"random_tau"
"3734",38,34,10000,TRUE,FALSE,"random_tau"
"3735",38,35,10000,TRUE,FALSE,"random_tau"
"3736",38,36,10000,TRUE,FALSE,"random_tau"
"3737",38,37,10000,TRUE,FALSE,"random_tau"
"3738",38,38,10000,TRUE,FALSE,"random_tau"
"3739",38,39,10000,TRUE,FALSE,"random_tau"
"3740",38,40,10000,TRUE,FALSE,"random_tau"
"3741",38,41,10000,TRUE,FALSE,"random_tau"
"3742",38,42,10000,TRUE,FALSE,"random_tau"
"3743",38,43,10000,TRUE,FALSE,"random_tau"
"3744",38,44,10000,TRUE,FALSE,"random_tau"
"3745",38,45,10000,TRUE,FALSE,"random_tau"
"3746",38,46,10000,TRUE,FALSE,"random_tau"
"3747",38,47,10000,TRUE,FALSE,"random_tau"
"3748",38,48,10000,TRUE,FALSE,"random_tau"
"3749",38,49,10000,TRUE,FALSE,"random_tau"
"3750",38,50,10000,TRUE,FALSE,"random_tau"
"3751",38,51,10000,TRUE,FALSE,"random_tau"
"3752",38,52,10000,TRUE,FALSE,"random_tau"
"3753",38,53,10000,TRUE,FALSE,"random_tau"
"3754",38,54,10000,TRUE,FALSE,"random_tau"
"3755",38,55,10000,TRUE,FALSE,"random_tau"
"3756",38,56,10000,TRUE,FALSE,"random_tau"
"3757",38,57,10000,TRUE,FALSE,"random_tau"
"3758",38,58,10000,TRUE,FALSE,"random_tau"
"3759",38,59,10000,TRUE,FALSE,"random_tau"
"3760",38,60,10000,TRUE,FALSE,"random_tau"
"3761",38,61,10000,TRUE,FALSE,"random_tau"
"3762",38,62,10000,TRUE,FALSE,"random_tau"
"3763",38,63,10000,TRUE,FALSE,"random_tau"
"3764",38,64,10000,TRUE,FALSE,"random_tau"
"3765",38,65,10000,TRUE,FALSE,"random_tau"
"3766",38,66,10000,TRUE,FALSE,"random_tau"
"3767",38,67,10000,TRUE,FALSE,"random_tau"
"3768",38,68,10000,TRUE,FALSE,"random_tau"
"3769",38,69,10000,TRUE,FALSE,"random_tau"
"3770",38,70,10000,TRUE,FALSE,"random_tau"
"3771",38,71,10000,TRUE,FALSE,"random_tau"
"3772",38,72,10000,TRUE,FALSE,"random_tau"
"3773",38,73,10000,TRUE,FALSE,"random_tau"
"3774",38,74,10000,TRUE,FALSE,"random_tau"
"3775",38,75,10000,TRUE,FALSE,"random_tau"
"3776",38,76,10000,TRUE,FALSE,"random_tau"
"3777",38,77,10000,TRUE,FALSE,"random_tau"
"3778",38,78,10000,TRUE,FALSE,"random_tau"
"3779",38,79,10000,TRUE,FALSE,"random_tau"
"3780",38,80,10000,TRUE,FALSE,"random_tau"
"3781",38,81,10000,TRUE,FALSE,"random_tau"
"3782",38,82,10000,TRUE,FALSE,"random_tau"
"3783",38,83,10000,TRUE,FALSE,"random_tau"
"3784",38,84,10000,TRUE,FALSE,"random_tau"
"3785",38,85,10000,TRUE,FALSE,"random_tau"
"3786",38,86,10000,TRUE,FALSE,"random_tau"
"3787",38,87,10000,TRUE,FALSE,"random_tau"
"3788",38,88,10000,TRUE,FALSE,"random_tau"
"3789",38,89,10000,TRUE,FALSE,"random_tau"
"3790",38,90,10000,TRUE,FALSE,"random_tau"
"3791",38,91,10000,TRUE,FALSE,"random_tau"
"3792",38,92,10000,TRUE,FALSE,"random_tau"
"3793",38,93,10000,TRUE,FALSE,"random_tau"
"3794",38,94,10000,TRUE,FALSE,"random_tau"
"3795",38,95,10000,TRUE,FALSE,"random_tau"
"3796",38,96,10000,TRUE,FALSE,"random_tau"
"3797",38,97,10000,TRUE,FALSE,"random_tau"
"3798",38,98,10000,TRUE,FALSE,"random_tau"
"3799",38,99,10000,TRUE,FALSE,"random_tau"
"3800",38,100,10000,TRUE,FALSE,"random_tau"
"3801",39,1,637,TRUE,FALSE,"random_tau"
"3802",39,2,1149,TRUE,FALSE,"random_tau"
"3803",39,3,1636,TRUE,FALSE,"random_tau"
"3804",39,4,2174,TRUE,FALSE,"random_tau"
"3805",39,5,2767,TRUE,FALSE,"random_tau"
"3806",39,6,3514,TRUE,FALSE,"random_tau"
"3807",39,7,4384,TRUE,FALSE,"random_tau"
"3808",39,8,5443,TRUE,FALSE,"random_tau"
"3809",39,9,6665,TRUE,FALSE,"random_tau"
"3810",39,10,7954,TRUE,FALSE,"random_tau"
"3811",39,11,9060,TRUE,FALSE,"random_tau"
"3812",39,12,9705,TRUE,FALSE,"random_tau"
"3813",39,13,9935,TRUE,FALSE,"random_tau"
"3814",39,14,9995,TRUE,FALSE,"random_tau"
"3815",39,15,10000,TRUE,FALSE,"random_tau"
"3816",39,16,10000,TRUE,FALSE,"random_tau"
"3817",39,17,10000,TRUE,FALSE,"random_tau"
"3818",39,18,10000,TRUE,FALSE,"random_tau"
"3819",39,19,10000,TRUE,FALSE,"random_tau"
"3820",39,20,10000,TRUE,FALSE,"random_tau"
"3821",39,21,10000,TRUE,FALSE,"random_tau"
"3822",39,22,10000,TRUE,FALSE,"random_tau"
"3823",39,23,10000,TRUE,FALSE,"random_tau"
"3824",39,24,10000,TRUE,FALSE,"random_tau"
"3825",39,25,10000,TRUE,FALSE,"random_tau"
"3826",39,26,10000,TRUE,FALSE,"random_tau"
"3827",39,27,10000,TRUE,FALSE,"random_tau"
"3828",39,28,10000,TRUE,FALSE,"random_tau"
"3829",39,29,10000,TRUE,FALSE,"random_tau"
"3830",39,30,10000,TRUE,FALSE,"random_tau"
"3831",39,31,10000,TRUE,FALSE,"random_tau"
"3832",39,32,10000,TRUE,FALSE,"random_tau"
"3833",39,33,10000,TRUE,FALSE,"random_tau"
"3834",39,34,10000,TRUE,FALSE,"random_tau"
"3835",39,35,10000,TRUE,FALSE,"random_tau"
"3836",39,36,10000,TRUE,FALSE,"random_tau"
"3837",39,37,10000,TRUE,FALSE,"random_tau"
"3838",39,38,10000,TRUE,FALSE,"random_tau"
"3839",39,39,10000,TRUE,FALSE,"random_tau"
"3840",39,40,10000,TRUE,FALSE,"random_tau"
"3841",39,41,10000,TRUE,FALSE,"random_tau"
"3842",39,42,10000,TRUE,FALSE,"random_tau"
"3843",39,43,10000,TRUE,FALSE,"random_tau"
"3844",39,44,10000,TRUE,FALSE,"random_tau"
"3845",39,45,10000,TRUE,FALSE,"random_tau"
"3846",39,46,10000,TRUE,FALSE,"random_tau"
"3847",39,47,10000,TRUE,FALSE,"random_tau"
"3848",39,48,10000,TRUE,FALSE,"random_tau"
"3849",39,49,10000,TRUE,FALSE,"random_tau"
"3850",39,50,10000,TRUE,FALSE,"random_tau"
"3851",39,51,10000,TRUE,FALSE,"random_tau"
"3852",39,52,10000,TRUE,FALSE,"random_tau"
"3853",39,53,10000,TRUE,FALSE,"random_tau"
"3854",39,54,10000,TRUE,FALSE,"random_tau"
"3855",39,55,10000,TRUE,FALSE,"random_tau"
"3856",39,56,10000,TRUE,FALSE,"random_tau"
"3857",39,57,10000,TRUE,FALSE,"random_tau"
"3858",39,58,10000,TRUE,FALSE,"random_tau"
"3859",39,59,10000,TRUE,FALSE,"random_tau"
"3860",39,60,10000,TRUE,FALSE,"random_tau"
"3861",39,61,10000,TRUE,FALSE,"random_tau"
"3862",39,62,10000,TRUE,FALSE,"random_tau"
"3863",39,63,10000,TRUE,FALSE,"random_tau"
"3864",39,64,10000,TRUE,FALSE,"random_tau"
"3865",39,65,10000,TRUE,FALSE,"random_tau"
"3866",39,66,10000,TRUE,FALSE,"random_tau"
"3867",39,67,10000,TRUE,FALSE,"random_tau"
"3868",39,68,10000,TRUE,FALSE,"random_tau"
"3869",39,69,10000,TRUE,FALSE,"random_tau"
"3870",39,70,10000,TRUE,FALSE,"random_tau"
"3871",39,71,10000,TRUE,FALSE,"random_tau"
"3872",39,72,10000,TRUE,FALSE,"random_tau"
"3873",39,73,10000,TRUE,FALSE,"random_tau"
"3874",39,74,10000,TRUE,FALSE,"random_tau"
"3875",39,75,10000,TRUE,FALSE,"random_tau"
"3876",39,76,10000,TRUE,FALSE,"random_tau"
"3877",39,77,10000,TRUE,FALSE,"random_tau"
"3878",39,78,10000,TRUE,FALSE,"random_tau"
"3879",39,79,10000,TRUE,FALSE,"random_tau"
"3880",39,80,10000,TRUE,FALSE,"random_tau"
"3881",39,81,10000,TRUE,FALSE,"random_tau"
"3882",39,82,10000,TRUE,FALSE,"random_tau"
"3883",39,83,10000,TRUE,FALSE,"random_tau"
"3884",39,84,10000,TRUE,FALSE,"random_tau"
"3885",39,85,10000,TRUE,FALSE,"random_tau"
"3886",39,86,10000,TRUE,FALSE,"random_tau"
"3887",39,87,10000,TRUE,FALSE,"random_tau"
"3888",39,88,10000,TRUE,FALSE,"random_tau"
"3889",39,89,10000,TRUE,FALSE,"random_tau"
"3890",39,90,10000,TRUE,FALSE,"random_tau"
"3891",39,91,10000,TRUE,FALSE,"random_tau"
"3892",39,92,10000,TRUE,FALSE,"random_tau"
"3893",39,93,10000,TRUE,FALSE,"random_tau"
"3894",39,94,10000,TRUE,FALSE,"random_tau"
"3895",39,95,10000,TRUE,FALSE,"random_tau"
"3896",39,96,10000,TRUE,FALSE,"random_tau"
"3897",39,97,10000,TRUE,FALSE,"random_tau"
"3898",39,98,10000,TRUE,FALSE,"random_tau"
"3899",39,99,10000,TRUE,FALSE,"random_tau"
"3900",39,100,10000,TRUE,FALSE,"random_tau"
"3901",40,1,620,TRUE,FALSE,"random_tau"
"3902",40,2,1133,TRUE,FALSE,"random_tau"
"3903",40,3,1604,TRUE,FALSE,"random_tau"
"3904",40,4,2122,TRUE,FALSE,"random_tau"
"3905",40,5,2769,TRUE,FALSE,"random_tau"
"3906",40,6,3572,TRUE,FALSE,"random_tau"
"3907",40,7,4577,TRUE,FALSE,"random_tau"
"3908",40,8,5803,TRUE,FALSE,"random_tau"
"3909",40,9,7202,TRUE,FALSE,"random_tau"
"3910",40,10,8529,TRUE,FALSE,"random_tau"
"3911",40,11,9455,TRUE,FALSE,"random_tau"
"3912",40,12,9898,TRUE,FALSE,"random_tau"
"3913",40,13,9994,TRUE,FALSE,"random_tau"
"3914",40,14,10000,TRUE,FALSE,"random_tau"
"3915",40,15,10000,TRUE,FALSE,"random_tau"
"3916",40,16,10000,TRUE,FALSE,"random_tau"
"3917",40,17,10000,TRUE,FALSE,"random_tau"
"3918",40,18,10000,TRUE,FALSE,"random_tau"
"3919",40,19,10000,TRUE,FALSE,"random_tau"
"3920",40,20,10000,TRUE,FALSE,"random_tau"
"3921",40,21,10000,TRUE,FALSE,"random_tau"
"3922",40,22,10000,TRUE,FALSE,"random_tau"
"3923",40,23,10000,TRUE,FALSE,"random_tau"
"3924",40,24,10000,TRUE,FALSE,"random_tau"
"3925",40,25,10000,TRUE,FALSE,"random_tau"
"3926",40,26,10000,TRUE,FALSE,"random_tau"
"3927",40,27,10000,TRUE,FALSE,"random_tau"
"3928",40,28,10000,TRUE,FALSE,"random_tau"
"3929",40,29,10000,TRUE,FALSE,"random_tau"
"3930",40,30,10000,TRUE,FALSE,"random_tau"
"3931",40,31,10000,TRUE,FALSE,"random_tau"
"3932",40,32,10000,TRUE,FALSE,"random_tau"
"3933",40,33,10000,TRUE,FALSE,"random_tau"
"3934",40,34,10000,TRUE,FALSE,"random_tau"
"3935",40,35,10000,TRUE,FALSE,"random_tau"
"3936",40,36,10000,TRUE,FALSE,"random_tau"
"3937",40,37,10000,TRUE,FALSE,"random_tau"
"3938",40,38,10000,TRUE,FALSE,"random_tau"
"3939",40,39,10000,TRUE,FALSE,"random_tau"
"3940",40,40,10000,TRUE,FALSE,"random_tau"
"3941",40,41,10000,TRUE,FALSE,"random_tau"
"3942",40,42,10000,TRUE,FALSE,"random_tau"
"3943",40,43,10000,TRUE,FALSE,"random_tau"
"3944",40,44,10000,TRUE,FALSE,"random_tau"
"3945",40,45,10000,TRUE,FALSE,"random_tau"
"3946",40,46,10000,TRUE,FALSE,"random_tau"
"3947",40,47,10000,TRUE,FALSE,"random_tau"
"3948",40,48,10000,TRUE,FALSE,"random_tau"
"3949",40,49,10000,TRUE,FALSE,"random_tau"
"3950",40,50,10000,TRUE,FALSE,"random_tau"
"3951",40,51,10000,TRUE,FALSE,"random_tau"
"3952",40,52,10000,TRUE,FALSE,"random_tau"
"3953",40,53,10000,TRUE,FALSE,"random_tau"
"3954",40,54,10000,TRUE,FALSE,"random_tau"
"3955",40,55,10000,TRUE,FALSE,"random_tau"
"3956",40,56,10000,TRUE,FALSE,"random_tau"
"3957",40,57,10000,TRUE,FALSE,"random_tau"
"3958",40,58,10000,TRUE,FALSE,"random_tau"
"3959",40,59,10000,TRUE,FALSE,"random_tau"
"3960",40,60,10000,TRUE,FALSE,"random_tau"
"3961",40,61,10000,TRUE,FALSE,"random_tau"
"3962",40,62,10000,TRUE,FALSE,"random_tau"
"3963",40,63,10000,TRUE,FALSE,"random_tau"
"3964",40,64,10000,TRUE,FALSE,"random_tau"
"3965",40,65,10000,TRUE,FALSE,"random_tau"
"3966",40,66,10000,TRUE,FALSE,"random_tau"
"3967",40,67,10000,TRUE,FALSE,"random_tau"
"3968",40,68,10000,TRUE,FALSE,"random_tau"
"3969",40,69,10000,TRUE,FALSE,"random_tau"
"3970",40,70,10000,TRUE,FALSE,"random_tau"
"3971",40,71,10000,TRUE,FALSE,"random_tau"
"3972",40,72,10000,TRUE,FALSE,"random_tau"
"3973",40,73,10000,TRUE,FALSE,"random_tau"
"3974",40,74,10000,TRUE,FALSE,"random_tau"
"3975",40,75,10000,TRUE,FALSE,"random_tau"
"3976",40,76,10000,TRUE,FALSE,"random_tau"
"3977",40,77,10000,TRUE,FALSE,"random_tau"
"3978",40,78,10000,TRUE,FALSE,"random_tau"
"3979",40,79,10000,TRUE,FALSE,"random_tau"
"3980",40,80,10000,TRUE,FALSE,"random_tau"
"3981",40,81,10000,TRUE,FALSE,"random_tau"
"3982",40,82,10000,TRUE,FALSE,"random_tau"
"3983",40,83,10000,TRUE,FALSE,"random_tau"
"3984",40,84,10000,TRUE,FALSE,"random_tau"
"3985",40,85,10000,TRUE,FALSE,"random_tau"
"3986",40,86,10000,TRUE,FALSE,"random_tau"
"3987",40,87,10000,TRUE,FALSE,"random_tau"
"3988",40,88,10000,TRUE,FALSE,"random_tau"
"3989",40,89,10000,TRUE,FALSE,"random_tau"
"3990",40,90,10000,TRUE,FALSE,"random_tau"
"3991",40,91,10000,TRUE,FALSE,"random_tau"
"3992",40,92,10000,TRUE,FALSE,"random_tau"
"3993",40,93,10000,TRUE,FALSE,"random_tau"
"3994",40,94,10000,TRUE,FALSE,"random_tau"
"3995",40,95,10000,TRUE,FALSE,"random_tau"
"3996",40,96,10000,TRUE,FALSE,"random_tau"
"3997",40,97,10000,TRUE,FALSE,"random_tau"
"3998",40,98,10000,TRUE,FALSE,"random_tau"
"3999",40,99,10000,TRUE,FALSE,"random_tau"
"4000",40,100,10000,TRUE,FALSE,"random_tau"
"4001",41,1,600,TRUE,FALSE,"random_tau"
"4002",41,2,1116,TRUE,FALSE,"random_tau"
"4003",41,3,1553,TRUE,FALSE,"random_tau"
"4004",41,4,2021,TRUE,FALSE,"random_tau"
"4005",41,5,2537,TRUE,FALSE,"random_tau"
"4006",41,6,3143,TRUE,FALSE,"random_tau"
"4007",41,7,3895,TRUE,FALSE,"random_tau"
"4008",41,8,4822,TRUE,FALSE,"random_tau"
"4009",41,9,5989,TRUE,FALSE,"random_tau"
"4010",41,10,7291,TRUE,FALSE,"random_tau"
"4011",41,11,8553,TRUE,FALSE,"random_tau"
"4012",41,12,9470,TRUE,FALSE,"random_tau"
"4013",41,13,9897,TRUE,FALSE,"random_tau"
"4014",41,14,9996,TRUE,FALSE,"random_tau"
"4015",41,15,10000,TRUE,FALSE,"random_tau"
"4016",41,16,10000,TRUE,FALSE,"random_tau"
"4017",41,17,10000,TRUE,FALSE,"random_tau"
"4018",41,18,10000,TRUE,FALSE,"random_tau"
"4019",41,19,10000,TRUE,FALSE,"random_tau"
"4020",41,20,10000,TRUE,FALSE,"random_tau"
"4021",41,21,10000,TRUE,FALSE,"random_tau"
"4022",41,22,10000,TRUE,FALSE,"random_tau"
"4023",41,23,10000,TRUE,FALSE,"random_tau"
"4024",41,24,10000,TRUE,FALSE,"random_tau"
"4025",41,25,10000,TRUE,FALSE,"random_tau"
"4026",41,26,10000,TRUE,FALSE,"random_tau"
"4027",41,27,10000,TRUE,FALSE,"random_tau"
"4028",41,28,10000,TRUE,FALSE,"random_tau"
"4029",41,29,10000,TRUE,FALSE,"random_tau"
"4030",41,30,10000,TRUE,FALSE,"random_tau"
"4031",41,31,10000,TRUE,FALSE,"random_tau"
"4032",41,32,10000,TRUE,FALSE,"random_tau"
"4033",41,33,10000,TRUE,FALSE,"random_tau"
"4034",41,34,10000,TRUE,FALSE,"random_tau"
"4035",41,35,10000,TRUE,FALSE,"random_tau"
"4036",41,36,10000,TRUE,FALSE,"random_tau"
"4037",41,37,10000,TRUE,FALSE,"random_tau"
"4038",41,38,10000,TRUE,FALSE,"random_tau"
"4039",41,39,10000,TRUE,FALSE,"random_tau"
"4040",41,40,10000,TRUE,FALSE,"random_tau"
"4041",41,41,10000,TRUE,FALSE,"random_tau"
"4042",41,42,10000,TRUE,FALSE,"random_tau"
"4043",41,43,10000,TRUE,FALSE,"random_tau"
"4044",41,44,10000,TRUE,FALSE,"random_tau"
"4045",41,45,10000,TRUE,FALSE,"random_tau"
"4046",41,46,10000,TRUE,FALSE,"random_tau"
"4047",41,47,10000,TRUE,FALSE,"random_tau"
"4048",41,48,10000,TRUE,FALSE,"random_tau"
"4049",41,49,10000,TRUE,FALSE,"random_tau"
"4050",41,50,10000,TRUE,FALSE,"random_tau"
"4051",41,51,10000,TRUE,FALSE,"random_tau"
"4052",41,52,10000,TRUE,FALSE,"random_tau"
"4053",41,53,10000,TRUE,FALSE,"random_tau"
"4054",41,54,10000,TRUE,FALSE,"random_tau"
"4055",41,55,10000,TRUE,FALSE,"random_tau"
"4056",41,56,10000,TRUE,FALSE,"random_tau"
"4057",41,57,10000,TRUE,FALSE,"random_tau"
"4058",41,58,10000,TRUE,FALSE,"random_tau"
"4059",41,59,10000,TRUE,FALSE,"random_tau"
"4060",41,60,10000,TRUE,FALSE,"random_tau"
"4061",41,61,10000,TRUE,FALSE,"random_tau"
"4062",41,62,10000,TRUE,FALSE,"random_tau"
"4063",41,63,10000,TRUE,FALSE,"random_tau"
"4064",41,64,10000,TRUE,FALSE,"random_tau"
"4065",41,65,10000,TRUE,FALSE,"random_tau"
"4066",41,66,10000,TRUE,FALSE,"random_tau"
"4067",41,67,10000,TRUE,FALSE,"random_tau"
"4068",41,68,10000,TRUE,FALSE,"random_tau"
"4069",41,69,10000,TRUE,FALSE,"random_tau"
"4070",41,70,10000,TRUE,FALSE,"random_tau"
"4071",41,71,10000,TRUE,FALSE,"random_tau"
"4072",41,72,10000,TRUE,FALSE,"random_tau"
"4073",41,73,10000,TRUE,FALSE,"random_tau"
"4074",41,74,10000,TRUE,FALSE,"random_tau"
"4075",41,75,10000,TRUE,FALSE,"random_tau"
"4076",41,76,10000,TRUE,FALSE,"random_tau"
"4077",41,77,10000,TRUE,FALSE,"random_tau"
"4078",41,78,10000,TRUE,FALSE,"random_tau"
"4079",41,79,10000,TRUE,FALSE,"random_tau"
"4080",41,80,10000,TRUE,FALSE,"random_tau"
"4081",41,81,10000,TRUE,FALSE,"random_tau"
"4082",41,82,10000,TRUE,FALSE,"random_tau"
"4083",41,83,10000,TRUE,FALSE,"random_tau"
"4084",41,84,10000,TRUE,FALSE,"random_tau"
"4085",41,85,10000,TRUE,FALSE,"random_tau"
"4086",41,86,10000,TRUE,FALSE,"random_tau"
"4087",41,87,10000,TRUE,FALSE,"random_tau"
"4088",41,88,10000,TRUE,FALSE,"random_tau"
"4089",41,89,10000,TRUE,FALSE,"random_tau"
"4090",41,90,10000,TRUE,FALSE,"random_tau"
"4091",41,91,10000,TRUE,FALSE,"random_tau"
"4092",41,92,10000,TRUE,FALSE,"random_tau"
"4093",41,93,10000,TRUE,FALSE,"random_tau"
"4094",41,94,10000,TRUE,FALSE,"random_tau"
"4095",41,95,10000,TRUE,FALSE,"random_tau"
"4096",41,96,10000,TRUE,FALSE,"random_tau"
"4097",41,97,10000,TRUE,FALSE,"random_tau"
"4098",41,98,10000,TRUE,FALSE,"random_tau"
"4099",41,99,10000,TRUE,FALSE,"random_tau"
"4100",41,100,10000,TRUE,FALSE,"random_tau"
"4101",42,1,633,TRUE,FALSE,"random_tau"
"4102",42,2,1130,TRUE,FALSE,"random_tau"
"4103",42,3,1560,TRUE,FALSE,"random_tau"
"4104",42,4,1981,TRUE,FALSE,"random_tau"
"4105",42,5,2476,TRUE,FALSE,"random_tau"
"4106",42,6,3067,TRUE,FALSE,"random_tau"
"4107",42,7,3850,TRUE,FALSE,"random_tau"
"4108",42,8,4808,TRUE,FALSE,"random_tau"
"4109",42,9,5933,TRUE,FALSE,"random_tau"
"4110",42,10,7207,TRUE,FALSE,"random_tau"
"4111",42,11,8459,TRUE,FALSE,"random_tau"
"4112",42,12,9390,TRUE,FALSE,"random_tau"
"4113",42,13,9819,TRUE,FALSE,"random_tau"
"4114",42,14,9954,TRUE,FALSE,"random_tau"
"4115",42,15,9985,TRUE,FALSE,"random_tau"
"4116",42,16,9996,TRUE,FALSE,"random_tau"
"4117",42,17,10000,TRUE,FALSE,"random_tau"
"4118",42,18,10000,TRUE,FALSE,"random_tau"
"4119",42,19,10000,TRUE,FALSE,"random_tau"
"4120",42,20,10000,TRUE,FALSE,"random_tau"
"4121",42,21,10000,TRUE,FALSE,"random_tau"
"4122",42,22,10000,TRUE,FALSE,"random_tau"
"4123",42,23,10000,TRUE,FALSE,"random_tau"
"4124",42,24,10000,TRUE,FALSE,"random_tau"
"4125",42,25,10000,TRUE,FALSE,"random_tau"
"4126",42,26,10000,TRUE,FALSE,"random_tau"
"4127",42,27,10000,TRUE,FALSE,"random_tau"
"4128",42,28,10000,TRUE,FALSE,"random_tau"
"4129",42,29,10000,TRUE,FALSE,"random_tau"
"4130",42,30,10000,TRUE,FALSE,"random_tau"
"4131",42,31,10000,TRUE,FALSE,"random_tau"
"4132",42,32,10000,TRUE,FALSE,"random_tau"
"4133",42,33,10000,TRUE,FALSE,"random_tau"
"4134",42,34,10000,TRUE,FALSE,"random_tau"
"4135",42,35,10000,TRUE,FALSE,"random_tau"
"4136",42,36,10000,TRUE,FALSE,"random_tau"
"4137",42,37,10000,TRUE,FALSE,"random_tau"
"4138",42,38,10000,TRUE,FALSE,"random_tau"
"4139",42,39,10000,TRUE,FALSE,"random_tau"
"4140",42,40,10000,TRUE,FALSE,"random_tau"
"4141",42,41,10000,TRUE,FALSE,"random_tau"
"4142",42,42,10000,TRUE,FALSE,"random_tau"
"4143",42,43,10000,TRUE,FALSE,"random_tau"
"4144",42,44,10000,TRUE,FALSE,"random_tau"
"4145",42,45,10000,TRUE,FALSE,"random_tau"
"4146",42,46,10000,TRUE,FALSE,"random_tau"
"4147",42,47,10000,TRUE,FALSE,"random_tau"
"4148",42,48,10000,TRUE,FALSE,"random_tau"
"4149",42,49,10000,TRUE,FALSE,"random_tau"
"4150",42,50,10000,TRUE,FALSE,"random_tau"
"4151",42,51,10000,TRUE,FALSE,"random_tau"
"4152",42,52,10000,TRUE,FALSE,"random_tau"
"4153",42,53,10000,TRUE,FALSE,"random_tau"
"4154",42,54,10000,TRUE,FALSE,"random_tau"
"4155",42,55,10000,TRUE,FALSE,"random_tau"
"4156",42,56,10000,TRUE,FALSE,"random_tau"
"4157",42,57,10000,TRUE,FALSE,"random_tau"
"4158",42,58,10000,TRUE,FALSE,"random_tau"
"4159",42,59,10000,TRUE,FALSE,"random_tau"
"4160",42,60,10000,TRUE,FALSE,"random_tau"
"4161",42,61,10000,TRUE,FALSE,"random_tau"
"4162",42,62,10000,TRUE,FALSE,"random_tau"
"4163",42,63,10000,TRUE,FALSE,"random_tau"
"4164",42,64,10000,TRUE,FALSE,"random_tau"
"4165",42,65,10000,TRUE,FALSE,"random_tau"
"4166",42,66,10000,TRUE,FALSE,"random_tau"
"4167",42,67,10000,TRUE,FALSE,"random_tau"
"4168",42,68,10000,TRUE,FALSE,"random_tau"
"4169",42,69,10000,TRUE,FALSE,"random_tau"
"4170",42,70,10000,TRUE,FALSE,"random_tau"
"4171",42,71,10000,TRUE,FALSE,"random_tau"
"4172",42,72,10000,TRUE,FALSE,"random_tau"
"4173",42,73,10000,TRUE,FALSE,"random_tau"
"4174",42,74,10000,TRUE,FALSE,"random_tau"
"4175",42,75,10000,TRUE,FALSE,"random_tau"
"4176",42,76,10000,TRUE,FALSE,"random_tau"
"4177",42,77,10000,TRUE,FALSE,"random_tau"
"4178",42,78,10000,TRUE,FALSE,"random_tau"
"4179",42,79,10000,TRUE,FALSE,"random_tau"
"4180",42,80,10000,TRUE,FALSE,"random_tau"
"4181",42,81,10000,TRUE,FALSE,"random_tau"
"4182",42,82,10000,TRUE,FALSE,"random_tau"
"4183",42,83,10000,TRUE,FALSE,"random_tau"
"4184",42,84,10000,TRUE,FALSE,"random_tau"
"4185",42,85,10000,TRUE,FALSE,"random_tau"
"4186",42,86,10000,TRUE,FALSE,"random_tau"
"4187",42,87,10000,TRUE,FALSE,"random_tau"
"4188",42,88,10000,TRUE,FALSE,"random_tau"
"4189",42,89,10000,TRUE,FALSE,"random_tau"
"4190",42,90,10000,TRUE,FALSE,"random_tau"
"4191",42,91,10000,TRUE,FALSE,"random_tau"
"4192",42,92,10000,TRUE,FALSE,"random_tau"
"4193",42,93,10000,TRUE,FALSE,"random_tau"
"4194",42,94,10000,TRUE,FALSE,"random_tau"
"4195",42,95,10000,TRUE,FALSE,"random_tau"
"4196",42,96,10000,TRUE,FALSE,"random_tau"
"4197",42,97,10000,TRUE,FALSE,"random_tau"
"4198",42,98,10000,TRUE,FALSE,"random_tau"
"4199",42,99,10000,TRUE,FALSE,"random_tau"
"4200",42,100,10000,TRUE,FALSE,"random_tau"
"4201",43,1,630,TRUE,FALSE,"random_tau"
"4202",43,2,1146,TRUE,FALSE,"random_tau"
"4203",43,3,1609,TRUE,FALSE,"random_tau"
"4204",43,4,2094,TRUE,FALSE,"random_tau"
"4205",43,5,2662,TRUE,FALSE,"random_tau"
"4206",43,6,3319,TRUE,FALSE,"random_tau"
"4207",43,7,4110,TRUE,FALSE,"random_tau"
"4208",43,8,5104,TRUE,FALSE,"random_tau"
"4209",43,9,6247,TRUE,FALSE,"random_tau"
"4210",43,10,7533,TRUE,FALSE,"random_tau"
"4211",43,11,8745,TRUE,FALSE,"random_tau"
"4212",43,12,9553,TRUE,FALSE,"random_tau"
"4213",43,13,9894,TRUE,FALSE,"random_tau"
"4214",43,14,9979,TRUE,FALSE,"random_tau"
"4215",43,15,9999,TRUE,FALSE,"random_tau"
"4216",43,16,9999,TRUE,FALSE,"random_tau"
"4217",43,17,9999,TRUE,FALSE,"random_tau"
"4218",43,18,9999,TRUE,FALSE,"random_tau"
"4219",43,19,9999,TRUE,FALSE,"random_tau"
"4220",43,20,9999,TRUE,FALSE,"random_tau"
"4221",43,21,9999,TRUE,FALSE,"random_tau"
"4222",43,22,9999,TRUE,FALSE,"random_tau"
"4223",43,23,9999,TRUE,FALSE,"random_tau"
"4224",43,24,9999,TRUE,FALSE,"random_tau"
"4225",43,25,9999,TRUE,FALSE,"random_tau"
"4226",43,26,9999,TRUE,FALSE,"random_tau"
"4227",43,27,9999,TRUE,FALSE,"random_tau"
"4228",43,28,9999,TRUE,FALSE,"random_tau"
"4229",43,29,9999,TRUE,FALSE,"random_tau"
"4230",43,30,9999,TRUE,FALSE,"random_tau"
"4231",43,31,9999,TRUE,FALSE,"random_tau"
"4232",43,32,9999,TRUE,FALSE,"random_tau"
"4233",43,33,9999,TRUE,FALSE,"random_tau"
"4234",43,34,9999,TRUE,FALSE,"random_tau"
"4235",43,35,9999,TRUE,FALSE,"random_tau"
"4236",43,36,9999,TRUE,FALSE,"random_tau"
"4237",43,37,9999,TRUE,FALSE,"random_tau"
"4238",43,38,9999,TRUE,FALSE,"random_tau"
"4239",43,39,9999,TRUE,FALSE,"random_tau"
"4240",43,40,9999,TRUE,FALSE,"random_tau"
"4241",43,41,9999,TRUE,FALSE,"random_tau"
"4242",43,42,9999,TRUE,FALSE,"random_tau"
"4243",43,43,9999,TRUE,FALSE,"random_tau"
"4244",43,44,9999,TRUE,FALSE,"random_tau"
"4245",43,45,9999,TRUE,FALSE,"random_tau"
"4246",43,46,9999,TRUE,FALSE,"random_tau"
"4247",43,47,9999,TRUE,FALSE,"random_tau"
"4248",43,48,9999,TRUE,FALSE,"random_tau"
"4249",43,49,9999,TRUE,FALSE,"random_tau"
"4250",43,50,9999,TRUE,FALSE,"random_tau"
"4251",43,51,9999,TRUE,FALSE,"random_tau"
"4252",43,52,9999,TRUE,FALSE,"random_tau"
"4253",43,53,9999,TRUE,FALSE,"random_tau"
"4254",43,54,9999,TRUE,FALSE,"random_tau"
"4255",43,55,9999,TRUE,FALSE,"random_tau"
"4256",43,56,9999,TRUE,FALSE,"random_tau"
"4257",43,57,9999,TRUE,FALSE,"random_tau"
"4258",43,58,9999,TRUE,FALSE,"random_tau"
"4259",43,59,9999,TRUE,FALSE,"random_tau"
"4260",43,60,9999,TRUE,FALSE,"random_tau"
"4261",43,61,9999,TRUE,FALSE,"random_tau"
"4262",43,62,9999,TRUE,FALSE,"random_tau"
"4263",43,63,9999,TRUE,FALSE,"random_tau"
"4264",43,64,9999,TRUE,FALSE,"random_tau"
"4265",43,65,9999,TRUE,FALSE,"random_tau"
"4266",43,66,9999,TRUE,FALSE,"random_tau"
"4267",43,67,9999,TRUE,FALSE,"random_tau"
"4268",43,68,9999,TRUE,FALSE,"random_tau"
"4269",43,69,9999,TRUE,FALSE,"random_tau"
"4270",43,70,9999,TRUE,FALSE,"random_tau"
"4271",43,71,9999,TRUE,FALSE,"random_tau"
"4272",43,72,9999,TRUE,FALSE,"random_tau"
"4273",43,73,9999,TRUE,FALSE,"random_tau"
"4274",43,74,9999,TRUE,FALSE,"random_tau"
"4275",43,75,9999,TRUE,FALSE,"random_tau"
"4276",43,76,9999,TRUE,FALSE,"random_tau"
"4277",43,77,9999,TRUE,FALSE,"random_tau"
"4278",43,78,9999,TRUE,FALSE,"random_tau"
"4279",43,79,9999,TRUE,FALSE,"random_tau"
"4280",43,80,9999,TRUE,FALSE,"random_tau"
"4281",43,81,9999,TRUE,FALSE,"random_tau"
"4282",43,82,9999,TRUE,FALSE,"random_tau"
"4283",43,83,9999,TRUE,FALSE,"random_tau"
"4284",43,84,9999,TRUE,FALSE,"random_tau"
"4285",43,85,9999,TRUE,FALSE,"random_tau"
"4286",43,86,9999,TRUE,FALSE,"random_tau"
"4287",43,87,9999,TRUE,FALSE,"random_tau"
"4288",43,88,9999,TRUE,FALSE,"random_tau"
"4289",43,89,9999,TRUE,FALSE,"random_tau"
"4290",43,90,9999,TRUE,FALSE,"random_tau"
"4291",43,91,9999,TRUE,FALSE,"random_tau"
"4292",43,92,9999,TRUE,FALSE,"random_tau"
"4293",43,93,9999,TRUE,FALSE,"random_tau"
"4294",43,94,9999,TRUE,FALSE,"random_tau"
"4295",43,95,9999,TRUE,FALSE,"random_tau"
"4296",43,96,9999,TRUE,FALSE,"random_tau"
"4297",43,97,9999,TRUE,FALSE,"random_tau"
"4298",43,98,9999,TRUE,FALSE,"random_tau"
"4299",43,99,9999,TRUE,FALSE,"random_tau"
"4300",43,100,9999,TRUE,FALSE,"random_tau"
"4301",44,1,614,TRUE,FALSE,"random_tau"
"4302",44,2,1114,TRUE,FALSE,"random_tau"
"4303",44,3,1582,TRUE,FALSE,"random_tau"
"4304",44,4,2067,TRUE,FALSE,"random_tau"
"4305",44,5,2611,TRUE,FALSE,"random_tau"
"4306",44,6,3248,TRUE,FALSE,"random_tau"
"4307",44,7,4029,TRUE,FALSE,"random_tau"
"4308",44,8,5000,TRUE,FALSE,"random_tau"
"4309",44,9,6169,TRUE,FALSE,"random_tau"
"4310",44,10,7401,TRUE,FALSE,"random_tau"
"4311",44,11,8611,TRUE,FALSE,"random_tau"
"4312",44,12,9436,TRUE,FALSE,"random_tau"
"4313",44,13,9805,TRUE,FALSE,"random_tau"
"4314",44,14,9961,TRUE,FALSE,"random_tau"
"4315",44,15,9996,TRUE,FALSE,"random_tau"
"4316",44,16,10000,TRUE,FALSE,"random_tau"
"4317",44,17,10000,TRUE,FALSE,"random_tau"
"4318",44,18,10000,TRUE,FALSE,"random_tau"
"4319",44,19,10000,TRUE,FALSE,"random_tau"
"4320",44,20,10000,TRUE,FALSE,"random_tau"
"4321",44,21,10000,TRUE,FALSE,"random_tau"
"4322",44,22,10000,TRUE,FALSE,"random_tau"
"4323",44,23,10000,TRUE,FALSE,"random_tau"
"4324",44,24,10000,TRUE,FALSE,"random_tau"
"4325",44,25,10000,TRUE,FALSE,"random_tau"
"4326",44,26,10000,TRUE,FALSE,"random_tau"
"4327",44,27,10000,TRUE,FALSE,"random_tau"
"4328",44,28,10000,TRUE,FALSE,"random_tau"
"4329",44,29,10000,TRUE,FALSE,"random_tau"
"4330",44,30,10000,TRUE,FALSE,"random_tau"
"4331",44,31,10000,TRUE,FALSE,"random_tau"
"4332",44,32,10000,TRUE,FALSE,"random_tau"
"4333",44,33,10000,TRUE,FALSE,"random_tau"
"4334",44,34,10000,TRUE,FALSE,"random_tau"
"4335",44,35,10000,TRUE,FALSE,"random_tau"
"4336",44,36,10000,TRUE,FALSE,"random_tau"
"4337",44,37,10000,TRUE,FALSE,"random_tau"
"4338",44,38,10000,TRUE,FALSE,"random_tau"
"4339",44,39,10000,TRUE,FALSE,"random_tau"
"4340",44,40,10000,TRUE,FALSE,"random_tau"
"4341",44,41,10000,TRUE,FALSE,"random_tau"
"4342",44,42,10000,TRUE,FALSE,"random_tau"
"4343",44,43,10000,TRUE,FALSE,"random_tau"
"4344",44,44,10000,TRUE,FALSE,"random_tau"
"4345",44,45,10000,TRUE,FALSE,"random_tau"
"4346",44,46,10000,TRUE,FALSE,"random_tau"
"4347",44,47,10000,TRUE,FALSE,"random_tau"
"4348",44,48,10000,TRUE,FALSE,"random_tau"
"4349",44,49,10000,TRUE,FALSE,"random_tau"
"4350",44,50,10000,TRUE,FALSE,"random_tau"
"4351",44,51,10000,TRUE,FALSE,"random_tau"
"4352",44,52,10000,TRUE,FALSE,"random_tau"
"4353",44,53,10000,TRUE,FALSE,"random_tau"
"4354",44,54,10000,TRUE,FALSE,"random_tau"
"4355",44,55,10000,TRUE,FALSE,"random_tau"
"4356",44,56,10000,TRUE,FALSE,"random_tau"
"4357",44,57,10000,TRUE,FALSE,"random_tau"
"4358",44,58,10000,TRUE,FALSE,"random_tau"
"4359",44,59,10000,TRUE,FALSE,"random_tau"
"4360",44,60,10000,TRUE,FALSE,"random_tau"
"4361",44,61,10000,TRUE,FALSE,"random_tau"
"4362",44,62,10000,TRUE,FALSE,"random_tau"
"4363",44,63,10000,TRUE,FALSE,"random_tau"
"4364",44,64,10000,TRUE,FALSE,"random_tau"
"4365",44,65,10000,TRUE,FALSE,"random_tau"
"4366",44,66,10000,TRUE,FALSE,"random_tau"
"4367",44,67,10000,TRUE,FALSE,"random_tau"
"4368",44,68,10000,TRUE,FALSE,"random_tau"
"4369",44,69,10000,TRUE,FALSE,"random_tau"
"4370",44,70,10000,TRUE,FALSE,"random_tau"
"4371",44,71,10000,TRUE,FALSE,"random_tau"
"4372",44,72,10000,TRUE,FALSE,"random_tau"
"4373",44,73,10000,TRUE,FALSE,"random_tau"
"4374",44,74,10000,TRUE,FALSE,"random_tau"
"4375",44,75,10000,TRUE,FALSE,"random_tau"
"4376",44,76,10000,TRUE,FALSE,"random_tau"
"4377",44,77,10000,TRUE,FALSE,"random_tau"
"4378",44,78,10000,TRUE,FALSE,"random_tau"
"4379",44,79,10000,TRUE,FALSE,"random_tau"
"4380",44,80,10000,TRUE,FALSE,"random_tau"
"4381",44,81,10000,TRUE,FALSE,"random_tau"
"4382",44,82,10000,TRUE,FALSE,"random_tau"
"4383",44,83,10000,TRUE,FALSE,"random_tau"
"4384",44,84,10000,TRUE,FALSE,"random_tau"
"4385",44,85,10000,TRUE,FALSE,"random_tau"
"4386",44,86,10000,TRUE,FALSE,"random_tau"
"4387",44,87,10000,TRUE,FALSE,"random_tau"
"4388",44,88,10000,TRUE,FALSE,"random_tau"
"4389",44,89,10000,TRUE,FALSE,"random_tau"
"4390",44,90,10000,TRUE,FALSE,"random_tau"
"4391",44,91,10000,TRUE,FALSE,"random_tau"
"4392",44,92,10000,TRUE,FALSE,"random_tau"
"4393",44,93,10000,TRUE,FALSE,"random_tau"
"4394",44,94,10000,TRUE,FALSE,"random_tau"
"4395",44,95,10000,TRUE,FALSE,"random_tau"
"4396",44,96,10000,TRUE,FALSE,"random_tau"
"4397",44,97,10000,TRUE,FALSE,"random_tau"
"4398",44,98,10000,TRUE,FALSE,"random_tau"
"4399",44,99,10000,TRUE,FALSE,"random_tau"
"4400",44,100,10000,TRUE,FALSE,"random_tau"
"4401",45,1,609,TRUE,FALSE,"random_tau"
"4402",45,2,1095,TRUE,FALSE,"random_tau"
"4403",45,3,1547,TRUE,FALSE,"random_tau"
"4404",45,4,2000,TRUE,FALSE,"random_tau"
"4405",45,5,2502,TRUE,FALSE,"random_tau"
"4406",45,6,3112,TRUE,FALSE,"random_tau"
"4407",45,7,3879,TRUE,FALSE,"random_tau"
"4408",45,8,4806,TRUE,FALSE,"random_tau"
"4409",45,9,5928,TRUE,FALSE,"random_tau"
"4410",45,10,7212,TRUE,FALSE,"random_tau"
"4411",45,11,8451,TRUE,FALSE,"random_tau"
"4412",45,12,9321,TRUE,FALSE,"random_tau"
"4413",45,13,9791,TRUE,FALSE,"random_tau"
"4414",45,14,9958,TRUE,FALSE,"random_tau"
"4415",45,15,9996,TRUE,FALSE,"random_tau"
"4416",45,16,10000,TRUE,FALSE,"random_tau"
"4417",45,17,10000,TRUE,FALSE,"random_tau"
"4418",45,18,10000,TRUE,FALSE,"random_tau"
"4419",45,19,10000,TRUE,FALSE,"random_tau"
"4420",45,20,10000,TRUE,FALSE,"random_tau"
"4421",45,21,10000,TRUE,FALSE,"random_tau"
"4422",45,22,10000,TRUE,FALSE,"random_tau"
"4423",45,23,10000,TRUE,FALSE,"random_tau"
"4424",45,24,10000,TRUE,FALSE,"random_tau"
"4425",45,25,10000,TRUE,FALSE,"random_tau"
"4426",45,26,10000,TRUE,FALSE,"random_tau"
"4427",45,27,10000,TRUE,FALSE,"random_tau"
"4428",45,28,10000,TRUE,FALSE,"random_tau"
"4429",45,29,10000,TRUE,FALSE,"random_tau"
"4430",45,30,10000,TRUE,FALSE,"random_tau"
"4431",45,31,10000,TRUE,FALSE,"random_tau"
"4432",45,32,10000,TRUE,FALSE,"random_tau"
"4433",45,33,10000,TRUE,FALSE,"random_tau"
"4434",45,34,10000,TRUE,FALSE,"random_tau"
"4435",45,35,10000,TRUE,FALSE,"random_tau"
"4436",45,36,10000,TRUE,FALSE,"random_tau"
"4437",45,37,10000,TRUE,FALSE,"random_tau"
"4438",45,38,10000,TRUE,FALSE,"random_tau"
"4439",45,39,10000,TRUE,FALSE,"random_tau"
"4440",45,40,10000,TRUE,FALSE,"random_tau"
"4441",45,41,10000,TRUE,FALSE,"random_tau"
"4442",45,42,10000,TRUE,FALSE,"random_tau"
"4443",45,43,10000,TRUE,FALSE,"random_tau"
"4444",45,44,10000,TRUE,FALSE,"random_tau"
"4445",45,45,10000,TRUE,FALSE,"random_tau"
"4446",45,46,10000,TRUE,FALSE,"random_tau"
"4447",45,47,10000,TRUE,FALSE,"random_tau"
"4448",45,48,10000,TRUE,FALSE,"random_tau"
"4449",45,49,10000,TRUE,FALSE,"random_tau"
"4450",45,50,10000,TRUE,FALSE,"random_tau"
"4451",45,51,10000,TRUE,FALSE,"random_tau"
"4452",45,52,10000,TRUE,FALSE,"random_tau"
"4453",45,53,10000,TRUE,FALSE,"random_tau"
"4454",45,54,10000,TRUE,FALSE,"random_tau"
"4455",45,55,10000,TRUE,FALSE,"random_tau"
"4456",45,56,10000,TRUE,FALSE,"random_tau"
"4457",45,57,10000,TRUE,FALSE,"random_tau"
"4458",45,58,10000,TRUE,FALSE,"random_tau"
"4459",45,59,10000,TRUE,FALSE,"random_tau"
"4460",45,60,10000,TRUE,FALSE,"random_tau"
"4461",45,61,10000,TRUE,FALSE,"random_tau"
"4462",45,62,10000,TRUE,FALSE,"random_tau"
"4463",45,63,10000,TRUE,FALSE,"random_tau"
"4464",45,64,10000,TRUE,FALSE,"random_tau"
"4465",45,65,10000,TRUE,FALSE,"random_tau"
"4466",45,66,10000,TRUE,FALSE,"random_tau"
"4467",45,67,10000,TRUE,FALSE,"random_tau"
"4468",45,68,10000,TRUE,FALSE,"random_tau"
"4469",45,69,10000,TRUE,FALSE,"random_tau"
"4470",45,70,10000,TRUE,FALSE,"random_tau"
"4471",45,71,10000,TRUE,FALSE,"random_tau"
"4472",45,72,10000,TRUE,FALSE,"random_tau"
"4473",45,73,10000,TRUE,FALSE,"random_tau"
"4474",45,74,10000,TRUE,FALSE,"random_tau"
"4475",45,75,10000,TRUE,FALSE,"random_tau"
"4476",45,76,10000,TRUE,FALSE,"random_tau"
"4477",45,77,10000,TRUE,FALSE,"random_tau"
"4478",45,78,10000,TRUE,FALSE,"random_tau"
"4479",45,79,10000,TRUE,FALSE,"random_tau"
"4480",45,80,10000,TRUE,FALSE,"random_tau"
"4481",45,81,10000,TRUE,FALSE,"random_tau"
"4482",45,82,10000,TRUE,FALSE,"random_tau"
"4483",45,83,10000,TRUE,FALSE,"random_tau"
"4484",45,84,10000,TRUE,FALSE,"random_tau"
"4485",45,85,10000,TRUE,FALSE,"random_tau"
"4486",45,86,10000,TRUE,FALSE,"random_tau"
"4487",45,87,10000,TRUE,FALSE,"random_tau"
"4488",45,88,10000,TRUE,FALSE,"random_tau"
"4489",45,89,10000,TRUE,FALSE,"random_tau"
"4490",45,90,10000,TRUE,FALSE,"random_tau"
"4491",45,91,10000,TRUE,FALSE,"random_tau"
"4492",45,92,10000,TRUE,FALSE,"random_tau"
"4493",45,93,10000,TRUE,FALSE,"random_tau"
"4494",45,94,10000,TRUE,FALSE,"random_tau"
"4495",45,95,10000,TRUE,FALSE,"random_tau"
"4496",45,96,10000,TRUE,FALSE,"random_tau"
"4497",45,97,10000,TRUE,FALSE,"random_tau"
"4498",45,98,10000,TRUE,FALSE,"random_tau"
"4499",45,99,10000,TRUE,FALSE,"random_tau"
"4500",45,100,10000,TRUE,FALSE,"random_tau"
"4501",46,1,627,TRUE,FALSE,"random_tau"
"4502",46,2,1129,TRUE,FALSE,"random_tau"
"4503",46,3,1591,TRUE,FALSE,"random_tau"
"4504",46,4,2072,TRUE,FALSE,"random_tau"
"4505",46,5,2642,TRUE,FALSE,"random_tau"
"4506",46,6,3324,TRUE,FALSE,"random_tau"
"4507",46,7,4151,TRUE,FALSE,"random_tau"
"4508",46,8,5158,TRUE,FALSE,"random_tau"
"4509",46,9,6291,TRUE,FALSE,"random_tau"
"4510",46,10,7549,TRUE,FALSE,"random_tau"
"4511",46,11,8743,TRUE,FALSE,"random_tau"
"4512",46,12,9557,TRUE,FALSE,"random_tau"
"4513",46,13,9898,TRUE,FALSE,"random_tau"
"4514",46,14,9987,TRUE,FALSE,"random_tau"
"4515",46,15,10000,TRUE,FALSE,"random_tau"
"4516",46,16,10000,TRUE,FALSE,"random_tau"
"4517",46,17,10000,TRUE,FALSE,"random_tau"
"4518",46,18,10000,TRUE,FALSE,"random_tau"
"4519",46,19,10000,TRUE,FALSE,"random_tau"
"4520",46,20,10000,TRUE,FALSE,"random_tau"
"4521",46,21,10000,TRUE,FALSE,"random_tau"
"4522",46,22,10000,TRUE,FALSE,"random_tau"
"4523",46,23,10000,TRUE,FALSE,"random_tau"
"4524",46,24,10000,TRUE,FALSE,"random_tau"
"4525",46,25,10000,TRUE,FALSE,"random_tau"
"4526",46,26,10000,TRUE,FALSE,"random_tau"
"4527",46,27,10000,TRUE,FALSE,"random_tau"
"4528",46,28,10000,TRUE,FALSE,"random_tau"
"4529",46,29,10000,TRUE,FALSE,"random_tau"
"4530",46,30,10000,TRUE,FALSE,"random_tau"
"4531",46,31,10000,TRUE,FALSE,"random_tau"
"4532",46,32,10000,TRUE,FALSE,"random_tau"
"4533",46,33,10000,TRUE,FALSE,"random_tau"
"4534",46,34,10000,TRUE,FALSE,"random_tau"
"4535",46,35,10000,TRUE,FALSE,"random_tau"
"4536",46,36,10000,TRUE,FALSE,"random_tau"
"4537",46,37,10000,TRUE,FALSE,"random_tau"
"4538",46,38,10000,TRUE,FALSE,"random_tau"
"4539",46,39,10000,TRUE,FALSE,"random_tau"
"4540",46,40,10000,TRUE,FALSE,"random_tau"
"4541",46,41,10000,TRUE,FALSE,"random_tau"
"4542",46,42,10000,TRUE,FALSE,"random_tau"
"4543",46,43,10000,TRUE,FALSE,"random_tau"
"4544",46,44,10000,TRUE,FALSE,"random_tau"
"4545",46,45,10000,TRUE,FALSE,"random_tau"
"4546",46,46,10000,TRUE,FALSE,"random_tau"
"4547",46,47,10000,TRUE,FALSE,"random_tau"
"4548",46,48,10000,TRUE,FALSE,"random_tau"
"4549",46,49,10000,TRUE,FALSE,"random_tau"
"4550",46,50,10000,TRUE,FALSE,"random_tau"
"4551",46,51,10000,TRUE,FALSE,"random_tau"
"4552",46,52,10000,TRUE,FALSE,"random_tau"
"4553",46,53,10000,TRUE,FALSE,"random_tau"
"4554",46,54,10000,TRUE,FALSE,"random_tau"
"4555",46,55,10000,TRUE,FALSE,"random_tau"
"4556",46,56,10000,TRUE,FALSE,"random_tau"
"4557",46,57,10000,TRUE,FALSE,"random_tau"
"4558",46,58,10000,TRUE,FALSE,"random_tau"
"4559",46,59,10000,TRUE,FALSE,"random_tau"
"4560",46,60,10000,TRUE,FALSE,"random_tau"
"4561",46,61,10000,TRUE,FALSE,"random_tau"
"4562",46,62,10000,TRUE,FALSE,"random_tau"
"4563",46,63,10000,TRUE,FALSE,"random_tau"
"4564",46,64,10000,TRUE,FALSE,"random_tau"
"4565",46,65,10000,TRUE,FALSE,"random_tau"
"4566",46,66,10000,TRUE,FALSE,"random_tau"
"4567",46,67,10000,TRUE,FALSE,"random_tau"
"4568",46,68,10000,TRUE,FALSE,"random_tau"
"4569",46,69,10000,TRUE,FALSE,"random_tau"
"4570",46,70,10000,TRUE,FALSE,"random_tau"
"4571",46,71,10000,TRUE,FALSE,"random_tau"
"4572",46,72,10000,TRUE,FALSE,"random_tau"
"4573",46,73,10000,TRUE,FALSE,"random_tau"
"4574",46,74,10000,TRUE,FALSE,"random_tau"
"4575",46,75,10000,TRUE,FALSE,"random_tau"
"4576",46,76,10000,TRUE,FALSE,"random_tau"
"4577",46,77,10000,TRUE,FALSE,"random_tau"
"4578",46,78,10000,TRUE,FALSE,"random_tau"
"4579",46,79,10000,TRUE,FALSE,"random_tau"
"4580",46,80,10000,TRUE,FALSE,"random_tau"
"4581",46,81,10000,TRUE,FALSE,"random_tau"
"4582",46,82,10000,TRUE,FALSE,"random_tau"
"4583",46,83,10000,TRUE,FALSE,"random_tau"
"4584",46,84,10000,TRUE,FALSE,"random_tau"
"4585",46,85,10000,TRUE,FALSE,"random_tau"
"4586",46,86,10000,TRUE,FALSE,"random_tau"
"4587",46,87,10000,TRUE,FALSE,"random_tau"
"4588",46,88,10000,TRUE,FALSE,"random_tau"
"4589",46,89,10000,TRUE,FALSE,"random_tau"
"4590",46,90,10000,TRUE,FALSE,"random_tau"
"4591",46,91,10000,TRUE,FALSE,"random_tau"
"4592",46,92,10000,TRUE,FALSE,"random_tau"
"4593",46,93,10000,TRUE,FALSE,"random_tau"
"4594",46,94,10000,TRUE,FALSE,"random_tau"
"4595",46,95,10000,TRUE,FALSE,"random_tau"
"4596",46,96,10000,TRUE,FALSE,"random_tau"
"4597",46,97,10000,TRUE,FALSE,"random_tau"
"4598",46,98,10000,TRUE,FALSE,"random_tau"
"4599",46,99,10000,TRUE,FALSE,"random_tau"
"4600",46,100,10000,TRUE,FALSE,"random_tau"
"4601",47,1,619,TRUE,FALSE,"random_tau"
"4602",47,2,1138,TRUE,FALSE,"random_tau"
"4603",47,3,1582,TRUE,FALSE,"random_tau"
"4604",47,4,2051,TRUE,FALSE,"random_tau"
"4605",47,5,2596,TRUE,FALSE,"random_tau"
"4606",47,6,3244,TRUE,FALSE,"random_tau"
"4607",47,7,4031,TRUE,FALSE,"random_tau"
"4608",47,8,4994,TRUE,FALSE,"random_tau"
"4609",47,9,6154,TRUE,FALSE,"random_tau"
"4610",47,10,7396,TRUE,FALSE,"random_tau"
"4611",47,11,8578,TRUE,FALSE,"random_tau"
"4612",47,12,9428,TRUE,FALSE,"random_tau"
"4613",47,13,9854,TRUE,FALSE,"random_tau"
"4614",47,14,9992,TRUE,FALSE,"random_tau"
"4615",47,15,10000,TRUE,FALSE,"random_tau"
"4616",47,16,10000,TRUE,FALSE,"random_tau"
"4617",47,17,10000,TRUE,FALSE,"random_tau"
"4618",47,18,10000,TRUE,FALSE,"random_tau"
"4619",47,19,10000,TRUE,FALSE,"random_tau"
"4620",47,20,10000,TRUE,FALSE,"random_tau"
"4621",47,21,10000,TRUE,FALSE,"random_tau"
"4622",47,22,10000,TRUE,FALSE,"random_tau"
"4623",47,23,10000,TRUE,FALSE,"random_tau"
"4624",47,24,10000,TRUE,FALSE,"random_tau"
"4625",47,25,10000,TRUE,FALSE,"random_tau"
"4626",47,26,10000,TRUE,FALSE,"random_tau"
"4627",47,27,10000,TRUE,FALSE,"random_tau"
"4628",47,28,10000,TRUE,FALSE,"random_tau"
"4629",47,29,10000,TRUE,FALSE,"random_tau"
"4630",47,30,10000,TRUE,FALSE,"random_tau"
"4631",47,31,10000,TRUE,FALSE,"random_tau"
"4632",47,32,10000,TRUE,FALSE,"random_tau"
"4633",47,33,10000,TRUE,FALSE,"random_tau"
"4634",47,34,10000,TRUE,FALSE,"random_tau"
"4635",47,35,10000,TRUE,FALSE,"random_tau"
"4636",47,36,10000,TRUE,FALSE,"random_tau"
"4637",47,37,10000,TRUE,FALSE,"random_tau"
"4638",47,38,10000,TRUE,FALSE,"random_tau"
"4639",47,39,10000,TRUE,FALSE,"random_tau"
"4640",47,40,10000,TRUE,FALSE,"random_tau"
"4641",47,41,10000,TRUE,FALSE,"random_tau"
"4642",47,42,10000,TRUE,FALSE,"random_tau"
"4643",47,43,10000,TRUE,FALSE,"random_tau"
"4644",47,44,10000,TRUE,FALSE,"random_tau"
"4645",47,45,10000,TRUE,FALSE,"random_tau"
"4646",47,46,10000,TRUE,FALSE,"random_tau"
"4647",47,47,10000,TRUE,FALSE,"random_tau"
"4648",47,48,10000,TRUE,FALSE,"random_tau"
"4649",47,49,10000,TRUE,FALSE,"random_tau"
"4650",47,50,10000,TRUE,FALSE,"random_tau"
"4651",47,51,10000,TRUE,FALSE,"random_tau"
"4652",47,52,10000,TRUE,FALSE,"random_tau"
"4653",47,53,10000,TRUE,FALSE,"random_tau"
"4654",47,54,10000,TRUE,FALSE,"random_tau"
"4655",47,55,10000,TRUE,FALSE,"random_tau"
"4656",47,56,10000,TRUE,FALSE,"random_tau"
"4657",47,57,10000,TRUE,FALSE,"random_tau"
"4658",47,58,10000,TRUE,FALSE,"random_tau"
"4659",47,59,10000,TRUE,FALSE,"random_tau"
"4660",47,60,10000,TRUE,FALSE,"random_tau"
"4661",47,61,10000,TRUE,FALSE,"random_tau"
"4662",47,62,10000,TRUE,FALSE,"random_tau"
"4663",47,63,10000,TRUE,FALSE,"random_tau"
"4664",47,64,10000,TRUE,FALSE,"random_tau"
"4665",47,65,10000,TRUE,FALSE,"random_tau"
"4666",47,66,10000,TRUE,FALSE,"random_tau"
"4667",47,67,10000,TRUE,FALSE,"random_tau"
"4668",47,68,10000,TRUE,FALSE,"random_tau"
"4669",47,69,10000,TRUE,FALSE,"random_tau"
"4670",47,70,10000,TRUE,FALSE,"random_tau"
"4671",47,71,10000,TRUE,FALSE,"random_tau"
"4672",47,72,10000,TRUE,FALSE,"random_tau"
"4673",47,73,10000,TRUE,FALSE,"random_tau"
"4674",47,74,10000,TRUE,FALSE,"random_tau"
"4675",47,75,10000,TRUE,FALSE,"random_tau"
"4676",47,76,10000,TRUE,FALSE,"random_tau"
"4677",47,77,10000,TRUE,FALSE,"random_tau"
"4678",47,78,10000,TRUE,FALSE,"random_tau"
"4679",47,79,10000,TRUE,FALSE,"random_tau"
"4680",47,80,10000,TRUE,FALSE,"random_tau"
"4681",47,81,10000,TRUE,FALSE,"random_tau"
"4682",47,82,10000,TRUE,FALSE,"random_tau"
"4683",47,83,10000,TRUE,FALSE,"random_tau"
"4684",47,84,10000,TRUE,FALSE,"random_tau"
"4685",47,85,10000,TRUE,FALSE,"random_tau"
"4686",47,86,10000,TRUE,FALSE,"random_tau"
"4687",47,87,10000,TRUE,FALSE,"random_tau"
"4688",47,88,10000,TRUE,FALSE,"random_tau"
"4689",47,89,10000,TRUE,FALSE,"random_tau"
"4690",47,90,10000,TRUE,FALSE,"random_tau"
"4691",47,91,10000,TRUE,FALSE,"random_tau"
"4692",47,92,10000,TRUE,FALSE,"random_tau"
"4693",47,93,10000,TRUE,FALSE,"random_tau"
"4694",47,94,10000,TRUE,FALSE,"random_tau"
"4695",47,95,10000,TRUE,FALSE,"random_tau"
"4696",47,96,10000,TRUE,FALSE,"random_tau"
"4697",47,97,10000,TRUE,FALSE,"random_tau"
"4698",47,98,10000,TRUE,FALSE,"random_tau"
"4699",47,99,10000,TRUE,FALSE,"random_tau"
"4700",47,100,10000,TRUE,FALSE,"random_tau"
"4701",48,1,610,TRUE,FALSE,"random_tau"
"4702",48,2,1155,TRUE,FALSE,"random_tau"
"4703",48,3,1616,TRUE,FALSE,"random_tau"
"4704",48,4,2101,TRUE,FALSE,"random_tau"
"4705",48,5,2664,TRUE,FALSE,"random_tau"
"4706",48,6,3354,TRUE,FALSE,"random_tau"
"4707",48,7,4194,TRUE,FALSE,"random_tau"
"4708",48,8,5221,TRUE,FALSE,"random_tau"
"4709",48,9,6482,TRUE,FALSE,"random_tau"
"4710",48,10,7853,TRUE,FALSE,"random_tau"
"4711",48,11,9007,TRUE,FALSE,"random_tau"
"4712",48,12,9678,TRUE,FALSE,"random_tau"
"4713",48,13,9930,TRUE,FALSE,"random_tau"
"4714",48,14,9997,TRUE,FALSE,"random_tau"
"4715",48,15,10000,TRUE,FALSE,"random_tau"
"4716",48,16,10000,TRUE,FALSE,"random_tau"
"4717",48,17,10000,TRUE,FALSE,"random_tau"
"4718",48,18,10000,TRUE,FALSE,"random_tau"
"4719",48,19,10000,TRUE,FALSE,"random_tau"
"4720",48,20,10000,TRUE,FALSE,"random_tau"
"4721",48,21,10000,TRUE,FALSE,"random_tau"
"4722",48,22,10000,TRUE,FALSE,"random_tau"
"4723",48,23,10000,TRUE,FALSE,"random_tau"
"4724",48,24,10000,TRUE,FALSE,"random_tau"
"4725",48,25,10000,TRUE,FALSE,"random_tau"
"4726",48,26,10000,TRUE,FALSE,"random_tau"
"4727",48,27,10000,TRUE,FALSE,"random_tau"
"4728",48,28,10000,TRUE,FALSE,"random_tau"
"4729",48,29,10000,TRUE,FALSE,"random_tau"
"4730",48,30,10000,TRUE,FALSE,"random_tau"
"4731",48,31,10000,TRUE,FALSE,"random_tau"
"4732",48,32,10000,TRUE,FALSE,"random_tau"
"4733",48,33,10000,TRUE,FALSE,"random_tau"
"4734",48,34,10000,TRUE,FALSE,"random_tau"
"4735",48,35,10000,TRUE,FALSE,"random_tau"
"4736",48,36,10000,TRUE,FALSE,"random_tau"
"4737",48,37,10000,TRUE,FALSE,"random_tau"
"4738",48,38,10000,TRUE,FALSE,"random_tau"
"4739",48,39,10000,TRUE,FALSE,"random_tau"
"4740",48,40,10000,TRUE,FALSE,"random_tau"
"4741",48,41,10000,TRUE,FALSE,"random_tau"
"4742",48,42,10000,TRUE,FALSE,"random_tau"
"4743",48,43,10000,TRUE,FALSE,"random_tau"
"4744",48,44,10000,TRUE,FALSE,"random_tau"
"4745",48,45,10000,TRUE,FALSE,"random_tau"
"4746",48,46,10000,TRUE,FALSE,"random_tau"
"4747",48,47,10000,TRUE,FALSE,"random_tau"
"4748",48,48,10000,TRUE,FALSE,"random_tau"
"4749",48,49,10000,TRUE,FALSE,"random_tau"
"4750",48,50,10000,TRUE,FALSE,"random_tau"
"4751",48,51,10000,TRUE,FALSE,"random_tau"
"4752",48,52,10000,TRUE,FALSE,"random_tau"
"4753",48,53,10000,TRUE,FALSE,"random_tau"
"4754",48,54,10000,TRUE,FALSE,"random_tau"
"4755",48,55,10000,TRUE,FALSE,"random_tau"
"4756",48,56,10000,TRUE,FALSE,"random_tau"
"4757",48,57,10000,TRUE,FALSE,"random_tau"
"4758",48,58,10000,TRUE,FALSE,"random_tau"
"4759",48,59,10000,TRUE,FALSE,"random_tau"
"4760",48,60,10000,TRUE,FALSE,"random_tau"
"4761",48,61,10000,TRUE,FALSE,"random_tau"
"4762",48,62,10000,TRUE,FALSE,"random_tau"
"4763",48,63,10000,TRUE,FALSE,"random_tau"
"4764",48,64,10000,TRUE,FALSE,"random_tau"
"4765",48,65,10000,TRUE,FALSE,"random_tau"
"4766",48,66,10000,TRUE,FALSE,"random_tau"
"4767",48,67,10000,TRUE,FALSE,"random_tau"
"4768",48,68,10000,TRUE,FALSE,"random_tau"
"4769",48,69,10000,TRUE,FALSE,"random_tau"
"4770",48,70,10000,TRUE,FALSE,"random_tau"
"4771",48,71,10000,TRUE,FALSE,"random_tau"
"4772",48,72,10000,TRUE,FALSE,"random_tau"
"4773",48,73,10000,TRUE,FALSE,"random_tau"
"4774",48,74,10000,TRUE,FALSE,"random_tau"
"4775",48,75,10000,TRUE,FALSE,"random_tau"
"4776",48,76,10000,TRUE,FALSE,"random_tau"
"4777",48,77,10000,TRUE,FALSE,"random_tau"
"4778",48,78,10000,TRUE,FALSE,"random_tau"
"4779",48,79,10000,TRUE,FALSE,"random_tau"
"4780",48,80,10000,TRUE,FALSE,"random_tau"
"4781",48,81,10000,TRUE,FALSE,"random_tau"
"4782",48,82,10000,TRUE,FALSE,"random_tau"
"4783",48,83,10000,TRUE,FALSE,"random_tau"
"4784",48,84,10000,TRUE,FALSE,"random_tau"
"4785",48,85,10000,TRUE,FALSE,"random_tau"
"4786",48,86,10000,TRUE,FALSE,"random_tau"
"4787",48,87,10000,TRUE,FALSE,"random_tau"
"4788",48,88,10000,TRUE,FALSE,"random_tau"
"4789",48,89,10000,TRUE,FALSE,"random_tau"
"4790",48,90,10000,TRUE,FALSE,"random_tau"
"4791",48,91,10000,TRUE,FALSE,"random_tau"
"4792",48,92,10000,TRUE,FALSE,"random_tau"
"4793",48,93,10000,TRUE,FALSE,"random_tau"
"4794",48,94,10000,TRUE,FALSE,"random_tau"
"4795",48,95,10000,TRUE,FALSE,"random_tau"
"4796",48,96,10000,TRUE,FALSE,"random_tau"
"4797",48,97,10000,TRUE,FALSE,"random_tau"
"4798",48,98,10000,TRUE,FALSE,"random_tau"
"4799",48,99,10000,TRUE,FALSE,"random_tau"
"4800",48,100,10000,TRUE,FALSE,"random_tau"
"4801",49,1,617,TRUE,FALSE,"random_tau"
"4802",49,2,1134,TRUE,FALSE,"random_tau"
"4803",49,3,1588,TRUE,FALSE,"random_tau"
"4804",49,4,2095,TRUE,FALSE,"random_tau"
"4805",49,5,2661,TRUE,FALSE,"random_tau"
"4806",49,6,3360,TRUE,FALSE,"random_tau"
"4807",49,7,4226,TRUE,FALSE,"random_tau"
"4808",49,8,5275,TRUE,FALSE,"random_tau"
"4809",49,9,6496,TRUE,FALSE,"random_tau"
"4810",49,10,7790,TRUE,FALSE,"random_tau"
"4811",49,11,8892,TRUE,FALSE,"random_tau"
"4812",49,12,9585,TRUE,FALSE,"random_tau"
"4813",49,13,9892,TRUE,FALSE,"random_tau"
"4814",49,14,9990,TRUE,FALSE,"random_tau"
"4815",49,15,10000,TRUE,FALSE,"random_tau"
"4816",49,16,10000,TRUE,FALSE,"random_tau"
"4817",49,17,10000,TRUE,FALSE,"random_tau"
"4818",49,18,10000,TRUE,FALSE,"random_tau"
"4819",49,19,10000,TRUE,FALSE,"random_tau"
"4820",49,20,10000,TRUE,FALSE,"random_tau"
"4821",49,21,10000,TRUE,FALSE,"random_tau"
"4822",49,22,10000,TRUE,FALSE,"random_tau"
"4823",49,23,10000,TRUE,FALSE,"random_tau"
"4824",49,24,10000,TRUE,FALSE,"random_tau"
"4825",49,25,10000,TRUE,FALSE,"random_tau"
"4826",49,26,10000,TRUE,FALSE,"random_tau"
"4827",49,27,10000,TRUE,FALSE,"random_tau"
"4828",49,28,10000,TRUE,FALSE,"random_tau"
"4829",49,29,10000,TRUE,FALSE,"random_tau"
"4830",49,30,10000,TRUE,FALSE,"random_tau"
"4831",49,31,10000,TRUE,FALSE,"random_tau"
"4832",49,32,10000,TRUE,FALSE,"random_tau"
"4833",49,33,10000,TRUE,FALSE,"random_tau"
"4834",49,34,10000,TRUE,FALSE,"random_tau"
"4835",49,35,10000,TRUE,FALSE,"random_tau"
"4836",49,36,10000,TRUE,FALSE,"random_tau"
"4837",49,37,10000,TRUE,FALSE,"random_tau"
"4838",49,38,10000,TRUE,FALSE,"random_tau"
"4839",49,39,10000,TRUE,FALSE,"random_tau"
"4840",49,40,10000,TRUE,FALSE,"random_tau"
"4841",49,41,10000,TRUE,FALSE,"random_tau"
"4842",49,42,10000,TRUE,FALSE,"random_tau"
"4843",49,43,10000,TRUE,FALSE,"random_tau"
"4844",49,44,10000,TRUE,FALSE,"random_tau"
"4845",49,45,10000,TRUE,FALSE,"random_tau"
"4846",49,46,10000,TRUE,FALSE,"random_tau"
"4847",49,47,10000,TRUE,FALSE,"random_tau"
"4848",49,48,10000,TRUE,FALSE,"random_tau"
"4849",49,49,10000,TRUE,FALSE,"random_tau"
"4850",49,50,10000,TRUE,FALSE,"random_tau"
"4851",49,51,10000,TRUE,FALSE,"random_tau"
"4852",49,52,10000,TRUE,FALSE,"random_tau"
"4853",49,53,10000,TRUE,FALSE,"random_tau"
"4854",49,54,10000,TRUE,FALSE,"random_tau"
"4855",49,55,10000,TRUE,FALSE,"random_tau"
"4856",49,56,10000,TRUE,FALSE,"random_tau"
"4857",49,57,10000,TRUE,FALSE,"random_tau"
"4858",49,58,10000,TRUE,FALSE,"random_tau"
"4859",49,59,10000,TRUE,FALSE,"random_tau"
"4860",49,60,10000,TRUE,FALSE,"random_tau"
"4861",49,61,10000,TRUE,FALSE,"random_tau"
"4862",49,62,10000,TRUE,FALSE,"random_tau"
"4863",49,63,10000,TRUE,FALSE,"random_tau"
"4864",49,64,10000,TRUE,FALSE,"random_tau"
"4865",49,65,10000,TRUE,FALSE,"random_tau"
"4866",49,66,10000,TRUE,FALSE,"random_tau"
"4867",49,67,10000,TRUE,FALSE,"random_tau"
"4868",49,68,10000,TRUE,FALSE,"random_tau"
"4869",49,69,10000,TRUE,FALSE,"random_tau"
"4870",49,70,10000,TRUE,FALSE,"random_tau"
"4871",49,71,10000,TRUE,FALSE,"random_tau"
"4872",49,72,10000,TRUE,FALSE,"random_tau"
"4873",49,73,10000,TRUE,FALSE,"random_tau"
"4874",49,74,10000,TRUE,FALSE,"random_tau"
"4875",49,75,10000,TRUE,FALSE,"random_tau"
"4876",49,76,10000,TRUE,FALSE,"random_tau"
"4877",49,77,10000,TRUE,FALSE,"random_tau"
"4878",49,78,10000,TRUE,FALSE,"random_tau"
"4879",49,79,10000,TRUE,FALSE,"random_tau"
"4880",49,80,10000,TRUE,FALSE,"random_tau"
"4881",49,81,10000,TRUE,FALSE,"random_tau"
"4882",49,82,10000,TRUE,FALSE,"random_tau"
"4883",49,83,10000,TRUE,FALSE,"random_tau"
"4884",49,84,10000,TRUE,FALSE,"random_tau"
"4885",49,85,10000,TRUE,FALSE,"random_tau"
"4886",49,86,10000,TRUE,FALSE,"random_tau"
"4887",49,87,10000,TRUE,FALSE,"random_tau"
"4888",49,88,10000,TRUE,FALSE,"random_tau"
"4889",49,89,10000,TRUE,FALSE,"random_tau"
"4890",49,90,10000,TRUE,FALSE,"random_tau"
"4891",49,91,10000,TRUE,FALSE,"random_tau"
"4892",49,92,10000,TRUE,FALSE,"random_tau"
"4893",49,93,10000,TRUE,FALSE,"random_tau"
"4894",49,94,10000,TRUE,FALSE,"random_tau"
"4895",49,95,10000,TRUE,FALSE,"random_tau"
"4896",49,96,10000,TRUE,FALSE,"random_tau"
"4897",49,97,10000,TRUE,FALSE,"random_tau"
"4898",49,98,10000,TRUE,FALSE,"random_tau"
"4899",49,99,10000,TRUE,FALSE,"random_tau"
"4900",49,100,10000,TRUE,FALSE,"random_tau"
"4901",50,1,612,TRUE,FALSE,"random_tau"
"4902",50,2,1076,TRUE,FALSE,"random_tau"
"4903",50,3,1467,TRUE,FALSE,"random_tau"
"4904",50,4,1850,TRUE,FALSE,"random_tau"
"4905",50,5,2302,TRUE,FALSE,"random_tau"
"4906",50,6,2879,TRUE,FALSE,"random_tau"
"4907",50,7,3582,TRUE,FALSE,"random_tau"
"4908",50,8,4440,TRUE,FALSE,"random_tau"
"4909",50,9,5487,TRUE,FALSE,"random_tau"
"4910",50,10,6716,TRUE,FALSE,"random_tau"
"4911",50,11,7964,TRUE,FALSE,"random_tau"
"4912",50,12,9114,TRUE,FALSE,"random_tau"
"4913",50,13,9784,TRUE,FALSE,"random_tau"
"4914",50,14,9982,TRUE,FALSE,"random_tau"
"4915",50,15,10000,TRUE,FALSE,"random_tau"
"4916",50,16,10000,TRUE,FALSE,"random_tau"
"4917",50,17,10000,TRUE,FALSE,"random_tau"
"4918",50,18,10000,TRUE,FALSE,"random_tau"
"4919",50,19,10000,TRUE,FALSE,"random_tau"
"4920",50,20,10000,TRUE,FALSE,"random_tau"
"4921",50,21,10000,TRUE,FALSE,"random_tau"
"4922",50,22,10000,TRUE,FALSE,"random_tau"
"4923",50,23,10000,TRUE,FALSE,"random_tau"
"4924",50,24,10000,TRUE,FALSE,"random_tau"
"4925",50,25,10000,TRUE,FALSE,"random_tau"
"4926",50,26,10000,TRUE,FALSE,"random_tau"
"4927",50,27,10000,TRUE,FALSE,"random_tau"
"4928",50,28,10000,TRUE,FALSE,"random_tau"
"4929",50,29,10000,TRUE,FALSE,"random_tau"
"4930",50,30,10000,TRUE,FALSE,"random_tau"
"4931",50,31,10000,TRUE,FALSE,"random_tau"
"4932",50,32,10000,TRUE,FALSE,"random_tau"
"4933",50,33,10000,TRUE,FALSE,"random_tau"
"4934",50,34,10000,TRUE,FALSE,"random_tau"
"4935",50,35,10000,TRUE,FALSE,"random_tau"
"4936",50,36,10000,TRUE,FALSE,"random_tau"
"4937",50,37,10000,TRUE,FALSE,"random_tau"
"4938",50,38,10000,TRUE,FALSE,"random_tau"
"4939",50,39,10000,TRUE,FALSE,"random_tau"
"4940",50,40,10000,TRUE,FALSE,"random_tau"
"4941",50,41,10000,TRUE,FALSE,"random_tau"
"4942",50,42,10000,TRUE,FALSE,"random_tau"
"4943",50,43,10000,TRUE,FALSE,"random_tau"
"4944",50,44,10000,TRUE,FALSE,"random_tau"
"4945",50,45,10000,TRUE,FALSE,"random_tau"
"4946",50,46,10000,TRUE,FALSE,"random_tau"
"4947",50,47,10000,TRUE,FALSE,"random_tau"
"4948",50,48,10000,TRUE,FALSE,"random_tau"
"4949",50,49,10000,TRUE,FALSE,"random_tau"
"4950",50,50,10000,TRUE,FALSE,"random_tau"
"4951",50,51,10000,TRUE,FALSE,"random_tau"
"4952",50,52,10000,TRUE,FALSE,"random_tau"
"4953",50,53,10000,TRUE,FALSE,"random_tau"
"4954",50,54,10000,TRUE,FALSE,"random_tau"
"4955",50,55,10000,TRUE,FALSE,"random_tau"
"4956",50,56,10000,TRUE,FALSE,"random_tau"
"4957",50,57,10000,TRUE,FALSE,"random_tau"
"4958",50,58,10000,TRUE,FALSE,"random_tau"
"4959",50,59,10000,TRUE,FALSE,"random_tau"
"4960",50,60,10000,TRUE,FALSE,"random_tau"
"4961",50,61,10000,TRUE,FALSE,"random_tau"
"4962",50,62,10000,TRUE,FALSE,"random_tau"
"4963",50,63,10000,TRUE,FALSE,"random_tau"
"4964",50,64,10000,TRUE,FALSE,"random_tau"
"4965",50,65,10000,TRUE,FALSE,"random_tau"
"4966",50,66,10000,TRUE,FALSE,"random_tau"
"4967",50,67,10000,TRUE,FALSE,"random_tau"
"4968",50,68,10000,TRUE,FALSE,"random_tau"
"4969",50,69,10000,TRUE,FALSE,"random_tau"
"4970",50,70,10000,TRUE,FALSE,"random_tau"
"4971",50,71,10000,TRUE,FALSE,"random_tau"
"4972",50,72,10000,TRUE,FALSE,"random_tau"
"4973",50,73,10000,TRUE,FALSE,"random_tau"
"4974",50,74,10000,TRUE,FALSE,"random_tau"
"4975",50,75,10000,TRUE,FALSE,"random_tau"
"4976",50,76,10000,TRUE,FALSE,"random_tau"
"4977",50,77,10000,TRUE,FALSE,"random_tau"
"4978",50,78,10000,TRUE,FALSE,"random_tau"
"4979",50,79,10000,TRUE,FALSE,"random_tau"
"4980",50,80,10000,TRUE,FALSE,"random_tau"
"4981",50,81,10000,TRUE,FALSE,"random_tau"
"4982",50,82,10000,TRUE,FALSE,"random_tau"
"4983",50,83,10000,TRUE,FALSE,"random_tau"
"4984",50,84,10000,TRUE,FALSE,"random_tau"
"4985",50,85,10000,TRUE,FALSE,"random_tau"
"4986",50,86,10000,TRUE,FALSE,"random_tau"
"4987",50,87,10000,TRUE,FALSE,"random_tau"
"4988",50,88,10000,TRUE,FALSE,"random_tau"
"4989",50,89,10000,TRUE,FALSE,"random_tau"
"4990",50,90,10000,TRUE,FALSE,"random_tau"
"4991",50,91,10000,TRUE,FALSE,"random_tau"
"4992",50,92,10000,TRUE,FALSE,"random_tau"
"4993",50,93,10000,TRUE,FALSE,"random_tau"
"4994",50,94,10000,TRUE,FALSE,"random_tau"
"4995",50,95,10000,TRUE,FALSE,"random_tau"
"4996",50,96,10000,TRUE,FALSE,"random_tau"
"4997",50,97,10000,TRUE,FALSE,"random_tau"
"4998",50,98,10000,TRUE,FALSE,"random_tau"
"4999",50,99,10000,TRUE,FALSE,"random_tau"
"5000",50,100,10000,TRUE,FALSE,"random_tau"
"5001",51,1,632,TRUE,FALSE,"random_tau"
"5002",51,2,1167,TRUE,FALSE,"random_tau"
"5003",51,3,1630,TRUE,FALSE,"random_tau"
"5004",51,4,2128,TRUE,FALSE,"random_tau"
"5005",51,5,2700,TRUE,FALSE,"random_tau"
"5006",51,6,3374,TRUE,FALSE,"random_tau"
"5007",51,7,4158,TRUE,FALSE,"random_tau"
"5008",51,8,5136,TRUE,FALSE,"random_tau"
"5009",51,9,6283,TRUE,FALSE,"random_tau"
"5010",51,10,7496,TRUE,FALSE,"random_tau"
"5011",51,11,8629,TRUE,FALSE,"random_tau"
"5012",51,12,9465,TRUE,FALSE,"random_tau"
"5013",51,13,9890,TRUE,FALSE,"random_tau"
"5014",51,14,9994,TRUE,FALSE,"random_tau"
"5015",51,15,9999,TRUE,FALSE,"random_tau"
"5016",51,16,10000,TRUE,FALSE,"random_tau"
"5017",51,17,10000,TRUE,FALSE,"random_tau"
"5018",51,18,10000,TRUE,FALSE,"random_tau"
"5019",51,19,10000,TRUE,FALSE,"random_tau"
"5020",51,20,10000,TRUE,FALSE,"random_tau"
"5021",51,21,10000,TRUE,FALSE,"random_tau"
"5022",51,22,10000,TRUE,FALSE,"random_tau"
"5023",51,23,10000,TRUE,FALSE,"random_tau"
"5024",51,24,10000,TRUE,FALSE,"random_tau"
"5025",51,25,10000,TRUE,FALSE,"random_tau"
"5026",51,26,10000,TRUE,FALSE,"random_tau"
"5027",51,27,10000,TRUE,FALSE,"random_tau"
"5028",51,28,10000,TRUE,FALSE,"random_tau"
"5029",51,29,10000,TRUE,FALSE,"random_tau"
"5030",51,30,10000,TRUE,FALSE,"random_tau"
"5031",51,31,10000,TRUE,FALSE,"random_tau"
"5032",51,32,10000,TRUE,FALSE,"random_tau"
"5033",51,33,10000,TRUE,FALSE,"random_tau"
"5034",51,34,10000,TRUE,FALSE,"random_tau"
"5035",51,35,10000,TRUE,FALSE,"random_tau"
"5036",51,36,10000,TRUE,FALSE,"random_tau"
"5037",51,37,10000,TRUE,FALSE,"random_tau"
"5038",51,38,10000,TRUE,FALSE,"random_tau"
"5039",51,39,10000,TRUE,FALSE,"random_tau"
"5040",51,40,10000,TRUE,FALSE,"random_tau"
"5041",51,41,10000,TRUE,FALSE,"random_tau"
"5042",51,42,10000,TRUE,FALSE,"random_tau"
"5043",51,43,10000,TRUE,FALSE,"random_tau"
"5044",51,44,10000,TRUE,FALSE,"random_tau"
"5045",51,45,10000,TRUE,FALSE,"random_tau"
"5046",51,46,10000,TRUE,FALSE,"random_tau"
"5047",51,47,10000,TRUE,FALSE,"random_tau"
"5048",51,48,10000,TRUE,FALSE,"random_tau"
"5049",51,49,10000,TRUE,FALSE,"random_tau"
"5050",51,50,10000,TRUE,FALSE,"random_tau"
"5051",51,51,10000,TRUE,FALSE,"random_tau"
"5052",51,52,10000,TRUE,FALSE,"random_tau"
"5053",51,53,10000,TRUE,FALSE,"random_tau"
"5054",51,54,10000,TRUE,FALSE,"random_tau"
"5055",51,55,10000,TRUE,FALSE,"random_tau"
"5056",51,56,10000,TRUE,FALSE,"random_tau"
"5057",51,57,10000,TRUE,FALSE,"random_tau"
"5058",51,58,10000,TRUE,FALSE,"random_tau"
"5059",51,59,10000,TRUE,FALSE,"random_tau"
"5060",51,60,10000,TRUE,FALSE,"random_tau"
"5061",51,61,10000,TRUE,FALSE,"random_tau"
"5062",51,62,10000,TRUE,FALSE,"random_tau"
"5063",51,63,10000,TRUE,FALSE,"random_tau"
"5064",51,64,10000,TRUE,FALSE,"random_tau"
"5065",51,65,10000,TRUE,FALSE,"random_tau"
"5066",51,66,10000,TRUE,FALSE,"random_tau"
"5067",51,67,10000,TRUE,FALSE,"random_tau"
"5068",51,68,10000,TRUE,FALSE,"random_tau"
"5069",51,69,10000,TRUE,FALSE,"random_tau"
"5070",51,70,10000,TRUE,FALSE,"random_tau"
"5071",51,71,10000,TRUE,FALSE,"random_tau"
"5072",51,72,10000,TRUE,FALSE,"random_tau"
"5073",51,73,10000,TRUE,FALSE,"random_tau"
"5074",51,74,10000,TRUE,FALSE,"random_tau"
"5075",51,75,10000,TRUE,FALSE,"random_tau"
"5076",51,76,10000,TRUE,FALSE,"random_tau"
"5077",51,77,10000,TRUE,FALSE,"random_tau"
"5078",51,78,10000,TRUE,FALSE,"random_tau"
"5079",51,79,10000,TRUE,FALSE,"random_tau"
"5080",51,80,10000,TRUE,FALSE,"random_tau"
"5081",51,81,10000,TRUE,FALSE,"random_tau"
"5082",51,82,10000,TRUE,FALSE,"random_tau"
"5083",51,83,10000,TRUE,FALSE,"random_tau"
"5084",51,84,10000,TRUE,FALSE,"random_tau"
"5085",51,85,10000,TRUE,FALSE,"random_tau"
"5086",51,86,10000,TRUE,FALSE,"random_tau"
"5087",51,87,10000,TRUE,FALSE,"random_tau"
"5088",51,88,10000,TRUE,FALSE,"random_tau"
"5089",51,89,10000,TRUE,FALSE,"random_tau"
"5090",51,90,10000,TRUE,FALSE,"random_tau"
"5091",51,91,10000,TRUE,FALSE,"random_tau"
"5092",51,92,10000,TRUE,FALSE,"random_tau"
"5093",51,93,10000,TRUE,FALSE,"random_tau"
"5094",51,94,10000,TRUE,FALSE,"random_tau"
"5095",51,95,10000,TRUE,FALSE,"random_tau"
"5096",51,96,10000,TRUE,FALSE,"random_tau"
"5097",51,97,10000,TRUE,FALSE,"random_tau"
"5098",51,98,10000,TRUE,FALSE,"random_tau"
"5099",51,99,10000,TRUE,FALSE,"random_tau"
"5100",51,100,10000,TRUE,FALSE,"random_tau"
"5101",52,1,625,TRUE,FALSE,"random_tau"
"5102",52,2,1164,TRUE,FALSE,"random_tau"
"5103",52,3,1647,TRUE,FALSE,"random_tau"
"5104",52,4,2155,TRUE,FALSE,"random_tau"
"5105",52,5,2762,TRUE,FALSE,"random_tau"
"5106",52,6,3521,TRUE,FALSE,"random_tau"
"5107",52,7,4416,TRUE,FALSE,"random_tau"
"5108",52,8,5561,TRUE,FALSE,"random_tau"
"5109",52,9,6904,TRUE,FALSE,"random_tau"
"5110",52,10,8260,TRUE,FALSE,"random_tau"
"5111",52,11,9308,TRUE,FALSE,"random_tau"
"5112",52,12,9826,TRUE,FALSE,"random_tau"
"5113",52,13,9976,TRUE,FALSE,"random_tau"
"5114",52,14,9995,TRUE,FALSE,"random_tau"
"5115",52,15,9999,TRUE,FALSE,"random_tau"
"5116",52,16,9999,TRUE,FALSE,"random_tau"
"5117",52,17,9999,TRUE,FALSE,"random_tau"
"5118",52,18,9999,TRUE,FALSE,"random_tau"
"5119",52,19,9999,TRUE,FALSE,"random_tau"
"5120",52,20,9999,TRUE,FALSE,"random_tau"
"5121",52,21,9999,TRUE,FALSE,"random_tau"
"5122",52,22,9999,TRUE,FALSE,"random_tau"
"5123",52,23,9999,TRUE,FALSE,"random_tau"
"5124",52,24,9999,TRUE,FALSE,"random_tau"
"5125",52,25,9999,TRUE,FALSE,"random_tau"
"5126",52,26,9999,TRUE,FALSE,"random_tau"
"5127",52,27,9999,TRUE,FALSE,"random_tau"
"5128",52,28,9999,TRUE,FALSE,"random_tau"
"5129",52,29,9999,TRUE,FALSE,"random_tau"
"5130",52,30,9999,TRUE,FALSE,"random_tau"
"5131",52,31,9999,TRUE,FALSE,"random_tau"
"5132",52,32,9999,TRUE,FALSE,"random_tau"
"5133",52,33,9999,TRUE,FALSE,"random_tau"
"5134",52,34,9999,TRUE,FALSE,"random_tau"
"5135",52,35,9999,TRUE,FALSE,"random_tau"
"5136",52,36,9999,TRUE,FALSE,"random_tau"
"5137",52,37,9999,TRUE,FALSE,"random_tau"
"5138",52,38,9999,TRUE,FALSE,"random_tau"
"5139",52,39,9999,TRUE,FALSE,"random_tau"
"5140",52,40,9999,TRUE,FALSE,"random_tau"
"5141",52,41,9999,TRUE,FALSE,"random_tau"
"5142",52,42,9999,TRUE,FALSE,"random_tau"
"5143",52,43,9999,TRUE,FALSE,"random_tau"
"5144",52,44,9999,TRUE,FALSE,"random_tau"
"5145",52,45,9999,TRUE,FALSE,"random_tau"
"5146",52,46,9999,TRUE,FALSE,"random_tau"
"5147",52,47,9999,TRUE,FALSE,"random_tau"
"5148",52,48,9999,TRUE,FALSE,"random_tau"
"5149",52,49,9999,TRUE,FALSE,"random_tau"
"5150",52,50,9999,TRUE,FALSE,"random_tau"
"5151",52,51,9999,TRUE,FALSE,"random_tau"
"5152",52,52,9999,TRUE,FALSE,"random_tau"
"5153",52,53,9999,TRUE,FALSE,"random_tau"
"5154",52,54,9999,TRUE,FALSE,"random_tau"
"5155",52,55,9999,TRUE,FALSE,"random_tau"
"5156",52,56,9999,TRUE,FALSE,"random_tau"
"5157",52,57,9999,TRUE,FALSE,"random_tau"
"5158",52,58,9999,TRUE,FALSE,"random_tau"
"5159",52,59,9999,TRUE,FALSE,"random_tau"
"5160",52,60,9999,TRUE,FALSE,"random_tau"
"5161",52,61,9999,TRUE,FALSE,"random_tau"
"5162",52,62,9999,TRUE,FALSE,"random_tau"
"5163",52,63,9999,TRUE,FALSE,"random_tau"
"5164",52,64,9999,TRUE,FALSE,"random_tau"
"5165",52,65,9999,TRUE,FALSE,"random_tau"
"5166",52,66,9999,TRUE,FALSE,"random_tau"
"5167",52,67,9999,TRUE,FALSE,"random_tau"
"5168",52,68,9999,TRUE,FALSE,"random_tau"
"5169",52,69,9999,TRUE,FALSE,"random_tau"
"5170",52,70,9999,TRUE,FALSE,"random_tau"
"5171",52,71,9999,TRUE,FALSE,"random_tau"
"5172",52,72,9999,TRUE,FALSE,"random_tau"
"5173",52,73,9999,TRUE,FALSE,"random_tau"
"5174",52,74,9999,TRUE,FALSE,"random_tau"
"5175",52,75,9999,TRUE,FALSE,"random_tau"
"5176",52,76,9999,TRUE,FALSE,"random_tau"
"5177",52,77,9999,TRUE,FALSE,"random_tau"
"5178",52,78,9999,TRUE,FALSE,"random_tau"
"5179",52,79,9999,TRUE,FALSE,"random_tau"
"5180",52,80,9999,TRUE,FALSE,"random_tau"
"5181",52,81,9999,TRUE,FALSE,"random_tau"
"5182",52,82,9999,TRUE,FALSE,"random_tau"
"5183",52,83,9999,TRUE,FALSE,"random_tau"
"5184",52,84,9999,TRUE,FALSE,"random_tau"
"5185",52,85,9999,TRUE,FALSE,"random_tau"
"5186",52,86,9999,TRUE,FALSE,"random_tau"
"5187",52,87,9999,TRUE,FALSE,"random_tau"
"5188",52,88,9999,TRUE,FALSE,"random_tau"
"5189",52,89,9999,TRUE,FALSE,"random_tau"
"5190",52,90,9999,TRUE,FALSE,"random_tau"
"5191",52,91,9999,TRUE,FALSE,"random_tau"
"5192",52,92,9999,TRUE,FALSE,"random_tau"
"5193",52,93,9999,TRUE,FALSE,"random_tau"
"5194",52,94,9999,TRUE,FALSE,"random_tau"
"5195",52,95,9999,TRUE,FALSE,"random_tau"
"5196",52,96,9999,TRUE,FALSE,"random_tau"
"5197",52,97,9999,TRUE,FALSE,"random_tau"
"5198",52,98,9999,TRUE,FALSE,"random_tau"
"5199",52,99,9999,TRUE,FALSE,"random_tau"
"5200",52,100,9999,TRUE,FALSE,"random_tau"
"5201",53,1,606,TRUE,FALSE,"random_tau"
"5202",53,2,1138,TRUE,FALSE,"random_tau"
"5203",53,3,1597,TRUE,FALSE,"random_tau"
"5204",53,4,2072,TRUE,FALSE,"random_tau"
"5205",53,5,2627,TRUE,FALSE,"random_tau"
"5206",53,6,3287,TRUE,FALSE,"random_tau"
"5207",53,7,4093,TRUE,FALSE,"random_tau"
"5208",53,8,5078,TRUE,FALSE,"random_tau"
"5209",53,9,6282,TRUE,FALSE,"random_tau"
"5210",53,10,7593,TRUE,FALSE,"random_tau"
"5211",53,11,8745,TRUE,FALSE,"random_tau"
"5212",53,12,9538,TRUE,FALSE,"random_tau"
"5213",53,13,9889,TRUE,FALSE,"random_tau"
"5214",53,14,9984,TRUE,FALSE,"random_tau"
"5215",53,15,9998,TRUE,FALSE,"random_tau"
"5216",53,16,10000,TRUE,FALSE,"random_tau"
"5217",53,17,10000,TRUE,FALSE,"random_tau"
"5218",53,18,10000,TRUE,FALSE,"random_tau"
"5219",53,19,10000,TRUE,FALSE,"random_tau"
"5220",53,20,10000,TRUE,FALSE,"random_tau"
"5221",53,21,10000,TRUE,FALSE,"random_tau"
"5222",53,22,10000,TRUE,FALSE,"random_tau"
"5223",53,23,10000,TRUE,FALSE,"random_tau"
"5224",53,24,10000,TRUE,FALSE,"random_tau"
"5225",53,25,10000,TRUE,FALSE,"random_tau"
"5226",53,26,10000,TRUE,FALSE,"random_tau"
"5227",53,27,10000,TRUE,FALSE,"random_tau"
"5228",53,28,10000,TRUE,FALSE,"random_tau"
"5229",53,29,10000,TRUE,FALSE,"random_tau"
"5230",53,30,10000,TRUE,FALSE,"random_tau"
"5231",53,31,10000,TRUE,FALSE,"random_tau"
"5232",53,32,10000,TRUE,FALSE,"random_tau"
"5233",53,33,10000,TRUE,FALSE,"random_tau"
"5234",53,34,10000,TRUE,FALSE,"random_tau"
"5235",53,35,10000,TRUE,FALSE,"random_tau"
"5236",53,36,10000,TRUE,FALSE,"random_tau"
"5237",53,37,10000,TRUE,FALSE,"random_tau"
"5238",53,38,10000,TRUE,FALSE,"random_tau"
"5239",53,39,10000,TRUE,FALSE,"random_tau"
"5240",53,40,10000,TRUE,FALSE,"random_tau"
"5241",53,41,10000,TRUE,FALSE,"random_tau"
"5242",53,42,10000,TRUE,FALSE,"random_tau"
"5243",53,43,10000,TRUE,FALSE,"random_tau"
"5244",53,44,10000,TRUE,FALSE,"random_tau"
"5245",53,45,10000,TRUE,FALSE,"random_tau"
"5246",53,46,10000,TRUE,FALSE,"random_tau"
"5247",53,47,10000,TRUE,FALSE,"random_tau"
"5248",53,48,10000,TRUE,FALSE,"random_tau"
"5249",53,49,10000,TRUE,FALSE,"random_tau"
"5250",53,50,10000,TRUE,FALSE,"random_tau"
"5251",53,51,10000,TRUE,FALSE,"random_tau"
"5252",53,52,10000,TRUE,FALSE,"random_tau"
"5253",53,53,10000,TRUE,FALSE,"random_tau"
"5254",53,54,10000,TRUE,FALSE,"random_tau"
"5255",53,55,10000,TRUE,FALSE,"random_tau"
"5256",53,56,10000,TRUE,FALSE,"random_tau"
"5257",53,57,10000,TRUE,FALSE,"random_tau"
"5258",53,58,10000,TRUE,FALSE,"random_tau"
"5259",53,59,10000,TRUE,FALSE,"random_tau"
"5260",53,60,10000,TRUE,FALSE,"random_tau"
"5261",53,61,10000,TRUE,FALSE,"random_tau"
"5262",53,62,10000,TRUE,FALSE,"random_tau"
"5263",53,63,10000,TRUE,FALSE,"random_tau"
"5264",53,64,10000,TRUE,FALSE,"random_tau"
"5265",53,65,10000,TRUE,FALSE,"random_tau"
"5266",53,66,10000,TRUE,FALSE,"random_tau"
"5267",53,67,10000,TRUE,FALSE,"random_tau"
"5268",53,68,10000,TRUE,FALSE,"random_tau"
"5269",53,69,10000,TRUE,FALSE,"random_tau"
"5270",53,70,10000,TRUE,FALSE,"random_tau"
"5271",53,71,10000,TRUE,FALSE,"random_tau"
"5272",53,72,10000,TRUE,FALSE,"random_tau"
"5273",53,73,10000,TRUE,FALSE,"random_tau"
"5274",53,74,10000,TRUE,FALSE,"random_tau"
"5275",53,75,10000,TRUE,FALSE,"random_tau"
"5276",53,76,10000,TRUE,FALSE,"random_tau"
"5277",53,77,10000,TRUE,FALSE,"random_tau"
"5278",53,78,10000,TRUE,FALSE,"random_tau"
"5279",53,79,10000,TRUE,FALSE,"random_tau"
"5280",53,80,10000,TRUE,FALSE,"random_tau"
"5281",53,81,10000,TRUE,FALSE,"random_tau"
"5282",53,82,10000,TRUE,FALSE,"random_tau"
"5283",53,83,10000,TRUE,FALSE,"random_tau"
"5284",53,84,10000,TRUE,FALSE,"random_tau"
"5285",53,85,10000,TRUE,FALSE,"random_tau"
"5286",53,86,10000,TRUE,FALSE,"random_tau"
"5287",53,87,10000,TRUE,FALSE,"random_tau"
"5288",53,88,10000,TRUE,FALSE,"random_tau"
"5289",53,89,10000,TRUE,FALSE,"random_tau"
"5290",53,90,10000,TRUE,FALSE,"random_tau"
"5291",53,91,10000,TRUE,FALSE,"random_tau"
"5292",53,92,10000,TRUE,FALSE,"random_tau"
"5293",53,93,10000,TRUE,FALSE,"random_tau"
"5294",53,94,10000,TRUE,FALSE,"random_tau"
"5295",53,95,10000,TRUE,FALSE,"random_tau"
"5296",53,96,10000,TRUE,FALSE,"random_tau"
"5297",53,97,10000,TRUE,FALSE,"random_tau"
"5298",53,98,10000,TRUE,FALSE,"random_tau"
"5299",53,99,10000,TRUE,FALSE,"random_tau"
"5300",53,100,10000,TRUE,FALSE,"random_tau"
"5301",54,1,629,TRUE,FALSE,"random_tau"
"5302",54,2,1171,TRUE,FALSE,"random_tau"
"5303",54,3,1662,TRUE,FALSE,"random_tau"
"5304",54,4,2178,TRUE,FALSE,"random_tau"
"5305",54,5,2744,TRUE,FALSE,"random_tau"
"5306",54,6,3445,TRUE,FALSE,"random_tau"
"5307",54,7,4347,TRUE,FALSE,"random_tau"
"5308",54,8,5442,TRUE,FALSE,"random_tau"
"5309",54,9,6684,TRUE,FALSE,"random_tau"
"5310",54,10,7951,TRUE,FALSE,"random_tau"
"5311",54,11,8998,TRUE,FALSE,"random_tau"
"5312",54,12,9658,TRUE,FALSE,"random_tau"
"5313",54,13,9932,TRUE,FALSE,"random_tau"
"5314",54,14,10000,TRUE,FALSE,"random_tau"
"5315",54,15,10000,TRUE,FALSE,"random_tau"
"5316",54,16,10000,TRUE,FALSE,"random_tau"
"5317",54,17,10000,TRUE,FALSE,"random_tau"
"5318",54,18,10000,TRUE,FALSE,"random_tau"
"5319",54,19,10000,TRUE,FALSE,"random_tau"
"5320",54,20,10000,TRUE,FALSE,"random_tau"
"5321",54,21,10000,TRUE,FALSE,"random_tau"
"5322",54,22,10000,TRUE,FALSE,"random_tau"
"5323",54,23,10000,TRUE,FALSE,"random_tau"
"5324",54,24,10000,TRUE,FALSE,"random_tau"
"5325",54,25,10000,TRUE,FALSE,"random_tau"
"5326",54,26,10000,TRUE,FALSE,"random_tau"
"5327",54,27,10000,TRUE,FALSE,"random_tau"
"5328",54,28,10000,TRUE,FALSE,"random_tau"
"5329",54,29,10000,TRUE,FALSE,"random_tau"
"5330",54,30,10000,TRUE,FALSE,"random_tau"
"5331",54,31,10000,TRUE,FALSE,"random_tau"
"5332",54,32,10000,TRUE,FALSE,"random_tau"
"5333",54,33,10000,TRUE,FALSE,"random_tau"
"5334",54,34,10000,TRUE,FALSE,"random_tau"
"5335",54,35,10000,TRUE,FALSE,"random_tau"
"5336",54,36,10000,TRUE,FALSE,"random_tau"
"5337",54,37,10000,TRUE,FALSE,"random_tau"
"5338",54,38,10000,TRUE,FALSE,"random_tau"
"5339",54,39,10000,TRUE,FALSE,"random_tau"
"5340",54,40,10000,TRUE,FALSE,"random_tau"
"5341",54,41,10000,TRUE,FALSE,"random_tau"
"5342",54,42,10000,TRUE,FALSE,"random_tau"
"5343",54,43,10000,TRUE,FALSE,"random_tau"
"5344",54,44,10000,TRUE,FALSE,"random_tau"
"5345",54,45,10000,TRUE,FALSE,"random_tau"
"5346",54,46,10000,TRUE,FALSE,"random_tau"
"5347",54,47,10000,TRUE,FALSE,"random_tau"
"5348",54,48,10000,TRUE,FALSE,"random_tau"
"5349",54,49,10000,TRUE,FALSE,"random_tau"
"5350",54,50,10000,TRUE,FALSE,"random_tau"
"5351",54,51,10000,TRUE,FALSE,"random_tau"
"5352",54,52,10000,TRUE,FALSE,"random_tau"
"5353",54,53,10000,TRUE,FALSE,"random_tau"
"5354",54,54,10000,TRUE,FALSE,"random_tau"
"5355",54,55,10000,TRUE,FALSE,"random_tau"
"5356",54,56,10000,TRUE,FALSE,"random_tau"
"5357",54,57,10000,TRUE,FALSE,"random_tau"
"5358",54,58,10000,TRUE,FALSE,"random_tau"
"5359",54,59,10000,TRUE,FALSE,"random_tau"
"5360",54,60,10000,TRUE,FALSE,"random_tau"
"5361",54,61,10000,TRUE,FALSE,"random_tau"
"5362",54,62,10000,TRUE,FALSE,"random_tau"
"5363",54,63,10000,TRUE,FALSE,"random_tau"
"5364",54,64,10000,TRUE,FALSE,"random_tau"
"5365",54,65,10000,TRUE,FALSE,"random_tau"
"5366",54,66,10000,TRUE,FALSE,"random_tau"
"5367",54,67,10000,TRUE,FALSE,"random_tau"
"5368",54,68,10000,TRUE,FALSE,"random_tau"
"5369",54,69,10000,TRUE,FALSE,"random_tau"
"5370",54,70,10000,TRUE,FALSE,"random_tau"
"5371",54,71,10000,TRUE,FALSE,"random_tau"
"5372",54,72,10000,TRUE,FALSE,"random_tau"
"5373",54,73,10000,TRUE,FALSE,"random_tau"
"5374",54,74,10000,TRUE,FALSE,"random_tau"
"5375",54,75,10000,TRUE,FALSE,"random_tau"
"5376",54,76,10000,TRUE,FALSE,"random_tau"
"5377",54,77,10000,TRUE,FALSE,"random_tau"
"5378",54,78,10000,TRUE,FALSE,"random_tau"
"5379",54,79,10000,TRUE,FALSE,"random_tau"
"5380",54,80,10000,TRUE,FALSE,"random_tau"
"5381",54,81,10000,TRUE,FALSE,"random_tau"
"5382",54,82,10000,TRUE,FALSE,"random_tau"
"5383",54,83,10000,TRUE,FALSE,"random_tau"
"5384",54,84,10000,TRUE,FALSE,"random_tau"
"5385",54,85,10000,TRUE,FALSE,"random_tau"
"5386",54,86,10000,TRUE,FALSE,"random_tau"
"5387",54,87,10000,TRUE,FALSE,"random_tau"
"5388",54,88,10000,TRUE,FALSE,"random_tau"
"5389",54,89,10000,TRUE,FALSE,"random_tau"
"5390",54,90,10000,TRUE,FALSE,"random_tau"
"5391",54,91,10000,TRUE,FALSE,"random_tau"
"5392",54,92,10000,TRUE,FALSE,"random_tau"
"5393",54,93,10000,TRUE,FALSE,"random_tau"
"5394",54,94,10000,TRUE,FALSE,"random_tau"
"5395",54,95,10000,TRUE,FALSE,"random_tau"
"5396",54,96,10000,TRUE,FALSE,"random_tau"
"5397",54,97,10000,TRUE,FALSE,"random_tau"
"5398",54,98,10000,TRUE,FALSE,"random_tau"
"5399",54,99,10000,TRUE,FALSE,"random_tau"
"5400",54,100,10000,TRUE,FALSE,"random_tau"
"5401",55,1,593,TRUE,FALSE,"random_tau"
"5402",55,2,1121,TRUE,FALSE,"random_tau"
"5403",55,3,1569,TRUE,FALSE,"random_tau"
"5404",55,4,2054,TRUE,FALSE,"random_tau"
"5405",55,5,2598,TRUE,FALSE,"random_tau"
"5406",55,6,3267,TRUE,FALSE,"random_tau"
"5407",55,7,4085,TRUE,FALSE,"random_tau"
"5408",55,8,5047,TRUE,FALSE,"random_tau"
"5409",55,9,6201,TRUE,FALSE,"random_tau"
"5410",55,10,7545,TRUE,FALSE,"random_tau"
"5411",55,11,8822,TRUE,FALSE,"random_tau"
"5412",55,12,9665,TRUE,FALSE,"random_tau"
"5413",55,13,9949,TRUE,FALSE,"random_tau"
"5414",55,14,9999,TRUE,FALSE,"random_tau"
"5415",55,15,10000,TRUE,FALSE,"random_tau"
"5416",55,16,10000,TRUE,FALSE,"random_tau"
"5417",55,17,10000,TRUE,FALSE,"random_tau"
"5418",55,18,10000,TRUE,FALSE,"random_tau"
"5419",55,19,10000,TRUE,FALSE,"random_tau"
"5420",55,20,10000,TRUE,FALSE,"random_tau"
"5421",55,21,10000,TRUE,FALSE,"random_tau"
"5422",55,22,10000,TRUE,FALSE,"random_tau"
"5423",55,23,10000,TRUE,FALSE,"random_tau"
"5424",55,24,10000,TRUE,FALSE,"random_tau"
"5425",55,25,10000,TRUE,FALSE,"random_tau"
"5426",55,26,10000,TRUE,FALSE,"random_tau"
"5427",55,27,10000,TRUE,FALSE,"random_tau"
"5428",55,28,10000,TRUE,FALSE,"random_tau"
"5429",55,29,10000,TRUE,FALSE,"random_tau"
"5430",55,30,10000,TRUE,FALSE,"random_tau"
"5431",55,31,10000,TRUE,FALSE,"random_tau"
"5432",55,32,10000,TRUE,FALSE,"random_tau"
"5433",55,33,10000,TRUE,FALSE,"random_tau"
"5434",55,34,10000,TRUE,FALSE,"random_tau"
"5435",55,35,10000,TRUE,FALSE,"random_tau"
"5436",55,36,10000,TRUE,FALSE,"random_tau"
"5437",55,37,10000,TRUE,FALSE,"random_tau"
"5438",55,38,10000,TRUE,FALSE,"random_tau"
"5439",55,39,10000,TRUE,FALSE,"random_tau"
"5440",55,40,10000,TRUE,FALSE,"random_tau"
"5441",55,41,10000,TRUE,FALSE,"random_tau"
"5442",55,42,10000,TRUE,FALSE,"random_tau"
"5443",55,43,10000,TRUE,FALSE,"random_tau"
"5444",55,44,10000,TRUE,FALSE,"random_tau"
"5445",55,45,10000,TRUE,FALSE,"random_tau"
"5446",55,46,10000,TRUE,FALSE,"random_tau"
"5447",55,47,10000,TRUE,FALSE,"random_tau"
"5448",55,48,10000,TRUE,FALSE,"random_tau"
"5449",55,49,10000,TRUE,FALSE,"random_tau"
"5450",55,50,10000,TRUE,FALSE,"random_tau"
"5451",55,51,10000,TRUE,FALSE,"random_tau"
"5452",55,52,10000,TRUE,FALSE,"random_tau"
"5453",55,53,10000,TRUE,FALSE,"random_tau"
"5454",55,54,10000,TRUE,FALSE,"random_tau"
"5455",55,55,10000,TRUE,FALSE,"random_tau"
"5456",55,56,10000,TRUE,FALSE,"random_tau"
"5457",55,57,10000,TRUE,FALSE,"random_tau"
"5458",55,58,10000,TRUE,FALSE,"random_tau"
"5459",55,59,10000,TRUE,FALSE,"random_tau"
"5460",55,60,10000,TRUE,FALSE,"random_tau"
"5461",55,61,10000,TRUE,FALSE,"random_tau"
"5462",55,62,10000,TRUE,FALSE,"random_tau"
"5463",55,63,10000,TRUE,FALSE,"random_tau"
"5464",55,64,10000,TRUE,FALSE,"random_tau"
"5465",55,65,10000,TRUE,FALSE,"random_tau"
"5466",55,66,10000,TRUE,FALSE,"random_tau"
"5467",55,67,10000,TRUE,FALSE,"random_tau"
"5468",55,68,10000,TRUE,FALSE,"random_tau"
"5469",55,69,10000,TRUE,FALSE,"random_tau"
"5470",55,70,10000,TRUE,FALSE,"random_tau"
"5471",55,71,10000,TRUE,FALSE,"random_tau"
"5472",55,72,10000,TRUE,FALSE,"random_tau"
"5473",55,73,10000,TRUE,FALSE,"random_tau"
"5474",55,74,10000,TRUE,FALSE,"random_tau"
"5475",55,75,10000,TRUE,FALSE,"random_tau"
"5476",55,76,10000,TRUE,FALSE,"random_tau"
"5477",55,77,10000,TRUE,FALSE,"random_tau"
"5478",55,78,10000,TRUE,FALSE,"random_tau"
"5479",55,79,10000,TRUE,FALSE,"random_tau"
"5480",55,80,10000,TRUE,FALSE,"random_tau"
"5481",55,81,10000,TRUE,FALSE,"random_tau"
"5482",55,82,10000,TRUE,FALSE,"random_tau"
"5483",55,83,10000,TRUE,FALSE,"random_tau"
"5484",55,84,10000,TRUE,FALSE,"random_tau"
"5485",55,85,10000,TRUE,FALSE,"random_tau"
"5486",55,86,10000,TRUE,FALSE,"random_tau"
"5487",55,87,10000,TRUE,FALSE,"random_tau"
"5488",55,88,10000,TRUE,FALSE,"random_tau"
"5489",55,89,10000,TRUE,FALSE,"random_tau"
"5490",55,90,10000,TRUE,FALSE,"random_tau"
"5491",55,91,10000,TRUE,FALSE,"random_tau"
"5492",55,92,10000,TRUE,FALSE,"random_tau"
"5493",55,93,10000,TRUE,FALSE,"random_tau"
"5494",55,94,10000,TRUE,FALSE,"random_tau"
"5495",55,95,10000,TRUE,FALSE,"random_tau"
"5496",55,96,10000,TRUE,FALSE,"random_tau"
"5497",55,97,10000,TRUE,FALSE,"random_tau"
"5498",55,98,10000,TRUE,FALSE,"random_tau"
"5499",55,99,10000,TRUE,FALSE,"random_tau"
"5500",55,100,10000,TRUE,FALSE,"random_tau"
"5501",56,1,629,TRUE,FALSE,"random_tau"
"5502",56,2,1145,TRUE,FALSE,"random_tau"
"5503",56,3,1598,TRUE,FALSE,"random_tau"
"5504",56,4,2067,TRUE,FALSE,"random_tau"
"5505",56,5,2610,TRUE,FALSE,"random_tau"
"5506",56,6,3273,TRUE,FALSE,"random_tau"
"5507",56,7,4089,TRUE,FALSE,"random_tau"
"5508",56,8,5122,TRUE,FALSE,"random_tau"
"5509",56,9,6326,TRUE,FALSE,"random_tau"
"5510",56,10,7606,TRUE,FALSE,"random_tau"
"5511",56,11,8743,TRUE,FALSE,"random_tau"
"5512",56,12,9520,TRUE,FALSE,"random_tau"
"5513",56,13,9875,TRUE,FALSE,"random_tau"
"5514",56,14,9984,TRUE,FALSE,"random_tau"
"5515",56,15,9999,TRUE,FALSE,"random_tau"
"5516",56,16,10000,TRUE,FALSE,"random_tau"
"5517",56,17,10000,TRUE,FALSE,"random_tau"
"5518",56,18,10000,TRUE,FALSE,"random_tau"
"5519",56,19,10000,TRUE,FALSE,"random_tau"
"5520",56,20,10000,TRUE,FALSE,"random_tau"
"5521",56,21,10000,TRUE,FALSE,"random_tau"
"5522",56,22,10000,TRUE,FALSE,"random_tau"
"5523",56,23,10000,TRUE,FALSE,"random_tau"
"5524",56,24,10000,TRUE,FALSE,"random_tau"
"5525",56,25,10000,TRUE,FALSE,"random_tau"
"5526",56,26,10000,TRUE,FALSE,"random_tau"
"5527",56,27,10000,TRUE,FALSE,"random_tau"
"5528",56,28,10000,TRUE,FALSE,"random_tau"
"5529",56,29,10000,TRUE,FALSE,"random_tau"
"5530",56,30,10000,TRUE,FALSE,"random_tau"
"5531",56,31,10000,TRUE,FALSE,"random_tau"
"5532",56,32,10000,TRUE,FALSE,"random_tau"
"5533",56,33,10000,TRUE,FALSE,"random_tau"
"5534",56,34,10000,TRUE,FALSE,"random_tau"
"5535",56,35,10000,TRUE,FALSE,"random_tau"
"5536",56,36,10000,TRUE,FALSE,"random_tau"
"5537",56,37,10000,TRUE,FALSE,"random_tau"
"5538",56,38,10000,TRUE,FALSE,"random_tau"
"5539",56,39,10000,TRUE,FALSE,"random_tau"
"5540",56,40,10000,TRUE,FALSE,"random_tau"
"5541",56,41,10000,TRUE,FALSE,"random_tau"
"5542",56,42,10000,TRUE,FALSE,"random_tau"
"5543",56,43,10000,TRUE,FALSE,"random_tau"
"5544",56,44,10000,TRUE,FALSE,"random_tau"
"5545",56,45,10000,TRUE,FALSE,"random_tau"
"5546",56,46,10000,TRUE,FALSE,"random_tau"
"5547",56,47,10000,TRUE,FALSE,"random_tau"
"5548",56,48,10000,TRUE,FALSE,"random_tau"
"5549",56,49,10000,TRUE,FALSE,"random_tau"
"5550",56,50,10000,TRUE,FALSE,"random_tau"
"5551",56,51,10000,TRUE,FALSE,"random_tau"
"5552",56,52,10000,TRUE,FALSE,"random_tau"
"5553",56,53,10000,TRUE,FALSE,"random_tau"
"5554",56,54,10000,TRUE,FALSE,"random_tau"
"5555",56,55,10000,TRUE,FALSE,"random_tau"
"5556",56,56,10000,TRUE,FALSE,"random_tau"
"5557",56,57,10000,TRUE,FALSE,"random_tau"
"5558",56,58,10000,TRUE,FALSE,"random_tau"
"5559",56,59,10000,TRUE,FALSE,"random_tau"
"5560",56,60,10000,TRUE,FALSE,"random_tau"
"5561",56,61,10000,TRUE,FALSE,"random_tau"
"5562",56,62,10000,TRUE,FALSE,"random_tau"
"5563",56,63,10000,TRUE,FALSE,"random_tau"
"5564",56,64,10000,TRUE,FALSE,"random_tau"
"5565",56,65,10000,TRUE,FALSE,"random_tau"
"5566",56,66,10000,TRUE,FALSE,"random_tau"
"5567",56,67,10000,TRUE,FALSE,"random_tau"
"5568",56,68,10000,TRUE,FALSE,"random_tau"
"5569",56,69,10000,TRUE,FALSE,"random_tau"
"5570",56,70,10000,TRUE,FALSE,"random_tau"
"5571",56,71,10000,TRUE,FALSE,"random_tau"
"5572",56,72,10000,TRUE,FALSE,"random_tau"
"5573",56,73,10000,TRUE,FALSE,"random_tau"
"5574",56,74,10000,TRUE,FALSE,"random_tau"
"5575",56,75,10000,TRUE,FALSE,"random_tau"
"5576",56,76,10000,TRUE,FALSE,"random_tau"
"5577",56,77,10000,TRUE,FALSE,"random_tau"
"5578",56,78,10000,TRUE,FALSE,"random_tau"
"5579",56,79,10000,TRUE,FALSE,"random_tau"
"5580",56,80,10000,TRUE,FALSE,"random_tau"
"5581",56,81,10000,TRUE,FALSE,"random_tau"
"5582",56,82,10000,TRUE,FALSE,"random_tau"
"5583",56,83,10000,TRUE,FALSE,"random_tau"
"5584",56,84,10000,TRUE,FALSE,"random_tau"
"5585",56,85,10000,TRUE,FALSE,"random_tau"
"5586",56,86,10000,TRUE,FALSE,"random_tau"
"5587",56,87,10000,TRUE,FALSE,"random_tau"
"5588",56,88,10000,TRUE,FALSE,"random_tau"
"5589",56,89,10000,TRUE,FALSE,"random_tau"
"5590",56,90,10000,TRUE,FALSE,"random_tau"
"5591",56,91,10000,TRUE,FALSE,"random_tau"
"5592",56,92,10000,TRUE,FALSE,"random_tau"
"5593",56,93,10000,TRUE,FALSE,"random_tau"
"5594",56,94,10000,TRUE,FALSE,"random_tau"
"5595",56,95,10000,TRUE,FALSE,"random_tau"
"5596",56,96,10000,TRUE,FALSE,"random_tau"
"5597",56,97,10000,TRUE,FALSE,"random_tau"
"5598",56,98,10000,TRUE,FALSE,"random_tau"
"5599",56,99,10000,TRUE,FALSE,"random_tau"
"5600",56,100,10000,TRUE,FALSE,"random_tau"
"5601",57,1,595,TRUE,FALSE,"random_tau"
"5602",57,2,1058,TRUE,FALSE,"random_tau"
"5603",57,3,1485,TRUE,FALSE,"random_tau"
"5604",57,4,1941,TRUE,FALSE,"random_tau"
"5605",57,5,2463,TRUE,FALSE,"random_tau"
"5606",57,6,3106,TRUE,FALSE,"random_tau"
"5607",57,7,3875,TRUE,FALSE,"random_tau"
"5608",57,8,4814,TRUE,FALSE,"random_tau"
"5609",57,9,5989,TRUE,FALSE,"random_tau"
"5610",57,10,7313,TRUE,FALSE,"random_tau"
"5611",57,11,8543,TRUE,FALSE,"random_tau"
"5612",57,12,9455,TRUE,FALSE,"random_tau"
"5613",57,13,9891,TRUE,FALSE,"random_tau"
"5614",57,14,9993,TRUE,FALSE,"random_tau"
"5615",57,15,10000,TRUE,FALSE,"random_tau"
"5616",57,16,10000,TRUE,FALSE,"random_tau"
"5617",57,17,10000,TRUE,FALSE,"random_tau"
"5618",57,18,10000,TRUE,FALSE,"random_tau"
"5619",57,19,10000,TRUE,FALSE,"random_tau"
"5620",57,20,10000,TRUE,FALSE,"random_tau"
"5621",57,21,10000,TRUE,FALSE,"random_tau"
"5622",57,22,10000,TRUE,FALSE,"random_tau"
"5623",57,23,10000,TRUE,FALSE,"random_tau"
"5624",57,24,10000,TRUE,FALSE,"random_tau"
"5625",57,25,10000,TRUE,FALSE,"random_tau"
"5626",57,26,10000,TRUE,FALSE,"random_tau"
"5627",57,27,10000,TRUE,FALSE,"random_tau"
"5628",57,28,10000,TRUE,FALSE,"random_tau"
"5629",57,29,10000,TRUE,FALSE,"random_tau"
"5630",57,30,10000,TRUE,FALSE,"random_tau"
"5631",57,31,10000,TRUE,FALSE,"random_tau"
"5632",57,32,10000,TRUE,FALSE,"random_tau"
"5633",57,33,10000,TRUE,FALSE,"random_tau"
"5634",57,34,10000,TRUE,FALSE,"random_tau"
"5635",57,35,10000,TRUE,FALSE,"random_tau"
"5636",57,36,10000,TRUE,FALSE,"random_tau"
"5637",57,37,10000,TRUE,FALSE,"random_tau"
"5638",57,38,10000,TRUE,FALSE,"random_tau"
"5639",57,39,10000,TRUE,FALSE,"random_tau"
"5640",57,40,10000,TRUE,FALSE,"random_tau"
"5641",57,41,10000,TRUE,FALSE,"random_tau"
"5642",57,42,10000,TRUE,FALSE,"random_tau"
"5643",57,43,10000,TRUE,FALSE,"random_tau"
"5644",57,44,10000,TRUE,FALSE,"random_tau"
"5645",57,45,10000,TRUE,FALSE,"random_tau"
"5646",57,46,10000,TRUE,FALSE,"random_tau"
"5647",57,47,10000,TRUE,FALSE,"random_tau"
"5648",57,48,10000,TRUE,FALSE,"random_tau"
"5649",57,49,10000,TRUE,FALSE,"random_tau"
"5650",57,50,10000,TRUE,FALSE,"random_tau"
"5651",57,51,10000,TRUE,FALSE,"random_tau"
"5652",57,52,10000,TRUE,FALSE,"random_tau"
"5653",57,53,10000,TRUE,FALSE,"random_tau"
"5654",57,54,10000,TRUE,FALSE,"random_tau"
"5655",57,55,10000,TRUE,FALSE,"random_tau"
"5656",57,56,10000,TRUE,FALSE,"random_tau"
"5657",57,57,10000,TRUE,FALSE,"random_tau"
"5658",57,58,10000,TRUE,FALSE,"random_tau"
"5659",57,59,10000,TRUE,FALSE,"random_tau"
"5660",57,60,10000,TRUE,FALSE,"random_tau"
"5661",57,61,10000,TRUE,FALSE,"random_tau"
"5662",57,62,10000,TRUE,FALSE,"random_tau"
"5663",57,63,10000,TRUE,FALSE,"random_tau"
"5664",57,64,10000,TRUE,FALSE,"random_tau"
"5665",57,65,10000,TRUE,FALSE,"random_tau"
"5666",57,66,10000,TRUE,FALSE,"random_tau"
"5667",57,67,10000,TRUE,FALSE,"random_tau"
"5668",57,68,10000,TRUE,FALSE,"random_tau"
"5669",57,69,10000,TRUE,FALSE,"random_tau"
"5670",57,70,10000,TRUE,FALSE,"random_tau"
"5671",57,71,10000,TRUE,FALSE,"random_tau"
"5672",57,72,10000,TRUE,FALSE,"random_tau"
"5673",57,73,10000,TRUE,FALSE,"random_tau"
"5674",57,74,10000,TRUE,FALSE,"random_tau"
"5675",57,75,10000,TRUE,FALSE,"random_tau"
"5676",57,76,10000,TRUE,FALSE,"random_tau"
"5677",57,77,10000,TRUE,FALSE,"random_tau"
"5678",57,78,10000,TRUE,FALSE,"random_tau"
"5679",57,79,10000,TRUE,FALSE,"random_tau"
"5680",57,80,10000,TRUE,FALSE,"random_tau"
"5681",57,81,10000,TRUE,FALSE,"random_tau"
"5682",57,82,10000,TRUE,FALSE,"random_tau"
"5683",57,83,10000,TRUE,FALSE,"random_tau"
"5684",57,84,10000,TRUE,FALSE,"random_tau"
"5685",57,85,10000,TRUE,FALSE,"random_tau"
"5686",57,86,10000,TRUE,FALSE,"random_tau"
"5687",57,87,10000,TRUE,FALSE,"random_tau"
"5688",57,88,10000,TRUE,FALSE,"random_tau"
"5689",57,89,10000,TRUE,FALSE,"random_tau"
"5690",57,90,10000,TRUE,FALSE,"random_tau"
"5691",57,91,10000,TRUE,FALSE,"random_tau"
"5692",57,92,10000,TRUE,FALSE,"random_tau"
"5693",57,93,10000,TRUE,FALSE,"random_tau"
"5694",57,94,10000,TRUE,FALSE,"random_tau"
"5695",57,95,10000,TRUE,FALSE,"random_tau"
"5696",57,96,10000,TRUE,FALSE,"random_tau"
"5697",57,97,10000,TRUE,FALSE,"random_tau"
"5698",57,98,10000,TRUE,FALSE,"random_tau"
"5699",57,99,10000,TRUE,FALSE,"random_tau"
"5700",57,100,10000,TRUE,FALSE,"random_tau"
"5701",58,1,618,TRUE,FALSE,"random_tau"
"5702",58,2,1132,TRUE,FALSE,"random_tau"
"5703",58,3,1580,TRUE,FALSE,"random_tau"
"5704",58,4,2039,TRUE,FALSE,"random_tau"
"5705",58,5,2572,TRUE,FALSE,"random_tau"
"5706",58,6,3192,TRUE,FALSE,"random_tau"
"5707",58,7,3952,TRUE,FALSE,"random_tau"
"5708",58,8,4879,TRUE,FALSE,"random_tau"
"5709",58,9,6024,TRUE,FALSE,"random_tau"
"5710",58,10,7315,TRUE,FALSE,"random_tau"
"5711",58,11,8592,TRUE,FALSE,"random_tau"
"5712",58,12,9479,TRUE,FALSE,"random_tau"
"5713",58,13,9874,TRUE,FALSE,"random_tau"
"5714",58,14,9984,TRUE,FALSE,"random_tau"
"5715",58,15,10000,TRUE,FALSE,"random_tau"
"5716",58,16,10000,TRUE,FALSE,"random_tau"
"5717",58,17,10000,TRUE,FALSE,"random_tau"
"5718",58,18,10000,TRUE,FALSE,"random_tau"
"5719",58,19,10000,TRUE,FALSE,"random_tau"
"5720",58,20,10000,TRUE,FALSE,"random_tau"
"5721",58,21,10000,TRUE,FALSE,"random_tau"
"5722",58,22,10000,TRUE,FALSE,"random_tau"
"5723",58,23,10000,TRUE,FALSE,"random_tau"
"5724",58,24,10000,TRUE,FALSE,"random_tau"
"5725",58,25,10000,TRUE,FALSE,"random_tau"
"5726",58,26,10000,TRUE,FALSE,"random_tau"
"5727",58,27,10000,TRUE,FALSE,"random_tau"
"5728",58,28,10000,TRUE,FALSE,"random_tau"
"5729",58,29,10000,TRUE,FALSE,"random_tau"
"5730",58,30,10000,TRUE,FALSE,"random_tau"
"5731",58,31,10000,TRUE,FALSE,"random_tau"
"5732",58,32,10000,TRUE,FALSE,"random_tau"
"5733",58,33,10000,TRUE,FALSE,"random_tau"
"5734",58,34,10000,TRUE,FALSE,"random_tau"
"5735",58,35,10000,TRUE,FALSE,"random_tau"
"5736",58,36,10000,TRUE,FALSE,"random_tau"
"5737",58,37,10000,TRUE,FALSE,"random_tau"
"5738",58,38,10000,TRUE,FALSE,"random_tau"
"5739",58,39,10000,TRUE,FALSE,"random_tau"
"5740",58,40,10000,TRUE,FALSE,"random_tau"
"5741",58,41,10000,TRUE,FALSE,"random_tau"
"5742",58,42,10000,TRUE,FALSE,"random_tau"
"5743",58,43,10000,TRUE,FALSE,"random_tau"
"5744",58,44,10000,TRUE,FALSE,"random_tau"
"5745",58,45,10000,TRUE,FALSE,"random_tau"
"5746",58,46,10000,TRUE,FALSE,"random_tau"
"5747",58,47,10000,TRUE,FALSE,"random_tau"
"5748",58,48,10000,TRUE,FALSE,"random_tau"
"5749",58,49,10000,TRUE,FALSE,"random_tau"
"5750",58,50,10000,TRUE,FALSE,"random_tau"
"5751",58,51,10000,TRUE,FALSE,"random_tau"
"5752",58,52,10000,TRUE,FALSE,"random_tau"
"5753",58,53,10000,TRUE,FALSE,"random_tau"
"5754",58,54,10000,TRUE,FALSE,"random_tau"
"5755",58,55,10000,TRUE,FALSE,"random_tau"
"5756",58,56,10000,TRUE,FALSE,"random_tau"
"5757",58,57,10000,TRUE,FALSE,"random_tau"
"5758",58,58,10000,TRUE,FALSE,"random_tau"
"5759",58,59,10000,TRUE,FALSE,"random_tau"
"5760",58,60,10000,TRUE,FALSE,"random_tau"
"5761",58,61,10000,TRUE,FALSE,"random_tau"
"5762",58,62,10000,TRUE,FALSE,"random_tau"
"5763",58,63,10000,TRUE,FALSE,"random_tau"
"5764",58,64,10000,TRUE,FALSE,"random_tau"
"5765",58,65,10000,TRUE,FALSE,"random_tau"
"5766",58,66,10000,TRUE,FALSE,"random_tau"
"5767",58,67,10000,TRUE,FALSE,"random_tau"
"5768",58,68,10000,TRUE,FALSE,"random_tau"
"5769",58,69,10000,TRUE,FALSE,"random_tau"
"5770",58,70,10000,TRUE,FALSE,"random_tau"
"5771",58,71,10000,TRUE,FALSE,"random_tau"
"5772",58,72,10000,TRUE,FALSE,"random_tau"
"5773",58,73,10000,TRUE,FALSE,"random_tau"
"5774",58,74,10000,TRUE,FALSE,"random_tau"
"5775",58,75,10000,TRUE,FALSE,"random_tau"
"5776",58,76,10000,TRUE,FALSE,"random_tau"
"5777",58,77,10000,TRUE,FALSE,"random_tau"
"5778",58,78,10000,TRUE,FALSE,"random_tau"
"5779",58,79,10000,TRUE,FALSE,"random_tau"
"5780",58,80,10000,TRUE,FALSE,"random_tau"
"5781",58,81,10000,TRUE,FALSE,"random_tau"
"5782",58,82,10000,TRUE,FALSE,"random_tau"
"5783",58,83,10000,TRUE,FALSE,"random_tau"
"5784",58,84,10000,TRUE,FALSE,"random_tau"
"5785",58,85,10000,TRUE,FALSE,"random_tau"
"5786",58,86,10000,TRUE,FALSE,"random_tau"
"5787",58,87,10000,TRUE,FALSE,"random_tau"
"5788",58,88,10000,TRUE,FALSE,"random_tau"
"5789",58,89,10000,TRUE,FALSE,"random_tau"
"5790",58,90,10000,TRUE,FALSE,"random_tau"
"5791",58,91,10000,TRUE,FALSE,"random_tau"
"5792",58,92,10000,TRUE,FALSE,"random_tau"
"5793",58,93,10000,TRUE,FALSE,"random_tau"
"5794",58,94,10000,TRUE,FALSE,"random_tau"
"5795",58,95,10000,TRUE,FALSE,"random_tau"
"5796",58,96,10000,TRUE,FALSE,"random_tau"
"5797",58,97,10000,TRUE,FALSE,"random_tau"
"5798",58,98,10000,TRUE,FALSE,"random_tau"
"5799",58,99,10000,TRUE,FALSE,"random_tau"
"5800",58,100,10000,TRUE,FALSE,"random_tau"
"5801",59,1,630,TRUE,FALSE,"random_tau"
"5802",59,2,1176,TRUE,FALSE,"random_tau"
"5803",59,3,1688,TRUE,FALSE,"random_tau"
"5804",59,4,2230,TRUE,FALSE,"random_tau"
"5805",59,5,2880,TRUE,FALSE,"random_tau"
"5806",59,6,3662,TRUE,FALSE,"random_tau"
"5807",59,7,4619,TRUE,FALSE,"random_tau"
"5808",59,8,5786,TRUE,FALSE,"random_tau"
"5809",59,9,7156,TRUE,FALSE,"random_tau"
"5810",59,10,8437,TRUE,FALSE,"random_tau"
"5811",59,11,9464,TRUE,FALSE,"random_tau"
"5812",59,12,9924,TRUE,FALSE,"random_tau"
"5813",59,13,9998,TRUE,FALSE,"random_tau"
"5814",59,14,10000,TRUE,FALSE,"random_tau"
"5815",59,15,10000,TRUE,FALSE,"random_tau"
"5816",59,16,10000,TRUE,FALSE,"random_tau"
"5817",59,17,10000,TRUE,FALSE,"random_tau"
"5818",59,18,10000,TRUE,FALSE,"random_tau"
"5819",59,19,10000,TRUE,FALSE,"random_tau"
"5820",59,20,10000,TRUE,FALSE,"random_tau"
"5821",59,21,10000,TRUE,FALSE,"random_tau"
"5822",59,22,10000,TRUE,FALSE,"random_tau"
"5823",59,23,10000,TRUE,FALSE,"random_tau"
"5824",59,24,10000,TRUE,FALSE,"random_tau"
"5825",59,25,10000,TRUE,FALSE,"random_tau"
"5826",59,26,10000,TRUE,FALSE,"random_tau"
"5827",59,27,10000,TRUE,FALSE,"random_tau"
"5828",59,28,10000,TRUE,FALSE,"random_tau"
"5829",59,29,10000,TRUE,FALSE,"random_tau"
"5830",59,30,10000,TRUE,FALSE,"random_tau"
"5831",59,31,10000,TRUE,FALSE,"random_tau"
"5832",59,32,10000,TRUE,FALSE,"random_tau"
"5833",59,33,10000,TRUE,FALSE,"random_tau"
"5834",59,34,10000,TRUE,FALSE,"random_tau"
"5835",59,35,10000,TRUE,FALSE,"random_tau"
"5836",59,36,10000,TRUE,FALSE,"random_tau"
"5837",59,37,10000,TRUE,FALSE,"random_tau"
"5838",59,38,10000,TRUE,FALSE,"random_tau"
"5839",59,39,10000,TRUE,FALSE,"random_tau"
"5840",59,40,10000,TRUE,FALSE,"random_tau"
"5841",59,41,10000,TRUE,FALSE,"random_tau"
"5842",59,42,10000,TRUE,FALSE,"random_tau"
"5843",59,43,10000,TRUE,FALSE,"random_tau"
"5844",59,44,10000,TRUE,FALSE,"random_tau"
"5845",59,45,10000,TRUE,FALSE,"random_tau"
"5846",59,46,10000,TRUE,FALSE,"random_tau"
"5847",59,47,10000,TRUE,FALSE,"random_tau"
"5848",59,48,10000,TRUE,FALSE,"random_tau"
"5849",59,49,10000,TRUE,FALSE,"random_tau"
"5850",59,50,10000,TRUE,FALSE,"random_tau"
"5851",59,51,10000,TRUE,FALSE,"random_tau"
"5852",59,52,10000,TRUE,FALSE,"random_tau"
"5853",59,53,10000,TRUE,FALSE,"random_tau"
"5854",59,54,10000,TRUE,FALSE,"random_tau"
"5855",59,55,10000,TRUE,FALSE,"random_tau"
"5856",59,56,10000,TRUE,FALSE,"random_tau"
"5857",59,57,10000,TRUE,FALSE,"random_tau"
"5858",59,58,10000,TRUE,FALSE,"random_tau"
"5859",59,59,10000,TRUE,FALSE,"random_tau"
"5860",59,60,10000,TRUE,FALSE,"random_tau"
"5861",59,61,10000,TRUE,FALSE,"random_tau"
"5862",59,62,10000,TRUE,FALSE,"random_tau"
"5863",59,63,10000,TRUE,FALSE,"random_tau"
"5864",59,64,10000,TRUE,FALSE,"random_tau"
"5865",59,65,10000,TRUE,FALSE,"random_tau"
"5866",59,66,10000,TRUE,FALSE,"random_tau"
"5867",59,67,10000,TRUE,FALSE,"random_tau"
"5868",59,68,10000,TRUE,FALSE,"random_tau"
"5869",59,69,10000,TRUE,FALSE,"random_tau"
"5870",59,70,10000,TRUE,FALSE,"random_tau"
"5871",59,71,10000,TRUE,FALSE,"random_tau"
"5872",59,72,10000,TRUE,FALSE,"random_tau"
"5873",59,73,10000,TRUE,FALSE,"random_tau"
"5874",59,74,10000,TRUE,FALSE,"random_tau"
"5875",59,75,10000,TRUE,FALSE,"random_tau"
"5876",59,76,10000,TRUE,FALSE,"random_tau"
"5877",59,77,10000,TRUE,FALSE,"random_tau"
"5878",59,78,10000,TRUE,FALSE,"random_tau"
"5879",59,79,10000,TRUE,FALSE,"random_tau"
"5880",59,80,10000,TRUE,FALSE,"random_tau"
"5881",59,81,10000,TRUE,FALSE,"random_tau"
"5882",59,82,10000,TRUE,FALSE,"random_tau"
"5883",59,83,10000,TRUE,FALSE,"random_tau"
"5884",59,84,10000,TRUE,FALSE,"random_tau"
"5885",59,85,10000,TRUE,FALSE,"random_tau"
"5886",59,86,10000,TRUE,FALSE,"random_tau"
"5887",59,87,10000,TRUE,FALSE,"random_tau"
"5888",59,88,10000,TRUE,FALSE,"random_tau"
"5889",59,89,10000,TRUE,FALSE,"random_tau"
"5890",59,90,10000,TRUE,FALSE,"random_tau"
"5891",59,91,10000,TRUE,FALSE,"random_tau"
"5892",59,92,10000,TRUE,FALSE,"random_tau"
"5893",59,93,10000,TRUE,FALSE,"random_tau"
"5894",59,94,10000,TRUE,FALSE,"random_tau"
"5895",59,95,10000,TRUE,FALSE,"random_tau"
"5896",59,96,10000,TRUE,FALSE,"random_tau"
"5897",59,97,10000,TRUE,FALSE,"random_tau"
"5898",59,98,10000,TRUE,FALSE,"random_tau"
"5899",59,99,10000,TRUE,FALSE,"random_tau"
"5900",59,100,10000,TRUE,FALSE,"random_tau"
"5901",60,1,626,TRUE,FALSE,"random_tau"
"5902",60,2,1102,TRUE,FALSE,"random_tau"
"5903",60,3,1548,TRUE,FALSE,"random_tau"
"5904",60,4,2015,TRUE,FALSE,"random_tau"
"5905",60,5,2583,TRUE,FALSE,"random_tau"
"5906",60,6,3287,TRUE,FALSE,"random_tau"
"5907",60,7,4138,TRUE,FALSE,"random_tau"
"5908",60,8,5199,TRUE,FALSE,"random_tau"
"5909",60,9,6458,TRUE,FALSE,"random_tau"
"5910",60,10,7767,TRUE,FALSE,"random_tau"
"5911",60,11,8895,TRUE,FALSE,"random_tau"
"5912",60,12,9623,TRUE,FALSE,"random_tau"
"5913",60,13,9920,TRUE,FALSE,"random_tau"
"5914",60,14,9988,TRUE,FALSE,"random_tau"
"5915",60,15,9997,TRUE,FALSE,"random_tau"
"5916",60,16,10000,TRUE,FALSE,"random_tau"
"5917",60,17,10000,TRUE,FALSE,"random_tau"
"5918",60,18,10000,TRUE,FALSE,"random_tau"
"5919",60,19,10000,TRUE,FALSE,"random_tau"
"5920",60,20,10000,TRUE,FALSE,"random_tau"
"5921",60,21,10000,TRUE,FALSE,"random_tau"
"5922",60,22,10000,TRUE,FALSE,"random_tau"
"5923",60,23,10000,TRUE,FALSE,"random_tau"
"5924",60,24,10000,TRUE,FALSE,"random_tau"
"5925",60,25,10000,TRUE,FALSE,"random_tau"
"5926",60,26,10000,TRUE,FALSE,"random_tau"
"5927",60,27,10000,TRUE,FALSE,"random_tau"
"5928",60,28,10000,TRUE,FALSE,"random_tau"
"5929",60,29,10000,TRUE,FALSE,"random_tau"
"5930",60,30,10000,TRUE,FALSE,"random_tau"
"5931",60,31,10000,TRUE,FALSE,"random_tau"
"5932",60,32,10000,TRUE,FALSE,"random_tau"
"5933",60,33,10000,TRUE,FALSE,"random_tau"
"5934",60,34,10000,TRUE,FALSE,"random_tau"
"5935",60,35,10000,TRUE,FALSE,"random_tau"
"5936",60,36,10000,TRUE,FALSE,"random_tau"
"5937",60,37,10000,TRUE,FALSE,"random_tau"
"5938",60,38,10000,TRUE,FALSE,"random_tau"
"5939",60,39,10000,TRUE,FALSE,"random_tau"
"5940",60,40,10000,TRUE,FALSE,"random_tau"
"5941",60,41,10000,TRUE,FALSE,"random_tau"
"5942",60,42,10000,TRUE,FALSE,"random_tau"
"5943",60,43,10000,TRUE,FALSE,"random_tau"
"5944",60,44,10000,TRUE,FALSE,"random_tau"
"5945",60,45,10000,TRUE,FALSE,"random_tau"
"5946",60,46,10000,TRUE,FALSE,"random_tau"
"5947",60,47,10000,TRUE,FALSE,"random_tau"
"5948",60,48,10000,TRUE,FALSE,"random_tau"
"5949",60,49,10000,TRUE,FALSE,"random_tau"
"5950",60,50,10000,TRUE,FALSE,"random_tau"
"5951",60,51,10000,TRUE,FALSE,"random_tau"
"5952",60,52,10000,TRUE,FALSE,"random_tau"
"5953",60,53,10000,TRUE,FALSE,"random_tau"
"5954",60,54,10000,TRUE,FALSE,"random_tau"
"5955",60,55,10000,TRUE,FALSE,"random_tau"
"5956",60,56,10000,TRUE,FALSE,"random_tau"
"5957",60,57,10000,TRUE,FALSE,"random_tau"
"5958",60,58,10000,TRUE,FALSE,"random_tau"
"5959",60,59,10000,TRUE,FALSE,"random_tau"
"5960",60,60,10000,TRUE,FALSE,"random_tau"
"5961",60,61,10000,TRUE,FALSE,"random_tau"
"5962",60,62,10000,TRUE,FALSE,"random_tau"
"5963",60,63,10000,TRUE,FALSE,"random_tau"
"5964",60,64,10000,TRUE,FALSE,"random_tau"
"5965",60,65,10000,TRUE,FALSE,"random_tau"
"5966",60,66,10000,TRUE,FALSE,"random_tau"
"5967",60,67,10000,TRUE,FALSE,"random_tau"
"5968",60,68,10000,TRUE,FALSE,"random_tau"
"5969",60,69,10000,TRUE,FALSE,"random_tau"
"5970",60,70,10000,TRUE,FALSE,"random_tau"
"5971",60,71,10000,TRUE,FALSE,"random_tau"
"5972",60,72,10000,TRUE,FALSE,"random_tau"
"5973",60,73,10000,TRUE,FALSE,"random_tau"
"5974",60,74,10000,TRUE,FALSE,"random_tau"
"5975",60,75,10000,TRUE,FALSE,"random_tau"
"5976",60,76,10000,TRUE,FALSE,"random_tau"
"5977",60,77,10000,TRUE,FALSE,"random_tau"
"5978",60,78,10000,TRUE,FALSE,"random_tau"
"5979",60,79,10000,TRUE,FALSE,"random_tau"
"5980",60,80,10000,TRUE,FALSE,"random_tau"
"5981",60,81,10000,TRUE,FALSE,"random_tau"
"5982",60,82,10000,TRUE,FALSE,"random_tau"
"5983",60,83,10000,TRUE,FALSE,"random_tau"
"5984",60,84,10000,TRUE,FALSE,"random_tau"
"5985",60,85,10000,TRUE,FALSE,"random_tau"
"5986",60,86,10000,TRUE,FALSE,"random_tau"
"5987",60,87,10000,TRUE,FALSE,"random_tau"
"5988",60,88,10000,TRUE,FALSE,"random_tau"
"5989",60,89,10000,TRUE,FALSE,"random_tau"
"5990",60,90,10000,TRUE,FALSE,"random_tau"
"5991",60,91,10000,TRUE,FALSE,"random_tau"
"5992",60,92,10000,TRUE,FALSE,"random_tau"
"5993",60,93,10000,TRUE,FALSE,"random_tau"
"5994",60,94,10000,TRUE,FALSE,"random_tau"
"5995",60,95,10000,TRUE,FALSE,"random_tau"
"5996",60,96,10000,TRUE,FALSE,"random_tau"
"5997",60,97,10000,TRUE,FALSE,"random_tau"
"5998",60,98,10000,TRUE,FALSE,"random_tau"
"5999",60,99,10000,TRUE,FALSE,"random_tau"
"6000",60,100,10000,TRUE,FALSE,"random_tau"
"6001",61,1,630,TRUE,FALSE,"random_tau"
"6002",61,2,1157,TRUE,FALSE,"random_tau"
"6003",61,3,1627,TRUE,FALSE,"random_tau"
"6004",61,4,2093,TRUE,FALSE,"random_tau"
"6005",61,5,2640,TRUE,FALSE,"random_tau"
"6006",61,6,3319,TRUE,FALSE,"random_tau"
"6007",61,7,4165,TRUE,FALSE,"random_tau"
"6008",61,8,5217,TRUE,FALSE,"random_tau"
"6009",61,9,6435,TRUE,FALSE,"random_tau"
"6010",61,10,7745,TRUE,FALSE,"random_tau"
"6011",61,11,8949,TRUE,FALSE,"random_tau"
"6012",61,12,9696,TRUE,FALSE,"random_tau"
"6013",61,13,9952,TRUE,FALSE,"random_tau"
"6014",61,14,9995,TRUE,FALSE,"random_tau"
"6015",61,15,9999,TRUE,FALSE,"random_tau"
"6016",61,16,9999,TRUE,FALSE,"random_tau"
"6017",61,17,9999,TRUE,FALSE,"random_tau"
"6018",61,18,9999,TRUE,FALSE,"random_tau"
"6019",61,19,9999,TRUE,FALSE,"random_tau"
"6020",61,20,9999,TRUE,FALSE,"random_tau"
"6021",61,21,9999,TRUE,FALSE,"random_tau"
"6022",61,22,9999,TRUE,FALSE,"random_tau"
"6023",61,23,9999,TRUE,FALSE,"random_tau"
"6024",61,24,9999,TRUE,FALSE,"random_tau"
"6025",61,25,9999,TRUE,FALSE,"random_tau"
"6026",61,26,9999,TRUE,FALSE,"random_tau"
"6027",61,27,9999,TRUE,FALSE,"random_tau"
"6028",61,28,9999,TRUE,FALSE,"random_tau"
"6029",61,29,9999,TRUE,FALSE,"random_tau"
"6030",61,30,9999,TRUE,FALSE,"random_tau"
"6031",61,31,9999,TRUE,FALSE,"random_tau"
"6032",61,32,9999,TRUE,FALSE,"random_tau"
"6033",61,33,9999,TRUE,FALSE,"random_tau"
"6034",61,34,9999,TRUE,FALSE,"random_tau"
"6035",61,35,9999,TRUE,FALSE,"random_tau"
"6036",61,36,9999,TRUE,FALSE,"random_tau"
"6037",61,37,9999,TRUE,FALSE,"random_tau"
"6038",61,38,9999,TRUE,FALSE,"random_tau"
"6039",61,39,9999,TRUE,FALSE,"random_tau"
"6040",61,40,9999,TRUE,FALSE,"random_tau"
"6041",61,41,9999,TRUE,FALSE,"random_tau"
"6042",61,42,9999,TRUE,FALSE,"random_tau"
"6043",61,43,9999,TRUE,FALSE,"random_tau"
"6044",61,44,9999,TRUE,FALSE,"random_tau"
"6045",61,45,9999,TRUE,FALSE,"random_tau"
"6046",61,46,9999,TRUE,FALSE,"random_tau"
"6047",61,47,9999,TRUE,FALSE,"random_tau"
"6048",61,48,9999,TRUE,FALSE,"random_tau"
"6049",61,49,9999,TRUE,FALSE,"random_tau"
"6050",61,50,9999,TRUE,FALSE,"random_tau"
"6051",61,51,9999,TRUE,FALSE,"random_tau"
"6052",61,52,9999,TRUE,FALSE,"random_tau"
"6053",61,53,9999,TRUE,FALSE,"random_tau"
"6054",61,54,9999,TRUE,FALSE,"random_tau"
"6055",61,55,9999,TRUE,FALSE,"random_tau"
"6056",61,56,9999,TRUE,FALSE,"random_tau"
"6057",61,57,9999,TRUE,FALSE,"random_tau"
"6058",61,58,9999,TRUE,FALSE,"random_tau"
"6059",61,59,9999,TRUE,FALSE,"random_tau"
"6060",61,60,9999,TRUE,FALSE,"random_tau"
"6061",61,61,9999,TRUE,FALSE,"random_tau"
"6062",61,62,9999,TRUE,FALSE,"random_tau"
"6063",61,63,9999,TRUE,FALSE,"random_tau"
"6064",61,64,9999,TRUE,FALSE,"random_tau"
"6065",61,65,9999,TRUE,FALSE,"random_tau"
"6066",61,66,9999,TRUE,FALSE,"random_tau"
"6067",61,67,9999,TRUE,FALSE,"random_tau"
"6068",61,68,9999,TRUE,FALSE,"random_tau"
"6069",61,69,9999,TRUE,FALSE,"random_tau"
"6070",61,70,9999,TRUE,FALSE,"random_tau"
"6071",61,71,9999,TRUE,FALSE,"random_tau"
"6072",61,72,9999,TRUE,FALSE,"random_tau"
"6073",61,73,9999,TRUE,FALSE,"random_tau"
"6074",61,74,9999,TRUE,FALSE,"random_tau"
"6075",61,75,9999,TRUE,FALSE,"random_tau"
"6076",61,76,9999,TRUE,FALSE,"random_tau"
"6077",61,77,9999,TRUE,FALSE,"random_tau"
"6078",61,78,9999,TRUE,FALSE,"random_tau"
"6079",61,79,9999,TRUE,FALSE,"random_tau"
"6080",61,80,9999,TRUE,FALSE,"random_tau"
"6081",61,81,9999,TRUE,FALSE,"random_tau"
"6082",61,82,9999,TRUE,FALSE,"random_tau"
"6083",61,83,9999,TRUE,FALSE,"random_tau"
"6084",61,84,9999,TRUE,FALSE,"random_tau"
"6085",61,85,9999,TRUE,FALSE,"random_tau"
"6086",61,86,9999,TRUE,FALSE,"random_tau"
"6087",61,87,9999,TRUE,FALSE,"random_tau"
"6088",61,88,9999,TRUE,FALSE,"random_tau"
"6089",61,89,9999,TRUE,FALSE,"random_tau"
"6090",61,90,9999,TRUE,FALSE,"random_tau"
"6091",61,91,9999,TRUE,FALSE,"random_tau"
"6092",61,92,9999,TRUE,FALSE,"random_tau"
"6093",61,93,9999,TRUE,FALSE,"random_tau"
"6094",61,94,9999,TRUE,FALSE,"random_tau"
"6095",61,95,9999,TRUE,FALSE,"random_tau"
"6096",61,96,9999,TRUE,FALSE,"random_tau"
"6097",61,97,9999,TRUE,FALSE,"random_tau"
"6098",61,98,9999,TRUE,FALSE,"random_tau"
"6099",61,99,9999,TRUE,FALSE,"random_tau"
"6100",61,100,9999,TRUE,FALSE,"random_tau"
"6101",62,1,610,TRUE,FALSE,"random_tau"
"6102",62,2,1110,TRUE,FALSE,"random_tau"
"6103",62,3,1557,TRUE,FALSE,"random_tau"
"6104",62,4,2028,TRUE,FALSE,"random_tau"
"6105",62,5,2554,TRUE,FALSE,"random_tau"
"6106",62,6,3184,TRUE,FALSE,"random_tau"
"6107",62,7,3964,TRUE,FALSE,"random_tau"
"6108",62,8,4929,TRUE,FALSE,"random_tau"
"6109",62,9,6102,TRUE,FALSE,"random_tau"
"6110",62,10,7377,TRUE,FALSE,"random_tau"
"6111",62,11,8575,TRUE,FALSE,"random_tau"
"6112",62,12,9458,TRUE,FALSE,"random_tau"
"6113",62,13,9871,TRUE,FALSE,"random_tau"
"6114",62,14,9987,TRUE,FALSE,"random_tau"
"6115",62,15,10000,TRUE,FALSE,"random_tau"
"6116",62,16,10000,TRUE,FALSE,"random_tau"
"6117",62,17,10000,TRUE,FALSE,"random_tau"
"6118",62,18,10000,TRUE,FALSE,"random_tau"
"6119",62,19,10000,TRUE,FALSE,"random_tau"
"6120",62,20,10000,TRUE,FALSE,"random_tau"
"6121",62,21,10000,TRUE,FALSE,"random_tau"
"6122",62,22,10000,TRUE,FALSE,"random_tau"
"6123",62,23,10000,TRUE,FALSE,"random_tau"
"6124",62,24,10000,TRUE,FALSE,"random_tau"
"6125",62,25,10000,TRUE,FALSE,"random_tau"
"6126",62,26,10000,TRUE,FALSE,"random_tau"
"6127",62,27,10000,TRUE,FALSE,"random_tau"
"6128",62,28,10000,TRUE,FALSE,"random_tau"
"6129",62,29,10000,TRUE,FALSE,"random_tau"
"6130",62,30,10000,TRUE,FALSE,"random_tau"
"6131",62,31,10000,TRUE,FALSE,"random_tau"
"6132",62,32,10000,TRUE,FALSE,"random_tau"
"6133",62,33,10000,TRUE,FALSE,"random_tau"
"6134",62,34,10000,TRUE,FALSE,"random_tau"
"6135",62,35,10000,TRUE,FALSE,"random_tau"
"6136",62,36,10000,TRUE,FALSE,"random_tau"
"6137",62,37,10000,TRUE,FALSE,"random_tau"
"6138",62,38,10000,TRUE,FALSE,"random_tau"
"6139",62,39,10000,TRUE,FALSE,"random_tau"
"6140",62,40,10000,TRUE,FALSE,"random_tau"
"6141",62,41,10000,TRUE,FALSE,"random_tau"
"6142",62,42,10000,TRUE,FALSE,"random_tau"
"6143",62,43,10000,TRUE,FALSE,"random_tau"
"6144",62,44,10000,TRUE,FALSE,"random_tau"
"6145",62,45,10000,TRUE,FALSE,"random_tau"
"6146",62,46,10000,TRUE,FALSE,"random_tau"
"6147",62,47,10000,TRUE,FALSE,"random_tau"
"6148",62,48,10000,TRUE,FALSE,"random_tau"
"6149",62,49,10000,TRUE,FALSE,"random_tau"
"6150",62,50,10000,TRUE,FALSE,"random_tau"
"6151",62,51,10000,TRUE,FALSE,"random_tau"
"6152",62,52,10000,TRUE,FALSE,"random_tau"
"6153",62,53,10000,TRUE,FALSE,"random_tau"
"6154",62,54,10000,TRUE,FALSE,"random_tau"
"6155",62,55,10000,TRUE,FALSE,"random_tau"
"6156",62,56,10000,TRUE,FALSE,"random_tau"
"6157",62,57,10000,TRUE,FALSE,"random_tau"
"6158",62,58,10000,TRUE,FALSE,"random_tau"
"6159",62,59,10000,TRUE,FALSE,"random_tau"
"6160",62,60,10000,TRUE,FALSE,"random_tau"
"6161",62,61,10000,TRUE,FALSE,"random_tau"
"6162",62,62,10000,TRUE,FALSE,"random_tau"
"6163",62,63,10000,TRUE,FALSE,"random_tau"
"6164",62,64,10000,TRUE,FALSE,"random_tau"
"6165",62,65,10000,TRUE,FALSE,"random_tau"
"6166",62,66,10000,TRUE,FALSE,"random_tau"
"6167",62,67,10000,TRUE,FALSE,"random_tau"
"6168",62,68,10000,TRUE,FALSE,"random_tau"
"6169",62,69,10000,TRUE,FALSE,"random_tau"
"6170",62,70,10000,TRUE,FALSE,"random_tau"
"6171",62,71,10000,TRUE,FALSE,"random_tau"
"6172",62,72,10000,TRUE,FALSE,"random_tau"
"6173",62,73,10000,TRUE,FALSE,"random_tau"
"6174",62,74,10000,TRUE,FALSE,"random_tau"
"6175",62,75,10000,TRUE,FALSE,"random_tau"
"6176",62,76,10000,TRUE,FALSE,"random_tau"
"6177",62,77,10000,TRUE,FALSE,"random_tau"
"6178",62,78,10000,TRUE,FALSE,"random_tau"
"6179",62,79,10000,TRUE,FALSE,"random_tau"
"6180",62,80,10000,TRUE,FALSE,"random_tau"
"6181",62,81,10000,TRUE,FALSE,"random_tau"
"6182",62,82,10000,TRUE,FALSE,"random_tau"
"6183",62,83,10000,TRUE,FALSE,"random_tau"
"6184",62,84,10000,TRUE,FALSE,"random_tau"
"6185",62,85,10000,TRUE,FALSE,"random_tau"
"6186",62,86,10000,TRUE,FALSE,"random_tau"
"6187",62,87,10000,TRUE,FALSE,"random_tau"
"6188",62,88,10000,TRUE,FALSE,"random_tau"
"6189",62,89,10000,TRUE,FALSE,"random_tau"
"6190",62,90,10000,TRUE,FALSE,"random_tau"
"6191",62,91,10000,TRUE,FALSE,"random_tau"
"6192",62,92,10000,TRUE,FALSE,"random_tau"
"6193",62,93,10000,TRUE,FALSE,"random_tau"
"6194",62,94,10000,TRUE,FALSE,"random_tau"
"6195",62,95,10000,TRUE,FALSE,"random_tau"
"6196",62,96,10000,TRUE,FALSE,"random_tau"
"6197",62,97,10000,TRUE,FALSE,"random_tau"
"6198",62,98,10000,TRUE,FALSE,"random_tau"
"6199",62,99,10000,TRUE,FALSE,"random_tau"
"6200",62,100,10000,TRUE,FALSE,"random_tau"
"6201",63,1,629,TRUE,FALSE,"random_tau"
"6202",63,2,1142,TRUE,FALSE,"random_tau"
"6203",63,3,1618,TRUE,FALSE,"random_tau"
"6204",63,4,2129,TRUE,FALSE,"random_tau"
"6205",63,5,2709,TRUE,FALSE,"random_tau"
"6206",63,6,3404,TRUE,FALSE,"random_tau"
"6207",63,7,4245,TRUE,FALSE,"random_tau"
"6208",63,8,5267,TRUE,FALSE,"random_tau"
"6209",63,9,6444,TRUE,FALSE,"random_tau"
"6210",63,10,7724,TRUE,FALSE,"random_tau"
"6211",63,11,8855,TRUE,FALSE,"random_tau"
"6212",63,12,9620,TRUE,FALSE,"random_tau"
"6213",63,13,9922,TRUE,FALSE,"random_tau"
"6214",63,14,9990,TRUE,FALSE,"random_tau"
"6215",63,15,9998,TRUE,FALSE,"random_tau"
"6216",63,16,10000,TRUE,FALSE,"random_tau"
"6217",63,17,10000,TRUE,FALSE,"random_tau"
"6218",63,18,10000,TRUE,FALSE,"random_tau"
"6219",63,19,10000,TRUE,FALSE,"random_tau"
"6220",63,20,10000,TRUE,FALSE,"random_tau"
"6221",63,21,10000,TRUE,FALSE,"random_tau"
"6222",63,22,10000,TRUE,FALSE,"random_tau"
"6223",63,23,10000,TRUE,FALSE,"random_tau"
"6224",63,24,10000,TRUE,FALSE,"random_tau"
"6225",63,25,10000,TRUE,FALSE,"random_tau"
"6226",63,26,10000,TRUE,FALSE,"random_tau"
"6227",63,27,10000,TRUE,FALSE,"random_tau"
"6228",63,28,10000,TRUE,FALSE,"random_tau"
"6229",63,29,10000,TRUE,FALSE,"random_tau"
"6230",63,30,10000,TRUE,FALSE,"random_tau"
"6231",63,31,10000,TRUE,FALSE,"random_tau"
"6232",63,32,10000,TRUE,FALSE,"random_tau"
"6233",63,33,10000,TRUE,FALSE,"random_tau"
"6234",63,34,10000,TRUE,FALSE,"random_tau"
"6235",63,35,10000,TRUE,FALSE,"random_tau"
"6236",63,36,10000,TRUE,FALSE,"random_tau"
"6237",63,37,10000,TRUE,FALSE,"random_tau"
"6238",63,38,10000,TRUE,FALSE,"random_tau"
"6239",63,39,10000,TRUE,FALSE,"random_tau"
"6240",63,40,10000,TRUE,FALSE,"random_tau"
"6241",63,41,10000,TRUE,FALSE,"random_tau"
"6242",63,42,10000,TRUE,FALSE,"random_tau"
"6243",63,43,10000,TRUE,FALSE,"random_tau"
"6244",63,44,10000,TRUE,FALSE,"random_tau"
"6245",63,45,10000,TRUE,FALSE,"random_tau"
"6246",63,46,10000,TRUE,FALSE,"random_tau"
"6247",63,47,10000,TRUE,FALSE,"random_tau"
"6248",63,48,10000,TRUE,FALSE,"random_tau"
"6249",63,49,10000,TRUE,FALSE,"random_tau"
"6250",63,50,10000,TRUE,FALSE,"random_tau"
"6251",63,51,10000,TRUE,FALSE,"random_tau"
"6252",63,52,10000,TRUE,FALSE,"random_tau"
"6253",63,53,10000,TRUE,FALSE,"random_tau"
"6254",63,54,10000,TRUE,FALSE,"random_tau"
"6255",63,55,10000,TRUE,FALSE,"random_tau"
"6256",63,56,10000,TRUE,FALSE,"random_tau"
"6257",63,57,10000,TRUE,FALSE,"random_tau"
"6258",63,58,10000,TRUE,FALSE,"random_tau"
"6259",63,59,10000,TRUE,FALSE,"random_tau"
"6260",63,60,10000,TRUE,FALSE,"random_tau"
"6261",63,61,10000,TRUE,FALSE,"random_tau"
"6262",63,62,10000,TRUE,FALSE,"random_tau"
"6263",63,63,10000,TRUE,FALSE,"random_tau"
"6264",63,64,10000,TRUE,FALSE,"random_tau"
"6265",63,65,10000,TRUE,FALSE,"random_tau"
"6266",63,66,10000,TRUE,FALSE,"random_tau"
"6267",63,67,10000,TRUE,FALSE,"random_tau"
"6268",63,68,10000,TRUE,FALSE,"random_tau"
"6269",63,69,10000,TRUE,FALSE,"random_tau"
"6270",63,70,10000,TRUE,FALSE,"random_tau"
"6271",63,71,10000,TRUE,FALSE,"random_tau"
"6272",63,72,10000,TRUE,FALSE,"random_tau"
"6273",63,73,10000,TRUE,FALSE,"random_tau"
"6274",63,74,10000,TRUE,FALSE,"random_tau"
"6275",63,75,10000,TRUE,FALSE,"random_tau"
"6276",63,76,10000,TRUE,FALSE,"random_tau"
"6277",63,77,10000,TRUE,FALSE,"random_tau"
"6278",63,78,10000,TRUE,FALSE,"random_tau"
"6279",63,79,10000,TRUE,FALSE,"random_tau"
"6280",63,80,10000,TRUE,FALSE,"random_tau"
"6281",63,81,10000,TRUE,FALSE,"random_tau"
"6282",63,82,10000,TRUE,FALSE,"random_tau"
"6283",63,83,10000,TRUE,FALSE,"random_tau"
"6284",63,84,10000,TRUE,FALSE,"random_tau"
"6285",63,85,10000,TRUE,FALSE,"random_tau"
"6286",63,86,10000,TRUE,FALSE,"random_tau"
"6287",63,87,10000,TRUE,FALSE,"random_tau"
"6288",63,88,10000,TRUE,FALSE,"random_tau"
"6289",63,89,10000,TRUE,FALSE,"random_tau"
"6290",63,90,10000,TRUE,FALSE,"random_tau"
"6291",63,91,10000,TRUE,FALSE,"random_tau"
"6292",63,92,10000,TRUE,FALSE,"random_tau"
"6293",63,93,10000,TRUE,FALSE,"random_tau"
"6294",63,94,10000,TRUE,FALSE,"random_tau"
"6295",63,95,10000,TRUE,FALSE,"random_tau"
"6296",63,96,10000,TRUE,FALSE,"random_tau"
"6297",63,97,10000,TRUE,FALSE,"random_tau"
"6298",63,98,10000,TRUE,FALSE,"random_tau"
"6299",63,99,10000,TRUE,FALSE,"random_tau"
"6300",63,100,10000,TRUE,FALSE,"random_tau"
"6301",64,1,634,TRUE,FALSE,"random_tau"
"6302",64,2,1111,TRUE,FALSE,"random_tau"
"6303",64,3,1548,TRUE,FALSE,"random_tau"
"6304",64,4,1994,TRUE,FALSE,"random_tau"
"6305",64,5,2448,TRUE,FALSE,"random_tau"
"6306",64,6,2994,TRUE,FALSE,"random_tau"
"6307",64,7,3685,TRUE,FALSE,"random_tau"
"6308",64,8,4573,TRUE,FALSE,"random_tau"
"6309",64,9,5659,TRUE,FALSE,"random_tau"
"6310",64,10,6883,TRUE,FALSE,"random_tau"
"6311",64,11,8143,TRUE,FALSE,"random_tau"
"6312",64,12,9198,TRUE,FALSE,"random_tau"
"6313",64,13,9768,TRUE,FALSE,"random_tau"
"6314",64,14,9957,TRUE,FALSE,"random_tau"
"6315",64,15,9999,TRUE,FALSE,"random_tau"
"6316",64,16,10000,TRUE,FALSE,"random_tau"
"6317",64,17,10000,TRUE,FALSE,"random_tau"
"6318",64,18,10000,TRUE,FALSE,"random_tau"
"6319",64,19,10000,TRUE,FALSE,"random_tau"
"6320",64,20,10000,TRUE,FALSE,"random_tau"
"6321",64,21,10000,TRUE,FALSE,"random_tau"
"6322",64,22,10000,TRUE,FALSE,"random_tau"
"6323",64,23,10000,TRUE,FALSE,"random_tau"
"6324",64,24,10000,TRUE,FALSE,"random_tau"
"6325",64,25,10000,TRUE,FALSE,"random_tau"
"6326",64,26,10000,TRUE,FALSE,"random_tau"
"6327",64,27,10000,TRUE,FALSE,"random_tau"
"6328",64,28,10000,TRUE,FALSE,"random_tau"
"6329",64,29,10000,TRUE,FALSE,"random_tau"
"6330",64,30,10000,TRUE,FALSE,"random_tau"
"6331",64,31,10000,TRUE,FALSE,"random_tau"
"6332",64,32,10000,TRUE,FALSE,"random_tau"
"6333",64,33,10000,TRUE,FALSE,"random_tau"
"6334",64,34,10000,TRUE,FALSE,"random_tau"
"6335",64,35,10000,TRUE,FALSE,"random_tau"
"6336",64,36,10000,TRUE,FALSE,"random_tau"
"6337",64,37,10000,TRUE,FALSE,"random_tau"
"6338",64,38,10000,TRUE,FALSE,"random_tau"
"6339",64,39,10000,TRUE,FALSE,"random_tau"
"6340",64,40,10000,TRUE,FALSE,"random_tau"
"6341",64,41,10000,TRUE,FALSE,"random_tau"
"6342",64,42,10000,TRUE,FALSE,"random_tau"
"6343",64,43,10000,TRUE,FALSE,"random_tau"
"6344",64,44,10000,TRUE,FALSE,"random_tau"
"6345",64,45,10000,TRUE,FALSE,"random_tau"
"6346",64,46,10000,TRUE,FALSE,"random_tau"
"6347",64,47,10000,TRUE,FALSE,"random_tau"
"6348",64,48,10000,TRUE,FALSE,"random_tau"
"6349",64,49,10000,TRUE,FALSE,"random_tau"
"6350",64,50,10000,TRUE,FALSE,"random_tau"
"6351",64,51,10000,TRUE,FALSE,"random_tau"
"6352",64,52,10000,TRUE,FALSE,"random_tau"
"6353",64,53,10000,TRUE,FALSE,"random_tau"
"6354",64,54,10000,TRUE,FALSE,"random_tau"
"6355",64,55,10000,TRUE,FALSE,"random_tau"
"6356",64,56,10000,TRUE,FALSE,"random_tau"
"6357",64,57,10000,TRUE,FALSE,"random_tau"
"6358",64,58,10000,TRUE,FALSE,"random_tau"
"6359",64,59,10000,TRUE,FALSE,"random_tau"
"6360",64,60,10000,TRUE,FALSE,"random_tau"
"6361",64,61,10000,TRUE,FALSE,"random_tau"
"6362",64,62,10000,TRUE,FALSE,"random_tau"
"6363",64,63,10000,TRUE,FALSE,"random_tau"
"6364",64,64,10000,TRUE,FALSE,"random_tau"
"6365",64,65,10000,TRUE,FALSE,"random_tau"
"6366",64,66,10000,TRUE,FALSE,"random_tau"
"6367",64,67,10000,TRUE,FALSE,"random_tau"
"6368",64,68,10000,TRUE,FALSE,"random_tau"
"6369",64,69,10000,TRUE,FALSE,"random_tau"
"6370",64,70,10000,TRUE,FALSE,"random_tau"
"6371",64,71,10000,TRUE,FALSE,"random_tau"
"6372",64,72,10000,TRUE,FALSE,"random_tau"
"6373",64,73,10000,TRUE,FALSE,"random_tau"
"6374",64,74,10000,TRUE,FALSE,"random_tau"
"6375",64,75,10000,TRUE,FALSE,"random_tau"
"6376",64,76,10000,TRUE,FALSE,"random_tau"
"6377",64,77,10000,TRUE,FALSE,"random_tau"
"6378",64,78,10000,TRUE,FALSE,"random_tau"
"6379",64,79,10000,TRUE,FALSE,"random_tau"
"6380",64,80,10000,TRUE,FALSE,"random_tau"
"6381",64,81,10000,TRUE,FALSE,"random_tau"
"6382",64,82,10000,TRUE,FALSE,"random_tau"
"6383",64,83,10000,TRUE,FALSE,"random_tau"
"6384",64,84,10000,TRUE,FALSE,"random_tau"
"6385",64,85,10000,TRUE,FALSE,"random_tau"
"6386",64,86,10000,TRUE,FALSE,"random_tau"
"6387",64,87,10000,TRUE,FALSE,"random_tau"
"6388",64,88,10000,TRUE,FALSE,"random_tau"
"6389",64,89,10000,TRUE,FALSE,"random_tau"
"6390",64,90,10000,TRUE,FALSE,"random_tau"
"6391",64,91,10000,TRUE,FALSE,"random_tau"
"6392",64,92,10000,TRUE,FALSE,"random_tau"
"6393",64,93,10000,TRUE,FALSE,"random_tau"
"6394",64,94,10000,TRUE,FALSE,"random_tau"
"6395",64,95,10000,TRUE,FALSE,"random_tau"
"6396",64,96,10000,TRUE,FALSE,"random_tau"
"6397",64,97,10000,TRUE,FALSE,"random_tau"
"6398",64,98,10000,TRUE,FALSE,"random_tau"
"6399",64,99,10000,TRUE,FALSE,"random_tau"
"6400",64,100,10000,TRUE,FALSE,"random_tau"
"6401",65,1,625,TRUE,FALSE,"random_tau"
"6402",65,2,1162,TRUE,FALSE,"random_tau"
"6403",65,3,1638,TRUE,FALSE,"random_tau"
"6404",65,4,2184,TRUE,FALSE,"random_tau"
"6405",65,5,2812,TRUE,FALSE,"random_tau"
"6406",65,6,3606,TRUE,FALSE,"random_tau"
"6407",65,7,4580,TRUE,FALSE,"random_tau"
"6408",65,8,5760,TRUE,FALSE,"random_tau"
"6409",65,9,7078,TRUE,FALSE,"random_tau"
"6410",65,10,8358,TRUE,FALSE,"random_tau"
"6411",65,11,9295,TRUE,FALSE,"random_tau"
"6412",65,12,9795,TRUE,FALSE,"random_tau"
"6413",65,13,9974,TRUE,FALSE,"random_tau"
"6414",65,14,9998,TRUE,FALSE,"random_tau"
"6415",65,15,10000,TRUE,FALSE,"random_tau"
"6416",65,16,10000,TRUE,FALSE,"random_tau"
"6417",65,17,10000,TRUE,FALSE,"random_tau"
"6418",65,18,10000,TRUE,FALSE,"random_tau"
"6419",65,19,10000,TRUE,FALSE,"random_tau"
"6420",65,20,10000,TRUE,FALSE,"random_tau"
"6421",65,21,10000,TRUE,FALSE,"random_tau"
"6422",65,22,10000,TRUE,FALSE,"random_tau"
"6423",65,23,10000,TRUE,FALSE,"random_tau"
"6424",65,24,10000,TRUE,FALSE,"random_tau"
"6425",65,25,10000,TRUE,FALSE,"random_tau"
"6426",65,26,10000,TRUE,FALSE,"random_tau"
"6427",65,27,10000,TRUE,FALSE,"random_tau"
"6428",65,28,10000,TRUE,FALSE,"random_tau"
"6429",65,29,10000,TRUE,FALSE,"random_tau"
"6430",65,30,10000,TRUE,FALSE,"random_tau"
"6431",65,31,10000,TRUE,FALSE,"random_tau"
"6432",65,32,10000,TRUE,FALSE,"random_tau"
"6433",65,33,10000,TRUE,FALSE,"random_tau"
"6434",65,34,10000,TRUE,FALSE,"random_tau"
"6435",65,35,10000,TRUE,FALSE,"random_tau"
"6436",65,36,10000,TRUE,FALSE,"random_tau"
"6437",65,37,10000,TRUE,FALSE,"random_tau"
"6438",65,38,10000,TRUE,FALSE,"random_tau"
"6439",65,39,10000,TRUE,FALSE,"random_tau"
"6440",65,40,10000,TRUE,FALSE,"random_tau"
"6441",65,41,10000,TRUE,FALSE,"random_tau"
"6442",65,42,10000,TRUE,FALSE,"random_tau"
"6443",65,43,10000,TRUE,FALSE,"random_tau"
"6444",65,44,10000,TRUE,FALSE,"random_tau"
"6445",65,45,10000,TRUE,FALSE,"random_tau"
"6446",65,46,10000,TRUE,FALSE,"random_tau"
"6447",65,47,10000,TRUE,FALSE,"random_tau"
"6448",65,48,10000,TRUE,FALSE,"random_tau"
"6449",65,49,10000,TRUE,FALSE,"random_tau"
"6450",65,50,10000,TRUE,FALSE,"random_tau"
"6451",65,51,10000,TRUE,FALSE,"random_tau"
"6452",65,52,10000,TRUE,FALSE,"random_tau"
"6453",65,53,10000,TRUE,FALSE,"random_tau"
"6454",65,54,10000,TRUE,FALSE,"random_tau"
"6455",65,55,10000,TRUE,FALSE,"random_tau"
"6456",65,56,10000,TRUE,FALSE,"random_tau"
"6457",65,57,10000,TRUE,FALSE,"random_tau"
"6458",65,58,10000,TRUE,FALSE,"random_tau"
"6459",65,59,10000,TRUE,FALSE,"random_tau"
"6460",65,60,10000,TRUE,FALSE,"random_tau"
"6461",65,61,10000,TRUE,FALSE,"random_tau"
"6462",65,62,10000,TRUE,FALSE,"random_tau"
"6463",65,63,10000,TRUE,FALSE,"random_tau"
"6464",65,64,10000,TRUE,FALSE,"random_tau"
"6465",65,65,10000,TRUE,FALSE,"random_tau"
"6466",65,66,10000,TRUE,FALSE,"random_tau"
"6467",65,67,10000,TRUE,FALSE,"random_tau"
"6468",65,68,10000,TRUE,FALSE,"random_tau"
"6469",65,69,10000,TRUE,FALSE,"random_tau"
"6470",65,70,10000,TRUE,FALSE,"random_tau"
"6471",65,71,10000,TRUE,FALSE,"random_tau"
"6472",65,72,10000,TRUE,FALSE,"random_tau"
"6473",65,73,10000,TRUE,FALSE,"random_tau"
"6474",65,74,10000,TRUE,FALSE,"random_tau"
"6475",65,75,10000,TRUE,FALSE,"random_tau"
"6476",65,76,10000,TRUE,FALSE,"random_tau"
"6477",65,77,10000,TRUE,FALSE,"random_tau"
"6478",65,78,10000,TRUE,FALSE,"random_tau"
"6479",65,79,10000,TRUE,FALSE,"random_tau"
"6480",65,80,10000,TRUE,FALSE,"random_tau"
"6481",65,81,10000,TRUE,FALSE,"random_tau"
"6482",65,82,10000,TRUE,FALSE,"random_tau"
"6483",65,83,10000,TRUE,FALSE,"random_tau"
"6484",65,84,10000,TRUE,FALSE,"random_tau"
"6485",65,85,10000,TRUE,FALSE,"random_tau"
"6486",65,86,10000,TRUE,FALSE,"random_tau"
"6487",65,87,10000,TRUE,FALSE,"random_tau"
"6488",65,88,10000,TRUE,FALSE,"random_tau"
"6489",65,89,10000,TRUE,FALSE,"random_tau"
"6490",65,90,10000,TRUE,FALSE,"random_tau"
"6491",65,91,10000,TRUE,FALSE,"random_tau"
"6492",65,92,10000,TRUE,FALSE,"random_tau"
"6493",65,93,10000,TRUE,FALSE,"random_tau"
"6494",65,94,10000,TRUE,FALSE,"random_tau"
"6495",65,95,10000,TRUE,FALSE,"random_tau"
"6496",65,96,10000,TRUE,FALSE,"random_tau"
"6497",65,97,10000,TRUE,FALSE,"random_tau"
"6498",65,98,10000,TRUE,FALSE,"random_tau"
"6499",65,99,10000,TRUE,FALSE,"random_tau"
"6500",65,100,10000,TRUE,FALSE,"random_tau"
"6501",66,1,632,TRUE,FALSE,"random_tau"
"6502",66,2,1176,TRUE,FALSE,"random_tau"
"6503",66,3,1652,TRUE,FALSE,"random_tau"
"6504",66,4,2134,TRUE,FALSE,"random_tau"
"6505",66,5,2708,TRUE,FALSE,"random_tau"
"6506",66,6,3437,TRUE,FALSE,"random_tau"
"6507",66,7,4333,TRUE,FALSE,"random_tau"
"6508",66,8,5470,TRUE,FALSE,"random_tau"
"6509",66,9,6776,TRUE,FALSE,"random_tau"
"6510",66,10,8089,TRUE,FALSE,"random_tau"
"6511",66,11,9164,TRUE,FALSE,"random_tau"
"6512",66,12,9780,TRUE,FALSE,"random_tau"
"6513",66,13,9964,TRUE,FALSE,"random_tau"
"6514",66,14,9995,TRUE,FALSE,"random_tau"
"6515",66,15,10000,TRUE,FALSE,"random_tau"
"6516",66,16,10000,TRUE,FALSE,"random_tau"
"6517",66,17,10000,TRUE,FALSE,"random_tau"
"6518",66,18,10000,TRUE,FALSE,"random_tau"
"6519",66,19,10000,TRUE,FALSE,"random_tau"
"6520",66,20,10000,TRUE,FALSE,"random_tau"
"6521",66,21,10000,TRUE,FALSE,"random_tau"
"6522",66,22,10000,TRUE,FALSE,"random_tau"
"6523",66,23,10000,TRUE,FALSE,"random_tau"
"6524",66,24,10000,TRUE,FALSE,"random_tau"
"6525",66,25,10000,TRUE,FALSE,"random_tau"
"6526",66,26,10000,TRUE,FALSE,"random_tau"
"6527",66,27,10000,TRUE,FALSE,"random_tau"
"6528",66,28,10000,TRUE,FALSE,"random_tau"
"6529",66,29,10000,TRUE,FALSE,"random_tau"
"6530",66,30,10000,TRUE,FALSE,"random_tau"
"6531",66,31,10000,TRUE,FALSE,"random_tau"
"6532",66,32,10000,TRUE,FALSE,"random_tau"
"6533",66,33,10000,TRUE,FALSE,"random_tau"
"6534",66,34,10000,TRUE,FALSE,"random_tau"
"6535",66,35,10000,TRUE,FALSE,"random_tau"
"6536",66,36,10000,TRUE,FALSE,"random_tau"
"6537",66,37,10000,TRUE,FALSE,"random_tau"
"6538",66,38,10000,TRUE,FALSE,"random_tau"
"6539",66,39,10000,TRUE,FALSE,"random_tau"
"6540",66,40,10000,TRUE,FALSE,"random_tau"
"6541",66,41,10000,TRUE,FALSE,"random_tau"
"6542",66,42,10000,TRUE,FALSE,"random_tau"
"6543",66,43,10000,TRUE,FALSE,"random_tau"
"6544",66,44,10000,TRUE,FALSE,"random_tau"
"6545",66,45,10000,TRUE,FALSE,"random_tau"
"6546",66,46,10000,TRUE,FALSE,"random_tau"
"6547",66,47,10000,TRUE,FALSE,"random_tau"
"6548",66,48,10000,TRUE,FALSE,"random_tau"
"6549",66,49,10000,TRUE,FALSE,"random_tau"
"6550",66,50,10000,TRUE,FALSE,"random_tau"
"6551",66,51,10000,TRUE,FALSE,"random_tau"
"6552",66,52,10000,TRUE,FALSE,"random_tau"
"6553",66,53,10000,TRUE,FALSE,"random_tau"
"6554",66,54,10000,TRUE,FALSE,"random_tau"
"6555",66,55,10000,TRUE,FALSE,"random_tau"
"6556",66,56,10000,TRUE,FALSE,"random_tau"
"6557",66,57,10000,TRUE,FALSE,"random_tau"
"6558",66,58,10000,TRUE,FALSE,"random_tau"
"6559",66,59,10000,TRUE,FALSE,"random_tau"
"6560",66,60,10000,TRUE,FALSE,"random_tau"
"6561",66,61,10000,TRUE,FALSE,"random_tau"
"6562",66,62,10000,TRUE,FALSE,"random_tau"
"6563",66,63,10000,TRUE,FALSE,"random_tau"
"6564",66,64,10000,TRUE,FALSE,"random_tau"
"6565",66,65,10000,TRUE,FALSE,"random_tau"
"6566",66,66,10000,TRUE,FALSE,"random_tau"
"6567",66,67,10000,TRUE,FALSE,"random_tau"
"6568",66,68,10000,TRUE,FALSE,"random_tau"
"6569",66,69,10000,TRUE,FALSE,"random_tau"
"6570",66,70,10000,TRUE,FALSE,"random_tau"
"6571",66,71,10000,TRUE,FALSE,"random_tau"
"6572",66,72,10000,TRUE,FALSE,"random_tau"
"6573",66,73,10000,TRUE,FALSE,"random_tau"
"6574",66,74,10000,TRUE,FALSE,"random_tau"
"6575",66,75,10000,TRUE,FALSE,"random_tau"
"6576",66,76,10000,TRUE,FALSE,"random_tau"
"6577",66,77,10000,TRUE,FALSE,"random_tau"
"6578",66,78,10000,TRUE,FALSE,"random_tau"
"6579",66,79,10000,TRUE,FALSE,"random_tau"
"6580",66,80,10000,TRUE,FALSE,"random_tau"
"6581",66,81,10000,TRUE,FALSE,"random_tau"
"6582",66,82,10000,TRUE,FALSE,"random_tau"
"6583",66,83,10000,TRUE,FALSE,"random_tau"
"6584",66,84,10000,TRUE,FALSE,"random_tau"
"6585",66,85,10000,TRUE,FALSE,"random_tau"
"6586",66,86,10000,TRUE,FALSE,"random_tau"
"6587",66,87,10000,TRUE,FALSE,"random_tau"
"6588",66,88,10000,TRUE,FALSE,"random_tau"
"6589",66,89,10000,TRUE,FALSE,"random_tau"
"6590",66,90,10000,TRUE,FALSE,"random_tau"
"6591",66,91,10000,TRUE,FALSE,"random_tau"
"6592",66,92,10000,TRUE,FALSE,"random_tau"
"6593",66,93,10000,TRUE,FALSE,"random_tau"
"6594",66,94,10000,TRUE,FALSE,"random_tau"
"6595",66,95,10000,TRUE,FALSE,"random_tau"
"6596",66,96,10000,TRUE,FALSE,"random_tau"
"6597",66,97,10000,TRUE,FALSE,"random_tau"
"6598",66,98,10000,TRUE,FALSE,"random_tau"
"6599",66,99,10000,TRUE,FALSE,"random_tau"
"6600",66,100,10000,TRUE,FALSE,"random_tau"
"6601",67,1,625,TRUE,FALSE,"random_tau"
"6602",67,2,1123,TRUE,FALSE,"random_tau"
"6603",67,3,1585,TRUE,FALSE,"random_tau"
"6604",67,4,2080,TRUE,FALSE,"random_tau"
"6605",67,5,2688,TRUE,FALSE,"random_tau"
"6606",67,6,3372,TRUE,FALSE,"random_tau"
"6607",67,7,4180,TRUE,FALSE,"random_tau"
"6608",67,8,5123,TRUE,FALSE,"random_tau"
"6609",67,9,6233,TRUE,FALSE,"random_tau"
"6610",67,10,7455,TRUE,FALSE,"random_tau"
"6611",67,11,8687,TRUE,FALSE,"random_tau"
"6612",67,12,9535,TRUE,FALSE,"random_tau"
"6613",67,13,9879,TRUE,FALSE,"random_tau"
"6614",67,14,9990,TRUE,FALSE,"random_tau"
"6615",67,15,9999,TRUE,FALSE,"random_tau"
"6616",67,16,9999,TRUE,FALSE,"random_tau"
"6617",67,17,9999,TRUE,FALSE,"random_tau"
"6618",67,18,9999,TRUE,FALSE,"random_tau"
"6619",67,19,9999,TRUE,FALSE,"random_tau"
"6620",67,20,9999,TRUE,FALSE,"random_tau"
"6621",67,21,9999,TRUE,FALSE,"random_tau"
"6622",67,22,9999,TRUE,FALSE,"random_tau"
"6623",67,23,9999,TRUE,FALSE,"random_tau"
"6624",67,24,9999,TRUE,FALSE,"random_tau"
"6625",67,25,9999,TRUE,FALSE,"random_tau"
"6626",67,26,9999,TRUE,FALSE,"random_tau"
"6627",67,27,9999,TRUE,FALSE,"random_tau"
"6628",67,28,9999,TRUE,FALSE,"random_tau"
"6629",67,29,9999,TRUE,FALSE,"random_tau"
"6630",67,30,9999,TRUE,FALSE,"random_tau"
"6631",67,31,9999,TRUE,FALSE,"random_tau"
"6632",67,32,9999,TRUE,FALSE,"random_tau"
"6633",67,33,9999,TRUE,FALSE,"random_tau"
"6634",67,34,9999,TRUE,FALSE,"random_tau"
"6635",67,35,9999,TRUE,FALSE,"random_tau"
"6636",67,36,9999,TRUE,FALSE,"random_tau"
"6637",67,37,9999,TRUE,FALSE,"random_tau"
"6638",67,38,9999,TRUE,FALSE,"random_tau"
"6639",67,39,9999,TRUE,FALSE,"random_tau"
"6640",67,40,9999,TRUE,FALSE,"random_tau"
"6641",67,41,9999,TRUE,FALSE,"random_tau"
"6642",67,42,9999,TRUE,FALSE,"random_tau"
"6643",67,43,9999,TRUE,FALSE,"random_tau"
"6644",67,44,9999,TRUE,FALSE,"random_tau"
"6645",67,45,9999,TRUE,FALSE,"random_tau"
"6646",67,46,9999,TRUE,FALSE,"random_tau"
"6647",67,47,9999,TRUE,FALSE,"random_tau"
"6648",67,48,9999,TRUE,FALSE,"random_tau"
"6649",67,49,9999,TRUE,FALSE,"random_tau"
"6650",67,50,9999,TRUE,FALSE,"random_tau"
"6651",67,51,9999,TRUE,FALSE,"random_tau"
"6652",67,52,9999,TRUE,FALSE,"random_tau"
"6653",67,53,9999,TRUE,FALSE,"random_tau"
"6654",67,54,9999,TRUE,FALSE,"random_tau"
"6655",67,55,9999,TRUE,FALSE,"random_tau"
"6656",67,56,9999,TRUE,FALSE,"random_tau"
"6657",67,57,9999,TRUE,FALSE,"random_tau"
"6658",67,58,9999,TRUE,FALSE,"random_tau"
"6659",67,59,9999,TRUE,FALSE,"random_tau"
"6660",67,60,9999,TRUE,FALSE,"random_tau"
"6661",67,61,9999,TRUE,FALSE,"random_tau"
"6662",67,62,9999,TRUE,FALSE,"random_tau"
"6663",67,63,9999,TRUE,FALSE,"random_tau"
"6664",67,64,9999,TRUE,FALSE,"random_tau"
"6665",67,65,9999,TRUE,FALSE,"random_tau"
"6666",67,66,9999,TRUE,FALSE,"random_tau"
"6667",67,67,9999,TRUE,FALSE,"random_tau"
"6668",67,68,9999,TRUE,FALSE,"random_tau"
"6669",67,69,9999,TRUE,FALSE,"random_tau"
"6670",67,70,9999,TRUE,FALSE,"random_tau"
"6671",67,71,9999,TRUE,FALSE,"random_tau"
"6672",67,72,9999,TRUE,FALSE,"random_tau"
"6673",67,73,9999,TRUE,FALSE,"random_tau"
"6674",67,74,9999,TRUE,FALSE,"random_tau"
"6675",67,75,9999,TRUE,FALSE,"random_tau"
"6676",67,76,9999,TRUE,FALSE,"random_tau"
"6677",67,77,9999,TRUE,FALSE,"random_tau"
"6678",67,78,9999,TRUE,FALSE,"random_tau"
"6679",67,79,9999,TRUE,FALSE,"random_tau"
"6680",67,80,9999,TRUE,FALSE,"random_tau"
"6681",67,81,9999,TRUE,FALSE,"random_tau"
"6682",67,82,9999,TRUE,FALSE,"random_tau"
"6683",67,83,9999,TRUE,FALSE,"random_tau"
"6684",67,84,9999,TRUE,FALSE,"random_tau"
"6685",67,85,9999,TRUE,FALSE,"random_tau"
"6686",67,86,9999,TRUE,FALSE,"random_tau"
"6687",67,87,9999,TRUE,FALSE,"random_tau"
"6688",67,88,9999,TRUE,FALSE,"random_tau"
"6689",67,89,9999,TRUE,FALSE,"random_tau"
"6690",67,90,9999,TRUE,FALSE,"random_tau"
"6691",67,91,9999,TRUE,FALSE,"random_tau"
"6692",67,92,9999,TRUE,FALSE,"random_tau"
"6693",67,93,9999,TRUE,FALSE,"random_tau"
"6694",67,94,9999,TRUE,FALSE,"random_tau"
"6695",67,95,9999,TRUE,FALSE,"random_tau"
"6696",67,96,9999,TRUE,FALSE,"random_tau"
"6697",67,97,9999,TRUE,FALSE,"random_tau"
"6698",67,98,9999,TRUE,FALSE,"random_tau"
"6699",67,99,9999,TRUE,FALSE,"random_tau"
"6700",67,100,9999,TRUE,FALSE,"random_tau"
"6701",68,1,624,TRUE,FALSE,"random_tau"
"6702",68,2,1173,TRUE,FALSE,"random_tau"
"6703",68,3,1642,TRUE,FALSE,"random_tau"
"6704",68,4,2133,TRUE,FALSE,"random_tau"
"6705",68,5,2676,TRUE,FALSE,"random_tau"
"6706",68,6,3340,TRUE,FALSE,"random_tau"
"6707",68,7,4194,TRUE,FALSE,"random_tau"
"6708",68,8,5191,TRUE,FALSE,"random_tau"
"6709",68,9,6352,TRUE,FALSE,"random_tau"
"6710",68,10,7633,TRUE,FALSE,"random_tau"
"6711",68,11,8782,TRUE,FALSE,"random_tau"
"6712",68,12,9556,TRUE,FALSE,"random_tau"
"6713",68,13,9883,TRUE,FALSE,"random_tau"
"6714",68,14,9975,TRUE,FALSE,"random_tau"
"6715",68,15,9992,TRUE,FALSE,"random_tau"
"6716",68,16,9994,TRUE,FALSE,"random_tau"
"6717",68,17,9996,TRUE,FALSE,"random_tau"
"6718",68,18,10000,TRUE,FALSE,"random_tau"
"6719",68,19,10000,TRUE,FALSE,"random_tau"
"6720",68,20,10000,TRUE,FALSE,"random_tau"
"6721",68,21,10000,TRUE,FALSE,"random_tau"
"6722",68,22,10000,TRUE,FALSE,"random_tau"
"6723",68,23,10000,TRUE,FALSE,"random_tau"
"6724",68,24,10000,TRUE,FALSE,"random_tau"
"6725",68,25,10000,TRUE,FALSE,"random_tau"
"6726",68,26,10000,TRUE,FALSE,"random_tau"
"6727",68,27,10000,TRUE,FALSE,"random_tau"
"6728",68,28,10000,TRUE,FALSE,"random_tau"
"6729",68,29,10000,TRUE,FALSE,"random_tau"
"6730",68,30,10000,TRUE,FALSE,"random_tau"
"6731",68,31,10000,TRUE,FALSE,"random_tau"
"6732",68,32,10000,TRUE,FALSE,"random_tau"
"6733",68,33,10000,TRUE,FALSE,"random_tau"
"6734",68,34,10000,TRUE,FALSE,"random_tau"
"6735",68,35,10000,TRUE,FALSE,"random_tau"
"6736",68,36,10000,TRUE,FALSE,"random_tau"
"6737",68,37,10000,TRUE,FALSE,"random_tau"
"6738",68,38,10000,TRUE,FALSE,"random_tau"
"6739",68,39,10000,TRUE,FALSE,"random_tau"
"6740",68,40,10000,TRUE,FALSE,"random_tau"
"6741",68,41,10000,TRUE,FALSE,"random_tau"
"6742",68,42,10000,TRUE,FALSE,"random_tau"
"6743",68,43,10000,TRUE,FALSE,"random_tau"
"6744",68,44,10000,TRUE,FALSE,"random_tau"
"6745",68,45,10000,TRUE,FALSE,"random_tau"
"6746",68,46,10000,TRUE,FALSE,"random_tau"
"6747",68,47,10000,TRUE,FALSE,"random_tau"
"6748",68,48,10000,TRUE,FALSE,"random_tau"
"6749",68,49,10000,TRUE,FALSE,"random_tau"
"6750",68,50,10000,TRUE,FALSE,"random_tau"
"6751",68,51,10000,TRUE,FALSE,"random_tau"
"6752",68,52,10000,TRUE,FALSE,"random_tau"
"6753",68,53,10000,TRUE,FALSE,"random_tau"
"6754",68,54,10000,TRUE,FALSE,"random_tau"
"6755",68,55,10000,TRUE,FALSE,"random_tau"
"6756",68,56,10000,TRUE,FALSE,"random_tau"
"6757",68,57,10000,TRUE,FALSE,"random_tau"
"6758",68,58,10000,TRUE,FALSE,"random_tau"
"6759",68,59,10000,TRUE,FALSE,"random_tau"
"6760",68,60,10000,TRUE,FALSE,"random_tau"
"6761",68,61,10000,TRUE,FALSE,"random_tau"
"6762",68,62,10000,TRUE,FALSE,"random_tau"
"6763",68,63,10000,TRUE,FALSE,"random_tau"
"6764",68,64,10000,TRUE,FALSE,"random_tau"
"6765",68,65,10000,TRUE,FALSE,"random_tau"
"6766",68,66,10000,TRUE,FALSE,"random_tau"
"6767",68,67,10000,TRUE,FALSE,"random_tau"
"6768",68,68,10000,TRUE,FALSE,"random_tau"
"6769",68,69,10000,TRUE,FALSE,"random_tau"
"6770",68,70,10000,TRUE,FALSE,"random_tau"
"6771",68,71,10000,TRUE,FALSE,"random_tau"
"6772",68,72,10000,TRUE,FALSE,"random_tau"
"6773",68,73,10000,TRUE,FALSE,"random_tau"
"6774",68,74,10000,TRUE,FALSE,"random_tau"
"6775",68,75,10000,TRUE,FALSE,"random_tau"
"6776",68,76,10000,TRUE,FALSE,"random_tau"
"6777",68,77,10000,TRUE,FALSE,"random_tau"
"6778",68,78,10000,TRUE,FALSE,"random_tau"
"6779",68,79,10000,TRUE,FALSE,"random_tau"
"6780",68,80,10000,TRUE,FALSE,"random_tau"
"6781",68,81,10000,TRUE,FALSE,"random_tau"
"6782",68,82,10000,TRUE,FALSE,"random_tau"
"6783",68,83,10000,TRUE,FALSE,"random_tau"
"6784",68,84,10000,TRUE,FALSE,"random_tau"
"6785",68,85,10000,TRUE,FALSE,"random_tau"
"6786",68,86,10000,TRUE,FALSE,"random_tau"
"6787",68,87,10000,TRUE,FALSE,"random_tau"
"6788",68,88,10000,TRUE,FALSE,"random_tau"
"6789",68,89,10000,TRUE,FALSE,"random_tau"
"6790",68,90,10000,TRUE,FALSE,"random_tau"
"6791",68,91,10000,TRUE,FALSE,"random_tau"
"6792",68,92,10000,TRUE,FALSE,"random_tau"
"6793",68,93,10000,TRUE,FALSE,"random_tau"
"6794",68,94,10000,TRUE,FALSE,"random_tau"
"6795",68,95,10000,TRUE,FALSE,"random_tau"
"6796",68,96,10000,TRUE,FALSE,"random_tau"
"6797",68,97,10000,TRUE,FALSE,"random_tau"
"6798",68,98,10000,TRUE,FALSE,"random_tau"
"6799",68,99,10000,TRUE,FALSE,"random_tau"
"6800",68,100,10000,TRUE,FALSE,"random_tau"
"6801",69,1,622,TRUE,FALSE,"random_tau"
"6802",69,2,1152,TRUE,FALSE,"random_tau"
"6803",69,3,1629,TRUE,FALSE,"random_tau"
"6804",69,4,2168,TRUE,FALSE,"random_tau"
"6805",69,5,2793,TRUE,FALSE,"random_tau"
"6806",69,6,3582,TRUE,FALSE,"random_tau"
"6807",69,7,4558,TRUE,FALSE,"random_tau"
"6808",69,8,5702,TRUE,FALSE,"random_tau"
"6809",69,9,7047,TRUE,FALSE,"random_tau"
"6810",69,10,8377,TRUE,FALSE,"random_tau"
"6811",69,11,9424,TRUE,FALSE,"random_tau"
"6812",69,12,9880,TRUE,FALSE,"random_tau"
"6813",69,13,9990,TRUE,FALSE,"random_tau"
"6814",69,14,10000,TRUE,FALSE,"random_tau"
"6815",69,15,10000,TRUE,FALSE,"random_tau"
"6816",69,16,10000,TRUE,FALSE,"random_tau"
"6817",69,17,10000,TRUE,FALSE,"random_tau"
"6818",69,18,10000,TRUE,FALSE,"random_tau"
"6819",69,19,10000,TRUE,FALSE,"random_tau"
"6820",69,20,10000,TRUE,FALSE,"random_tau"
"6821",69,21,10000,TRUE,FALSE,"random_tau"
"6822",69,22,10000,TRUE,FALSE,"random_tau"
"6823",69,23,10000,TRUE,FALSE,"random_tau"
"6824",69,24,10000,TRUE,FALSE,"random_tau"
"6825",69,25,10000,TRUE,FALSE,"random_tau"
"6826",69,26,10000,TRUE,FALSE,"random_tau"
"6827",69,27,10000,TRUE,FALSE,"random_tau"
"6828",69,28,10000,TRUE,FALSE,"random_tau"
"6829",69,29,10000,TRUE,FALSE,"random_tau"
"6830",69,30,10000,TRUE,FALSE,"random_tau"
"6831",69,31,10000,TRUE,FALSE,"random_tau"
"6832",69,32,10000,TRUE,FALSE,"random_tau"
"6833",69,33,10000,TRUE,FALSE,"random_tau"
"6834",69,34,10000,TRUE,FALSE,"random_tau"
"6835",69,35,10000,TRUE,FALSE,"random_tau"
"6836",69,36,10000,TRUE,FALSE,"random_tau"
"6837",69,37,10000,TRUE,FALSE,"random_tau"
"6838",69,38,10000,TRUE,FALSE,"random_tau"
"6839",69,39,10000,TRUE,FALSE,"random_tau"
"6840",69,40,10000,TRUE,FALSE,"random_tau"
"6841",69,41,10000,TRUE,FALSE,"random_tau"
"6842",69,42,10000,TRUE,FALSE,"random_tau"
"6843",69,43,10000,TRUE,FALSE,"random_tau"
"6844",69,44,10000,TRUE,FALSE,"random_tau"
"6845",69,45,10000,TRUE,FALSE,"random_tau"
"6846",69,46,10000,TRUE,FALSE,"random_tau"
"6847",69,47,10000,TRUE,FALSE,"random_tau"
"6848",69,48,10000,TRUE,FALSE,"random_tau"
"6849",69,49,10000,TRUE,FALSE,"random_tau"
"6850",69,50,10000,TRUE,FALSE,"random_tau"
"6851",69,51,10000,TRUE,FALSE,"random_tau"
"6852",69,52,10000,TRUE,FALSE,"random_tau"
"6853",69,53,10000,TRUE,FALSE,"random_tau"
"6854",69,54,10000,TRUE,FALSE,"random_tau"
"6855",69,55,10000,TRUE,FALSE,"random_tau"
"6856",69,56,10000,TRUE,FALSE,"random_tau"
"6857",69,57,10000,TRUE,FALSE,"random_tau"
"6858",69,58,10000,TRUE,FALSE,"random_tau"
"6859",69,59,10000,TRUE,FALSE,"random_tau"
"6860",69,60,10000,TRUE,FALSE,"random_tau"
"6861",69,61,10000,TRUE,FALSE,"random_tau"
"6862",69,62,10000,TRUE,FALSE,"random_tau"
"6863",69,63,10000,TRUE,FALSE,"random_tau"
"6864",69,64,10000,TRUE,FALSE,"random_tau"
"6865",69,65,10000,TRUE,FALSE,"random_tau"
"6866",69,66,10000,TRUE,FALSE,"random_tau"
"6867",69,67,10000,TRUE,FALSE,"random_tau"
"6868",69,68,10000,TRUE,FALSE,"random_tau"
"6869",69,69,10000,TRUE,FALSE,"random_tau"
"6870",69,70,10000,TRUE,FALSE,"random_tau"
"6871",69,71,10000,TRUE,FALSE,"random_tau"
"6872",69,72,10000,TRUE,FALSE,"random_tau"
"6873",69,73,10000,TRUE,FALSE,"random_tau"
"6874",69,74,10000,TRUE,FALSE,"random_tau"
"6875",69,75,10000,TRUE,FALSE,"random_tau"
"6876",69,76,10000,TRUE,FALSE,"random_tau"
"6877",69,77,10000,TRUE,FALSE,"random_tau"
"6878",69,78,10000,TRUE,FALSE,"random_tau"
"6879",69,79,10000,TRUE,FALSE,"random_tau"
"6880",69,80,10000,TRUE,FALSE,"random_tau"
"6881",69,81,10000,TRUE,FALSE,"random_tau"
"6882",69,82,10000,TRUE,FALSE,"random_tau"
"6883",69,83,10000,TRUE,FALSE,"random_tau"
"6884",69,84,10000,TRUE,FALSE,"random_tau"
"6885",69,85,10000,TRUE,FALSE,"random_tau"
"6886",69,86,10000,TRUE,FALSE,"random_tau"
"6887",69,87,10000,TRUE,FALSE,"random_tau"
"6888",69,88,10000,TRUE,FALSE,"random_tau"
"6889",69,89,10000,TRUE,FALSE,"random_tau"
"6890",69,90,10000,TRUE,FALSE,"random_tau"
"6891",69,91,10000,TRUE,FALSE,"random_tau"
"6892",69,92,10000,TRUE,FALSE,"random_tau"
"6893",69,93,10000,TRUE,FALSE,"random_tau"
"6894",69,94,10000,TRUE,FALSE,"random_tau"
"6895",69,95,10000,TRUE,FALSE,"random_tau"
"6896",69,96,10000,TRUE,FALSE,"random_tau"
"6897",69,97,10000,TRUE,FALSE,"random_tau"
"6898",69,98,10000,TRUE,FALSE,"random_tau"
"6899",69,99,10000,TRUE,FALSE,"random_tau"
"6900",69,100,10000,TRUE,FALSE,"random_tau"
"6901",70,1,614,TRUE,FALSE,"random_tau"
"6902",70,2,1131,TRUE,FALSE,"random_tau"
"6903",70,3,1584,TRUE,FALSE,"random_tau"
"6904",70,4,2055,TRUE,FALSE,"random_tau"
"6905",70,5,2632,TRUE,FALSE,"random_tau"
"6906",70,6,3338,TRUE,FALSE,"random_tau"
"6907",70,7,4181,TRUE,FALSE,"random_tau"
"6908",70,8,5175,TRUE,FALSE,"random_tau"
"6909",70,9,6362,TRUE,FALSE,"random_tau"
"6910",70,10,7589,TRUE,FALSE,"random_tau"
"6911",70,11,8795,TRUE,FALSE,"random_tau"
"6912",70,12,9626,TRUE,FALSE,"random_tau"
"6913",70,13,9945,TRUE,FALSE,"random_tau"
"6914",70,14,9996,TRUE,FALSE,"random_tau"
"6915",70,15,10000,TRUE,FALSE,"random_tau"
"6916",70,16,10000,TRUE,FALSE,"random_tau"
"6917",70,17,10000,TRUE,FALSE,"random_tau"
"6918",70,18,10000,TRUE,FALSE,"random_tau"
"6919",70,19,10000,TRUE,FALSE,"random_tau"
"6920",70,20,10000,TRUE,FALSE,"random_tau"
"6921",70,21,10000,TRUE,FALSE,"random_tau"
"6922",70,22,10000,TRUE,FALSE,"random_tau"
"6923",70,23,10000,TRUE,FALSE,"random_tau"
"6924",70,24,10000,TRUE,FALSE,"random_tau"
"6925",70,25,10000,TRUE,FALSE,"random_tau"
"6926",70,26,10000,TRUE,FALSE,"random_tau"
"6927",70,27,10000,TRUE,FALSE,"random_tau"
"6928",70,28,10000,TRUE,FALSE,"random_tau"
"6929",70,29,10000,TRUE,FALSE,"random_tau"
"6930",70,30,10000,TRUE,FALSE,"random_tau"
"6931",70,31,10000,TRUE,FALSE,"random_tau"
"6932",70,32,10000,TRUE,FALSE,"random_tau"
"6933",70,33,10000,TRUE,FALSE,"random_tau"
"6934",70,34,10000,TRUE,FALSE,"random_tau"
"6935",70,35,10000,TRUE,FALSE,"random_tau"
"6936",70,36,10000,TRUE,FALSE,"random_tau"
"6937",70,37,10000,TRUE,FALSE,"random_tau"
"6938",70,38,10000,TRUE,FALSE,"random_tau"
"6939",70,39,10000,TRUE,FALSE,"random_tau"
"6940",70,40,10000,TRUE,FALSE,"random_tau"
"6941",70,41,10000,TRUE,FALSE,"random_tau"
"6942",70,42,10000,TRUE,FALSE,"random_tau"
"6943",70,43,10000,TRUE,FALSE,"random_tau"
"6944",70,44,10000,TRUE,FALSE,"random_tau"
"6945",70,45,10000,TRUE,FALSE,"random_tau"
"6946",70,46,10000,TRUE,FALSE,"random_tau"
"6947",70,47,10000,TRUE,FALSE,"random_tau"
"6948",70,48,10000,TRUE,FALSE,"random_tau"
"6949",70,49,10000,TRUE,FALSE,"random_tau"
"6950",70,50,10000,TRUE,FALSE,"random_tau"
"6951",70,51,10000,TRUE,FALSE,"random_tau"
"6952",70,52,10000,TRUE,FALSE,"random_tau"
"6953",70,53,10000,TRUE,FALSE,"random_tau"
"6954",70,54,10000,TRUE,FALSE,"random_tau"
"6955",70,55,10000,TRUE,FALSE,"random_tau"
"6956",70,56,10000,TRUE,FALSE,"random_tau"
"6957",70,57,10000,TRUE,FALSE,"random_tau"
"6958",70,58,10000,TRUE,FALSE,"random_tau"
"6959",70,59,10000,TRUE,FALSE,"random_tau"
"6960",70,60,10000,TRUE,FALSE,"random_tau"
"6961",70,61,10000,TRUE,FALSE,"random_tau"
"6962",70,62,10000,TRUE,FALSE,"random_tau"
"6963",70,63,10000,TRUE,FALSE,"random_tau"
"6964",70,64,10000,TRUE,FALSE,"random_tau"
"6965",70,65,10000,TRUE,FALSE,"random_tau"
"6966",70,66,10000,TRUE,FALSE,"random_tau"
"6967",70,67,10000,TRUE,FALSE,"random_tau"
"6968",70,68,10000,TRUE,FALSE,"random_tau"
"6969",70,69,10000,TRUE,FALSE,"random_tau"
"6970",70,70,10000,TRUE,FALSE,"random_tau"
"6971",70,71,10000,TRUE,FALSE,"random_tau"
"6972",70,72,10000,TRUE,FALSE,"random_tau"
"6973",70,73,10000,TRUE,FALSE,"random_tau"
"6974",70,74,10000,TRUE,FALSE,"random_tau"
"6975",70,75,10000,TRUE,FALSE,"random_tau"
"6976",70,76,10000,TRUE,FALSE,"random_tau"
"6977",70,77,10000,TRUE,FALSE,"random_tau"
"6978",70,78,10000,TRUE,FALSE,"random_tau"
"6979",70,79,10000,TRUE,FALSE,"random_tau"
"6980",70,80,10000,TRUE,FALSE,"random_tau"
"6981",70,81,10000,TRUE,FALSE,"random_tau"
"6982",70,82,10000,TRUE,FALSE,"random_tau"
"6983",70,83,10000,TRUE,FALSE,"random_tau"
"6984",70,84,10000,TRUE,FALSE,"random_tau"
"6985",70,85,10000,TRUE,FALSE,"random_tau"
"6986",70,86,10000,TRUE,FALSE,"random_tau"
"6987",70,87,10000,TRUE,FALSE,"random_tau"
"6988",70,88,10000,TRUE,FALSE,"random_tau"
"6989",70,89,10000,TRUE,FALSE,"random_tau"
"6990",70,90,10000,TRUE,FALSE,"random_tau"
"6991",70,91,10000,TRUE,FALSE,"random_tau"
"6992",70,92,10000,TRUE,FALSE,"random_tau"
"6993",70,93,10000,TRUE,FALSE,"random_tau"
"6994",70,94,10000,TRUE,FALSE,"random_tau"
"6995",70,95,10000,TRUE,FALSE,"random_tau"
"6996",70,96,10000,TRUE,FALSE,"random_tau"
"6997",70,97,10000,TRUE,FALSE,"random_tau"
"6998",70,98,10000,TRUE,FALSE,"random_tau"
"6999",70,99,10000,TRUE,FALSE,"random_tau"
"7000",70,100,10000,TRUE,FALSE,"random_tau"
"7001",71,1,640,TRUE,FALSE,"random_tau"
"7002",71,2,1211,TRUE,FALSE,"random_tau"
"7003",71,3,1746,TRUE,FALSE,"random_tau"
"7004",71,4,2355,TRUE,FALSE,"random_tau"
"7005",71,5,3082,TRUE,FALSE,"random_tau"
"7006",71,6,3937,TRUE,FALSE,"random_tau"
"7007",71,7,5020,TRUE,FALSE,"random_tau"
"7008",71,8,6302,TRUE,FALSE,"random_tau"
"7009",71,9,7633,TRUE,FALSE,"random_tau"
"7010",71,10,8823,TRUE,FALSE,"random_tau"
"7011",71,11,9585,TRUE,FALSE,"random_tau"
"7012",71,12,9923,TRUE,FALSE,"random_tau"
"7013",71,13,9991,TRUE,FALSE,"random_tau"
"7014",71,14,9999,TRUE,FALSE,"random_tau"
"7015",71,15,10000,TRUE,FALSE,"random_tau"
"7016",71,16,10000,TRUE,FALSE,"random_tau"
"7017",71,17,10000,TRUE,FALSE,"random_tau"
"7018",71,18,10000,TRUE,FALSE,"random_tau"
"7019",71,19,10000,TRUE,FALSE,"random_tau"
"7020",71,20,10000,TRUE,FALSE,"random_tau"
"7021",71,21,10000,TRUE,FALSE,"random_tau"
"7022",71,22,10000,TRUE,FALSE,"random_tau"
"7023",71,23,10000,TRUE,FALSE,"random_tau"
"7024",71,24,10000,TRUE,FALSE,"random_tau"
"7025",71,25,10000,TRUE,FALSE,"random_tau"
"7026",71,26,10000,TRUE,FALSE,"random_tau"
"7027",71,27,10000,TRUE,FALSE,"random_tau"
"7028",71,28,10000,TRUE,FALSE,"random_tau"
"7029",71,29,10000,TRUE,FALSE,"random_tau"
"7030",71,30,10000,TRUE,FALSE,"random_tau"
"7031",71,31,10000,TRUE,FALSE,"random_tau"
"7032",71,32,10000,TRUE,FALSE,"random_tau"
"7033",71,33,10000,TRUE,FALSE,"random_tau"
"7034",71,34,10000,TRUE,FALSE,"random_tau"
"7035",71,35,10000,TRUE,FALSE,"random_tau"
"7036",71,36,10000,TRUE,FALSE,"random_tau"
"7037",71,37,10000,TRUE,FALSE,"random_tau"
"7038",71,38,10000,TRUE,FALSE,"random_tau"
"7039",71,39,10000,TRUE,FALSE,"random_tau"
"7040",71,40,10000,TRUE,FALSE,"random_tau"
"7041",71,41,10000,TRUE,FALSE,"random_tau"
"7042",71,42,10000,TRUE,FALSE,"random_tau"
"7043",71,43,10000,TRUE,FALSE,"random_tau"
"7044",71,44,10000,TRUE,FALSE,"random_tau"
"7045",71,45,10000,TRUE,FALSE,"random_tau"
"7046",71,46,10000,TRUE,FALSE,"random_tau"
"7047",71,47,10000,TRUE,FALSE,"random_tau"
"7048",71,48,10000,TRUE,FALSE,"random_tau"
"7049",71,49,10000,TRUE,FALSE,"random_tau"
"7050",71,50,10000,TRUE,FALSE,"random_tau"
"7051",71,51,10000,TRUE,FALSE,"random_tau"
"7052",71,52,10000,TRUE,FALSE,"random_tau"
"7053",71,53,10000,TRUE,FALSE,"random_tau"
"7054",71,54,10000,TRUE,FALSE,"random_tau"
"7055",71,55,10000,TRUE,FALSE,"random_tau"
"7056",71,56,10000,TRUE,FALSE,"random_tau"
"7057",71,57,10000,TRUE,FALSE,"random_tau"
"7058",71,58,10000,TRUE,FALSE,"random_tau"
"7059",71,59,10000,TRUE,FALSE,"random_tau"
"7060",71,60,10000,TRUE,FALSE,"random_tau"
"7061",71,61,10000,TRUE,FALSE,"random_tau"
"7062",71,62,10000,TRUE,FALSE,"random_tau"
"7063",71,63,10000,TRUE,FALSE,"random_tau"
"7064",71,64,10000,TRUE,FALSE,"random_tau"
"7065",71,65,10000,TRUE,FALSE,"random_tau"
"7066",71,66,10000,TRUE,FALSE,"random_tau"
"7067",71,67,10000,TRUE,FALSE,"random_tau"
"7068",71,68,10000,TRUE,FALSE,"random_tau"
"7069",71,69,10000,TRUE,FALSE,"random_tau"
"7070",71,70,10000,TRUE,FALSE,"random_tau"
"7071",71,71,10000,TRUE,FALSE,"random_tau"
"7072",71,72,10000,TRUE,FALSE,"random_tau"
"7073",71,73,10000,TRUE,FALSE,"random_tau"
"7074",71,74,10000,TRUE,FALSE,"random_tau"
"7075",71,75,10000,TRUE,FALSE,"random_tau"
"7076",71,76,10000,TRUE,FALSE,"random_tau"
"7077",71,77,10000,TRUE,FALSE,"random_tau"
"7078",71,78,10000,TRUE,FALSE,"random_tau"
"7079",71,79,10000,TRUE,FALSE,"random_tau"
"7080",71,80,10000,TRUE,FALSE,"random_tau"
"7081",71,81,10000,TRUE,FALSE,"random_tau"
"7082",71,82,10000,TRUE,FALSE,"random_tau"
"7083",71,83,10000,TRUE,FALSE,"random_tau"
"7084",71,84,10000,TRUE,FALSE,"random_tau"
"7085",71,85,10000,TRUE,FALSE,"random_tau"
"7086",71,86,10000,TRUE,FALSE,"random_tau"
"7087",71,87,10000,TRUE,FALSE,"random_tau"
"7088",71,88,10000,TRUE,FALSE,"random_tau"
"7089",71,89,10000,TRUE,FALSE,"random_tau"
"7090",71,90,10000,TRUE,FALSE,"random_tau"
"7091",71,91,10000,TRUE,FALSE,"random_tau"
"7092",71,92,10000,TRUE,FALSE,"random_tau"
"7093",71,93,10000,TRUE,FALSE,"random_tau"
"7094",71,94,10000,TRUE,FALSE,"random_tau"
"7095",71,95,10000,TRUE,FALSE,"random_tau"
"7096",71,96,10000,TRUE,FALSE,"random_tau"
"7097",71,97,10000,TRUE,FALSE,"random_tau"
"7098",71,98,10000,TRUE,FALSE,"random_tau"
"7099",71,99,10000,TRUE,FALSE,"random_tau"
"7100",71,100,10000,TRUE,FALSE,"random_tau"
"7101",72,1,635,TRUE,FALSE,"random_tau"
"7102",72,2,1161,TRUE,FALSE,"random_tau"
"7103",72,3,1597,TRUE,FALSE,"random_tau"
"7104",72,4,2057,TRUE,FALSE,"random_tau"
"7105",72,5,2585,TRUE,FALSE,"random_tau"
"7106",72,6,3240,TRUE,FALSE,"random_tau"
"7107",72,7,4032,TRUE,FALSE,"random_tau"
"7108",72,8,5011,TRUE,FALSE,"random_tau"
"7109",72,9,6217,TRUE,FALSE,"random_tau"
"7110",72,10,7539,TRUE,FALSE,"random_tau"
"7111",72,11,8769,TRUE,FALSE,"random_tau"
"7112",72,12,9576,TRUE,FALSE,"random_tau"
"7113",72,13,9925,TRUE,FALSE,"random_tau"
"7114",72,14,9994,TRUE,FALSE,"random_tau"
"7115",72,15,9999,TRUE,FALSE,"random_tau"
"7116",72,16,9999,TRUE,FALSE,"random_tau"
"7117",72,17,9999,TRUE,FALSE,"random_tau"
"7118",72,18,9999,TRUE,FALSE,"random_tau"
"7119",72,19,9999,TRUE,FALSE,"random_tau"
"7120",72,20,9999,TRUE,FALSE,"random_tau"
"7121",72,21,9999,TRUE,FALSE,"random_tau"
"7122",72,22,9999,TRUE,FALSE,"random_tau"
"7123",72,23,9999,TRUE,FALSE,"random_tau"
"7124",72,24,9999,TRUE,FALSE,"random_tau"
"7125",72,25,9999,TRUE,FALSE,"random_tau"
"7126",72,26,9999,TRUE,FALSE,"random_tau"
"7127",72,27,9999,TRUE,FALSE,"random_tau"
"7128",72,28,9999,TRUE,FALSE,"random_tau"
"7129",72,29,9999,TRUE,FALSE,"random_tau"
"7130",72,30,9999,TRUE,FALSE,"random_tau"
"7131",72,31,9999,TRUE,FALSE,"random_tau"
"7132",72,32,9999,TRUE,FALSE,"random_tau"
"7133",72,33,9999,TRUE,FALSE,"random_tau"
"7134",72,34,9999,TRUE,FALSE,"random_tau"
"7135",72,35,9999,TRUE,FALSE,"random_tau"
"7136",72,36,9999,TRUE,FALSE,"random_tau"
"7137",72,37,9999,TRUE,FALSE,"random_tau"
"7138",72,38,9999,TRUE,FALSE,"random_tau"
"7139",72,39,9999,TRUE,FALSE,"random_tau"
"7140",72,40,9999,TRUE,FALSE,"random_tau"
"7141",72,41,9999,TRUE,FALSE,"random_tau"
"7142",72,42,9999,TRUE,FALSE,"random_tau"
"7143",72,43,9999,TRUE,FALSE,"random_tau"
"7144",72,44,9999,TRUE,FALSE,"random_tau"
"7145",72,45,9999,TRUE,FALSE,"random_tau"
"7146",72,46,9999,TRUE,FALSE,"random_tau"
"7147",72,47,9999,TRUE,FALSE,"random_tau"
"7148",72,48,9999,TRUE,FALSE,"random_tau"
"7149",72,49,9999,TRUE,FALSE,"random_tau"
"7150",72,50,9999,TRUE,FALSE,"random_tau"
"7151",72,51,9999,TRUE,FALSE,"random_tau"
"7152",72,52,9999,TRUE,FALSE,"random_tau"
"7153",72,53,9999,TRUE,FALSE,"random_tau"
"7154",72,54,9999,TRUE,FALSE,"random_tau"
"7155",72,55,9999,TRUE,FALSE,"random_tau"
"7156",72,56,9999,TRUE,FALSE,"random_tau"
"7157",72,57,9999,TRUE,FALSE,"random_tau"
"7158",72,58,9999,TRUE,FALSE,"random_tau"
"7159",72,59,9999,TRUE,FALSE,"random_tau"
"7160",72,60,9999,TRUE,FALSE,"random_tau"
"7161",72,61,9999,TRUE,FALSE,"random_tau"
"7162",72,62,9999,TRUE,FALSE,"random_tau"
"7163",72,63,9999,TRUE,FALSE,"random_tau"
"7164",72,64,9999,TRUE,FALSE,"random_tau"
"7165",72,65,9999,TRUE,FALSE,"random_tau"
"7166",72,66,9999,TRUE,FALSE,"random_tau"
"7167",72,67,9999,TRUE,FALSE,"random_tau"
"7168",72,68,9999,TRUE,FALSE,"random_tau"
"7169",72,69,9999,TRUE,FALSE,"random_tau"
"7170",72,70,9999,TRUE,FALSE,"random_tau"
"7171",72,71,9999,TRUE,FALSE,"random_tau"
"7172",72,72,9999,TRUE,FALSE,"random_tau"
"7173",72,73,9999,TRUE,FALSE,"random_tau"
"7174",72,74,9999,TRUE,FALSE,"random_tau"
"7175",72,75,9999,TRUE,FALSE,"random_tau"
"7176",72,76,9999,TRUE,FALSE,"random_tau"
"7177",72,77,9999,TRUE,FALSE,"random_tau"
"7178",72,78,9999,TRUE,FALSE,"random_tau"
"7179",72,79,9999,TRUE,FALSE,"random_tau"
"7180",72,80,9999,TRUE,FALSE,"random_tau"
"7181",72,81,9999,TRUE,FALSE,"random_tau"
"7182",72,82,9999,TRUE,FALSE,"random_tau"
"7183",72,83,9999,TRUE,FALSE,"random_tau"
"7184",72,84,9999,TRUE,FALSE,"random_tau"
"7185",72,85,9999,TRUE,FALSE,"random_tau"
"7186",72,86,9999,TRUE,FALSE,"random_tau"
"7187",72,87,9999,TRUE,FALSE,"random_tau"
"7188",72,88,9999,TRUE,FALSE,"random_tau"
"7189",72,89,9999,TRUE,FALSE,"random_tau"
"7190",72,90,9999,TRUE,FALSE,"random_tau"
"7191",72,91,9999,TRUE,FALSE,"random_tau"
"7192",72,92,9999,TRUE,FALSE,"random_tau"
"7193",72,93,9999,TRUE,FALSE,"random_tau"
"7194",72,94,9999,TRUE,FALSE,"random_tau"
"7195",72,95,9999,TRUE,FALSE,"random_tau"
"7196",72,96,9999,TRUE,FALSE,"random_tau"
"7197",72,97,9999,TRUE,FALSE,"random_tau"
"7198",72,98,9999,TRUE,FALSE,"random_tau"
"7199",72,99,9999,TRUE,FALSE,"random_tau"
"7200",72,100,9999,TRUE,FALSE,"random_tau"
"7201",73,1,634,TRUE,FALSE,"random_tau"
"7202",73,2,1114,TRUE,FALSE,"random_tau"
"7203",73,3,1552,TRUE,FALSE,"random_tau"
"7204",73,4,2050,TRUE,FALSE,"random_tau"
"7205",73,5,2620,TRUE,FALSE,"random_tau"
"7206",73,6,3247,TRUE,FALSE,"random_tau"
"7207",73,7,4004,TRUE,FALSE,"random_tau"
"7208",73,8,4943,TRUE,FALSE,"random_tau"
"7209",73,9,6067,TRUE,FALSE,"random_tau"
"7210",73,10,7305,TRUE,FALSE,"random_tau"
"7211",73,11,8511,TRUE,FALSE,"random_tau"
"7212",73,12,9441,TRUE,FALSE,"random_tau"
"7213",73,13,9887,TRUE,FALSE,"random_tau"
"7214",73,14,9983,TRUE,FALSE,"random_tau"
"7215",73,15,9997,TRUE,FALSE,"random_tau"
"7216",73,16,9999,TRUE,FALSE,"random_tau"
"7217",73,17,9999,TRUE,FALSE,"random_tau"
"7218",73,18,9999,TRUE,FALSE,"random_tau"
"7219",73,19,9999,TRUE,FALSE,"random_tau"
"7220",73,20,9999,TRUE,FALSE,"random_tau"
"7221",73,21,9999,TRUE,FALSE,"random_tau"
"7222",73,22,9999,TRUE,FALSE,"random_tau"
"7223",73,23,9999,TRUE,FALSE,"random_tau"
"7224",73,24,9999,TRUE,FALSE,"random_tau"
"7225",73,25,9999,TRUE,FALSE,"random_tau"
"7226",73,26,9999,TRUE,FALSE,"random_tau"
"7227",73,27,9999,TRUE,FALSE,"random_tau"
"7228",73,28,9999,TRUE,FALSE,"random_tau"
"7229",73,29,9999,TRUE,FALSE,"random_tau"
"7230",73,30,9999,TRUE,FALSE,"random_tau"
"7231",73,31,9999,TRUE,FALSE,"random_tau"
"7232",73,32,9999,TRUE,FALSE,"random_tau"
"7233",73,33,9999,TRUE,FALSE,"random_tau"
"7234",73,34,9999,TRUE,FALSE,"random_tau"
"7235",73,35,9999,TRUE,FALSE,"random_tau"
"7236",73,36,9999,TRUE,FALSE,"random_tau"
"7237",73,37,9999,TRUE,FALSE,"random_tau"
"7238",73,38,9999,TRUE,FALSE,"random_tau"
"7239",73,39,9999,TRUE,FALSE,"random_tau"
"7240",73,40,9999,TRUE,FALSE,"random_tau"
"7241",73,41,9999,TRUE,FALSE,"random_tau"
"7242",73,42,9999,TRUE,FALSE,"random_tau"
"7243",73,43,9999,TRUE,FALSE,"random_tau"
"7244",73,44,9999,TRUE,FALSE,"random_tau"
"7245",73,45,9999,TRUE,FALSE,"random_tau"
"7246",73,46,9999,TRUE,FALSE,"random_tau"
"7247",73,47,9999,TRUE,FALSE,"random_tau"
"7248",73,48,9999,TRUE,FALSE,"random_tau"
"7249",73,49,9999,TRUE,FALSE,"random_tau"
"7250",73,50,9999,TRUE,FALSE,"random_tau"
"7251",73,51,9999,TRUE,FALSE,"random_tau"
"7252",73,52,9999,TRUE,FALSE,"random_tau"
"7253",73,53,9999,TRUE,FALSE,"random_tau"
"7254",73,54,9999,TRUE,FALSE,"random_tau"
"7255",73,55,9999,TRUE,FALSE,"random_tau"
"7256",73,56,9999,TRUE,FALSE,"random_tau"
"7257",73,57,9999,TRUE,FALSE,"random_tau"
"7258",73,58,9999,TRUE,FALSE,"random_tau"
"7259",73,59,9999,TRUE,FALSE,"random_tau"
"7260",73,60,9999,TRUE,FALSE,"random_tau"
"7261",73,61,9999,TRUE,FALSE,"random_tau"
"7262",73,62,9999,TRUE,FALSE,"random_tau"
"7263",73,63,9999,TRUE,FALSE,"random_tau"
"7264",73,64,9999,TRUE,FALSE,"random_tau"
"7265",73,65,9999,TRUE,FALSE,"random_tau"
"7266",73,66,9999,TRUE,FALSE,"random_tau"
"7267",73,67,9999,TRUE,FALSE,"random_tau"
"7268",73,68,9999,TRUE,FALSE,"random_tau"
"7269",73,69,9999,TRUE,FALSE,"random_tau"
"7270",73,70,9999,TRUE,FALSE,"random_tau"
"7271",73,71,9999,TRUE,FALSE,"random_tau"
"7272",73,72,9999,TRUE,FALSE,"random_tau"
"7273",73,73,9999,TRUE,FALSE,"random_tau"
"7274",73,74,9999,TRUE,FALSE,"random_tau"
"7275",73,75,9999,TRUE,FALSE,"random_tau"
"7276",73,76,9999,TRUE,FALSE,"random_tau"
"7277",73,77,9999,TRUE,FALSE,"random_tau"
"7278",73,78,9999,TRUE,FALSE,"random_tau"
"7279",73,79,9999,TRUE,FALSE,"random_tau"
"7280",73,80,9999,TRUE,FALSE,"random_tau"
"7281",73,81,9999,TRUE,FALSE,"random_tau"
"7282",73,82,9999,TRUE,FALSE,"random_tau"
"7283",73,83,9999,TRUE,FALSE,"random_tau"
"7284",73,84,9999,TRUE,FALSE,"random_tau"
"7285",73,85,9999,TRUE,FALSE,"random_tau"
"7286",73,86,9999,TRUE,FALSE,"random_tau"
"7287",73,87,9999,TRUE,FALSE,"random_tau"
"7288",73,88,9999,TRUE,FALSE,"random_tau"
"7289",73,89,9999,TRUE,FALSE,"random_tau"
"7290",73,90,9999,TRUE,FALSE,"random_tau"
"7291",73,91,9999,TRUE,FALSE,"random_tau"
"7292",73,92,9999,TRUE,FALSE,"random_tau"
"7293",73,93,9999,TRUE,FALSE,"random_tau"
"7294",73,94,9999,TRUE,FALSE,"random_tau"
"7295",73,95,9999,TRUE,FALSE,"random_tau"
"7296",73,96,9999,TRUE,FALSE,"random_tau"
"7297",73,97,9999,TRUE,FALSE,"random_tau"
"7298",73,98,9999,TRUE,FALSE,"random_tau"
"7299",73,99,9999,TRUE,FALSE,"random_tau"
"7300",73,100,9999,TRUE,FALSE,"random_tau"
"7301",74,1,638,TRUE,FALSE,"random_tau"
"7302",74,2,1168,TRUE,FALSE,"random_tau"
"7303",74,3,1634,TRUE,FALSE,"random_tau"
"7304",74,4,2140,TRUE,FALSE,"random_tau"
"7305",74,5,2679,TRUE,FALSE,"random_tau"
"7306",74,6,3325,TRUE,FALSE,"random_tau"
"7307",74,7,4121,TRUE,FALSE,"random_tau"
"7308",74,8,5059,TRUE,FALSE,"random_tau"
"7309",74,9,6203,TRUE,FALSE,"random_tau"
"7310",74,10,7505,TRUE,FALSE,"random_tau"
"7311",74,11,8707,TRUE,FALSE,"random_tau"
"7312",74,12,9533,TRUE,FALSE,"random_tau"
"7313",74,13,9913,TRUE,FALSE,"random_tau"
"7314",74,14,9993,TRUE,FALSE,"random_tau"
"7315",74,15,10000,TRUE,FALSE,"random_tau"
"7316",74,16,10000,TRUE,FALSE,"random_tau"
"7317",74,17,10000,TRUE,FALSE,"random_tau"
"7318",74,18,10000,TRUE,FALSE,"random_tau"
"7319",74,19,10000,TRUE,FALSE,"random_tau"
"7320",74,20,10000,TRUE,FALSE,"random_tau"
"7321",74,21,10000,TRUE,FALSE,"random_tau"
"7322",74,22,10000,TRUE,FALSE,"random_tau"
"7323",74,23,10000,TRUE,FALSE,"random_tau"
"7324",74,24,10000,TRUE,FALSE,"random_tau"
"7325",74,25,10000,TRUE,FALSE,"random_tau"
"7326",74,26,10000,TRUE,FALSE,"random_tau"
"7327",74,27,10000,TRUE,FALSE,"random_tau"
"7328",74,28,10000,TRUE,FALSE,"random_tau"
"7329",74,29,10000,TRUE,FALSE,"random_tau"
"7330",74,30,10000,TRUE,FALSE,"random_tau"
"7331",74,31,10000,TRUE,FALSE,"random_tau"
"7332",74,32,10000,TRUE,FALSE,"random_tau"
"7333",74,33,10000,TRUE,FALSE,"random_tau"
"7334",74,34,10000,TRUE,FALSE,"random_tau"
"7335",74,35,10000,TRUE,FALSE,"random_tau"
"7336",74,36,10000,TRUE,FALSE,"random_tau"
"7337",74,37,10000,TRUE,FALSE,"random_tau"
"7338",74,38,10000,TRUE,FALSE,"random_tau"
"7339",74,39,10000,TRUE,FALSE,"random_tau"
"7340",74,40,10000,TRUE,FALSE,"random_tau"
"7341",74,41,10000,TRUE,FALSE,"random_tau"
"7342",74,42,10000,TRUE,FALSE,"random_tau"
"7343",74,43,10000,TRUE,FALSE,"random_tau"
"7344",74,44,10000,TRUE,FALSE,"random_tau"
"7345",74,45,10000,TRUE,FALSE,"random_tau"
"7346",74,46,10000,TRUE,FALSE,"random_tau"
"7347",74,47,10000,TRUE,FALSE,"random_tau"
"7348",74,48,10000,TRUE,FALSE,"random_tau"
"7349",74,49,10000,TRUE,FALSE,"random_tau"
"7350",74,50,10000,TRUE,FALSE,"random_tau"
"7351",74,51,10000,TRUE,FALSE,"random_tau"
"7352",74,52,10000,TRUE,FALSE,"random_tau"
"7353",74,53,10000,TRUE,FALSE,"random_tau"
"7354",74,54,10000,TRUE,FALSE,"random_tau"
"7355",74,55,10000,TRUE,FALSE,"random_tau"
"7356",74,56,10000,TRUE,FALSE,"random_tau"
"7357",74,57,10000,TRUE,FALSE,"random_tau"
"7358",74,58,10000,TRUE,FALSE,"random_tau"
"7359",74,59,10000,TRUE,FALSE,"random_tau"
"7360",74,60,10000,TRUE,FALSE,"random_tau"
"7361",74,61,10000,TRUE,FALSE,"random_tau"
"7362",74,62,10000,TRUE,FALSE,"random_tau"
"7363",74,63,10000,TRUE,FALSE,"random_tau"
"7364",74,64,10000,TRUE,FALSE,"random_tau"
"7365",74,65,10000,TRUE,FALSE,"random_tau"
"7366",74,66,10000,TRUE,FALSE,"random_tau"
"7367",74,67,10000,TRUE,FALSE,"random_tau"
"7368",74,68,10000,TRUE,FALSE,"random_tau"
"7369",74,69,10000,TRUE,FALSE,"random_tau"
"7370",74,70,10000,TRUE,FALSE,"random_tau"
"7371",74,71,10000,TRUE,FALSE,"random_tau"
"7372",74,72,10000,TRUE,FALSE,"random_tau"
"7373",74,73,10000,TRUE,FALSE,"random_tau"
"7374",74,74,10000,TRUE,FALSE,"random_tau"
"7375",74,75,10000,TRUE,FALSE,"random_tau"
"7376",74,76,10000,TRUE,FALSE,"random_tau"
"7377",74,77,10000,TRUE,FALSE,"random_tau"
"7378",74,78,10000,TRUE,FALSE,"random_tau"
"7379",74,79,10000,TRUE,FALSE,"random_tau"
"7380",74,80,10000,TRUE,FALSE,"random_tau"
"7381",74,81,10000,TRUE,FALSE,"random_tau"
"7382",74,82,10000,TRUE,FALSE,"random_tau"
"7383",74,83,10000,TRUE,FALSE,"random_tau"
"7384",74,84,10000,TRUE,FALSE,"random_tau"
"7385",74,85,10000,TRUE,FALSE,"random_tau"
"7386",74,86,10000,TRUE,FALSE,"random_tau"
"7387",74,87,10000,TRUE,FALSE,"random_tau"
"7388",74,88,10000,TRUE,FALSE,"random_tau"
"7389",74,89,10000,TRUE,FALSE,"random_tau"
"7390",74,90,10000,TRUE,FALSE,"random_tau"
"7391",74,91,10000,TRUE,FALSE,"random_tau"
"7392",74,92,10000,TRUE,FALSE,"random_tau"
"7393",74,93,10000,TRUE,FALSE,"random_tau"
"7394",74,94,10000,TRUE,FALSE,"random_tau"
"7395",74,95,10000,TRUE,FALSE,"random_tau"
"7396",74,96,10000,TRUE,FALSE,"random_tau"
"7397",74,97,10000,TRUE,FALSE,"random_tau"
"7398",74,98,10000,TRUE,FALSE,"random_tau"
"7399",74,99,10000,TRUE,FALSE,"random_tau"
"7400",74,100,10000,TRUE,FALSE,"random_tau"
"7401",75,1,610,TRUE,FALSE,"random_tau"
"7402",75,2,1120,TRUE,FALSE,"random_tau"
"7403",75,3,1585,TRUE,FALSE,"random_tau"
"7404",75,4,2036,TRUE,FALSE,"random_tau"
"7405",75,5,2554,TRUE,FALSE,"random_tau"
"7406",75,6,3201,TRUE,FALSE,"random_tau"
"7407",75,7,3980,TRUE,FALSE,"random_tau"
"7408",75,8,4941,TRUE,FALSE,"random_tau"
"7409",75,9,6057,TRUE,FALSE,"random_tau"
"7410",75,10,7338,TRUE,FALSE,"random_tau"
"7411",75,11,8557,TRUE,FALSE,"random_tau"
"7412",75,12,9407,TRUE,FALSE,"random_tau"
"7413",75,13,9831,TRUE,FALSE,"random_tau"
"7414",75,14,9970,TRUE,FALSE,"random_tau"
"7415",75,15,9998,TRUE,FALSE,"random_tau"
"7416",75,16,10000,TRUE,FALSE,"random_tau"
"7417",75,17,10000,TRUE,FALSE,"random_tau"
"7418",75,18,10000,TRUE,FALSE,"random_tau"
"7419",75,19,10000,TRUE,FALSE,"random_tau"
"7420",75,20,10000,TRUE,FALSE,"random_tau"
"7421",75,21,10000,TRUE,FALSE,"random_tau"
"7422",75,22,10000,TRUE,FALSE,"random_tau"
"7423",75,23,10000,TRUE,FALSE,"random_tau"
"7424",75,24,10000,TRUE,FALSE,"random_tau"
"7425",75,25,10000,TRUE,FALSE,"random_tau"
"7426",75,26,10000,TRUE,FALSE,"random_tau"
"7427",75,27,10000,TRUE,FALSE,"random_tau"
"7428",75,28,10000,TRUE,FALSE,"random_tau"
"7429",75,29,10000,TRUE,FALSE,"random_tau"
"7430",75,30,10000,TRUE,FALSE,"random_tau"
"7431",75,31,10000,TRUE,FALSE,"random_tau"
"7432",75,32,10000,TRUE,FALSE,"random_tau"
"7433",75,33,10000,TRUE,FALSE,"random_tau"
"7434",75,34,10000,TRUE,FALSE,"random_tau"
"7435",75,35,10000,TRUE,FALSE,"random_tau"
"7436",75,36,10000,TRUE,FALSE,"random_tau"
"7437",75,37,10000,TRUE,FALSE,"random_tau"
"7438",75,38,10000,TRUE,FALSE,"random_tau"
"7439",75,39,10000,TRUE,FALSE,"random_tau"
"7440",75,40,10000,TRUE,FALSE,"random_tau"
"7441",75,41,10000,TRUE,FALSE,"random_tau"
"7442",75,42,10000,TRUE,FALSE,"random_tau"
"7443",75,43,10000,TRUE,FALSE,"random_tau"
"7444",75,44,10000,TRUE,FALSE,"random_tau"
"7445",75,45,10000,TRUE,FALSE,"random_tau"
"7446",75,46,10000,TRUE,FALSE,"random_tau"
"7447",75,47,10000,TRUE,FALSE,"random_tau"
"7448",75,48,10000,TRUE,FALSE,"random_tau"
"7449",75,49,10000,TRUE,FALSE,"random_tau"
"7450",75,50,10000,TRUE,FALSE,"random_tau"
"7451",75,51,10000,TRUE,FALSE,"random_tau"
"7452",75,52,10000,TRUE,FALSE,"random_tau"
"7453",75,53,10000,TRUE,FALSE,"random_tau"
"7454",75,54,10000,TRUE,FALSE,"random_tau"
"7455",75,55,10000,TRUE,FALSE,"random_tau"
"7456",75,56,10000,TRUE,FALSE,"random_tau"
"7457",75,57,10000,TRUE,FALSE,"random_tau"
"7458",75,58,10000,TRUE,FALSE,"random_tau"
"7459",75,59,10000,TRUE,FALSE,"random_tau"
"7460",75,60,10000,TRUE,FALSE,"random_tau"
"7461",75,61,10000,TRUE,FALSE,"random_tau"
"7462",75,62,10000,TRUE,FALSE,"random_tau"
"7463",75,63,10000,TRUE,FALSE,"random_tau"
"7464",75,64,10000,TRUE,FALSE,"random_tau"
"7465",75,65,10000,TRUE,FALSE,"random_tau"
"7466",75,66,10000,TRUE,FALSE,"random_tau"
"7467",75,67,10000,TRUE,FALSE,"random_tau"
"7468",75,68,10000,TRUE,FALSE,"random_tau"
"7469",75,69,10000,TRUE,FALSE,"random_tau"
"7470",75,70,10000,TRUE,FALSE,"random_tau"
"7471",75,71,10000,TRUE,FALSE,"random_tau"
"7472",75,72,10000,TRUE,FALSE,"random_tau"
"7473",75,73,10000,TRUE,FALSE,"random_tau"
"7474",75,74,10000,TRUE,FALSE,"random_tau"
"7475",75,75,10000,TRUE,FALSE,"random_tau"
"7476",75,76,10000,TRUE,FALSE,"random_tau"
"7477",75,77,10000,TRUE,FALSE,"random_tau"
"7478",75,78,10000,TRUE,FALSE,"random_tau"
"7479",75,79,10000,TRUE,FALSE,"random_tau"
"7480",75,80,10000,TRUE,FALSE,"random_tau"
"7481",75,81,10000,TRUE,FALSE,"random_tau"
"7482",75,82,10000,TRUE,FALSE,"random_tau"
"7483",75,83,10000,TRUE,FALSE,"random_tau"
"7484",75,84,10000,TRUE,FALSE,"random_tau"
"7485",75,85,10000,TRUE,FALSE,"random_tau"
"7486",75,86,10000,TRUE,FALSE,"random_tau"
"7487",75,87,10000,TRUE,FALSE,"random_tau"
"7488",75,88,10000,TRUE,FALSE,"random_tau"
"7489",75,89,10000,TRUE,FALSE,"random_tau"
"7490",75,90,10000,TRUE,FALSE,"random_tau"
"7491",75,91,10000,TRUE,FALSE,"random_tau"
"7492",75,92,10000,TRUE,FALSE,"random_tau"
"7493",75,93,10000,TRUE,FALSE,"random_tau"
"7494",75,94,10000,TRUE,FALSE,"random_tau"
"7495",75,95,10000,TRUE,FALSE,"random_tau"
"7496",75,96,10000,TRUE,FALSE,"random_tau"
"7497",75,97,10000,TRUE,FALSE,"random_tau"
"7498",75,98,10000,TRUE,FALSE,"random_tau"
"7499",75,99,10000,TRUE,FALSE,"random_tau"
"7500",75,100,10000,TRUE,FALSE,"random_tau"
"7501",76,1,635,TRUE,FALSE,"random_tau"
"7502",76,2,1180,TRUE,FALSE,"random_tau"
"7503",76,3,1698,TRUE,FALSE,"random_tau"
"7504",76,4,2236,TRUE,FALSE,"random_tau"
"7505",76,5,2852,TRUE,FALSE,"random_tau"
"7506",76,6,3652,TRUE,FALSE,"random_tau"
"7507",76,7,4643,TRUE,FALSE,"random_tau"
"7508",76,8,5896,TRUE,FALSE,"random_tau"
"7509",76,9,7313,TRUE,FALSE,"random_tau"
"7510",76,10,8664,TRUE,FALSE,"random_tau"
"7511",76,11,9583,TRUE,FALSE,"random_tau"
"7512",76,12,9938,TRUE,FALSE,"random_tau"
"7513",76,13,9991,TRUE,FALSE,"random_tau"
"7514",76,14,10000,TRUE,FALSE,"random_tau"
"7515",76,15,10000,TRUE,FALSE,"random_tau"
"7516",76,16,10000,TRUE,FALSE,"random_tau"
"7517",76,17,10000,TRUE,FALSE,"random_tau"
"7518",76,18,10000,TRUE,FALSE,"random_tau"
"7519",76,19,10000,TRUE,FALSE,"random_tau"
"7520",76,20,10000,TRUE,FALSE,"random_tau"
"7521",76,21,10000,TRUE,FALSE,"random_tau"
"7522",76,22,10000,TRUE,FALSE,"random_tau"
"7523",76,23,10000,TRUE,FALSE,"random_tau"
"7524",76,24,10000,TRUE,FALSE,"random_tau"
"7525",76,25,10000,TRUE,FALSE,"random_tau"
"7526",76,26,10000,TRUE,FALSE,"random_tau"
"7527",76,27,10000,TRUE,FALSE,"random_tau"
"7528",76,28,10000,TRUE,FALSE,"random_tau"
"7529",76,29,10000,TRUE,FALSE,"random_tau"
"7530",76,30,10000,TRUE,FALSE,"random_tau"
"7531",76,31,10000,TRUE,FALSE,"random_tau"
"7532",76,32,10000,TRUE,FALSE,"random_tau"
"7533",76,33,10000,TRUE,FALSE,"random_tau"
"7534",76,34,10000,TRUE,FALSE,"random_tau"
"7535",76,35,10000,TRUE,FALSE,"random_tau"
"7536",76,36,10000,TRUE,FALSE,"random_tau"
"7537",76,37,10000,TRUE,FALSE,"random_tau"
"7538",76,38,10000,TRUE,FALSE,"random_tau"
"7539",76,39,10000,TRUE,FALSE,"random_tau"
"7540",76,40,10000,TRUE,FALSE,"random_tau"
"7541",76,41,10000,TRUE,FALSE,"random_tau"
"7542",76,42,10000,TRUE,FALSE,"random_tau"
"7543",76,43,10000,TRUE,FALSE,"random_tau"
"7544",76,44,10000,TRUE,FALSE,"random_tau"
"7545",76,45,10000,TRUE,FALSE,"random_tau"
"7546",76,46,10000,TRUE,FALSE,"random_tau"
"7547",76,47,10000,TRUE,FALSE,"random_tau"
"7548",76,48,10000,TRUE,FALSE,"random_tau"
"7549",76,49,10000,TRUE,FALSE,"random_tau"
"7550",76,50,10000,TRUE,FALSE,"random_tau"
"7551",76,51,10000,TRUE,FALSE,"random_tau"
"7552",76,52,10000,TRUE,FALSE,"random_tau"
"7553",76,53,10000,TRUE,FALSE,"random_tau"
"7554",76,54,10000,TRUE,FALSE,"random_tau"
"7555",76,55,10000,TRUE,FALSE,"random_tau"
"7556",76,56,10000,TRUE,FALSE,"random_tau"
"7557",76,57,10000,TRUE,FALSE,"random_tau"
"7558",76,58,10000,TRUE,FALSE,"random_tau"
"7559",76,59,10000,TRUE,FALSE,"random_tau"
"7560",76,60,10000,TRUE,FALSE,"random_tau"
"7561",76,61,10000,TRUE,FALSE,"random_tau"
"7562",76,62,10000,TRUE,FALSE,"random_tau"
"7563",76,63,10000,TRUE,FALSE,"random_tau"
"7564",76,64,10000,TRUE,FALSE,"random_tau"
"7565",76,65,10000,TRUE,FALSE,"random_tau"
"7566",76,66,10000,TRUE,FALSE,"random_tau"
"7567",76,67,10000,TRUE,FALSE,"random_tau"
"7568",76,68,10000,TRUE,FALSE,"random_tau"
"7569",76,69,10000,TRUE,FALSE,"random_tau"
"7570",76,70,10000,TRUE,FALSE,"random_tau"
"7571",76,71,10000,TRUE,FALSE,"random_tau"
"7572",76,72,10000,TRUE,FALSE,"random_tau"
"7573",76,73,10000,TRUE,FALSE,"random_tau"
"7574",76,74,10000,TRUE,FALSE,"random_tau"
"7575",76,75,10000,TRUE,FALSE,"random_tau"
"7576",76,76,10000,TRUE,FALSE,"random_tau"
"7577",76,77,10000,TRUE,FALSE,"random_tau"
"7578",76,78,10000,TRUE,FALSE,"random_tau"
"7579",76,79,10000,TRUE,FALSE,"random_tau"
"7580",76,80,10000,TRUE,FALSE,"random_tau"
"7581",76,81,10000,TRUE,FALSE,"random_tau"
"7582",76,82,10000,TRUE,FALSE,"random_tau"
"7583",76,83,10000,TRUE,FALSE,"random_tau"
"7584",76,84,10000,TRUE,FALSE,"random_tau"
"7585",76,85,10000,TRUE,FALSE,"random_tau"
"7586",76,86,10000,TRUE,FALSE,"random_tau"
"7587",76,87,10000,TRUE,FALSE,"random_tau"
"7588",76,88,10000,TRUE,FALSE,"random_tau"
"7589",76,89,10000,TRUE,FALSE,"random_tau"
"7590",76,90,10000,TRUE,FALSE,"random_tau"
"7591",76,91,10000,TRUE,FALSE,"random_tau"
"7592",76,92,10000,TRUE,FALSE,"random_tau"
"7593",76,93,10000,TRUE,FALSE,"random_tau"
"7594",76,94,10000,TRUE,FALSE,"random_tau"
"7595",76,95,10000,TRUE,FALSE,"random_tau"
"7596",76,96,10000,TRUE,FALSE,"random_tau"
"7597",76,97,10000,TRUE,FALSE,"random_tau"
"7598",76,98,10000,TRUE,FALSE,"random_tau"
"7599",76,99,10000,TRUE,FALSE,"random_tau"
"7600",76,100,10000,TRUE,FALSE,"random_tau"
"7601",77,1,611,TRUE,FALSE,"random_tau"
"7602",77,2,1130,TRUE,FALSE,"random_tau"
"7603",77,3,1590,TRUE,FALSE,"random_tau"
"7604",77,4,2096,TRUE,FALSE,"random_tau"
"7605",77,5,2661,TRUE,FALSE,"random_tau"
"7606",77,6,3312,TRUE,FALSE,"random_tau"
"7607",77,7,4079,TRUE,FALSE,"random_tau"
"7608",77,8,4969,TRUE,FALSE,"random_tau"
"7609",77,9,6070,TRUE,FALSE,"random_tau"
"7610",77,10,7334,TRUE,FALSE,"random_tau"
"7611",77,11,8553,TRUE,FALSE,"random_tau"
"7612",77,12,9428,TRUE,FALSE,"random_tau"
"7613",77,13,9874,TRUE,FALSE,"random_tau"
"7614",77,14,9990,TRUE,FALSE,"random_tau"
"7615",77,15,10000,TRUE,FALSE,"random_tau"
"7616",77,16,10000,TRUE,FALSE,"random_tau"
"7617",77,17,10000,TRUE,FALSE,"random_tau"
"7618",77,18,10000,TRUE,FALSE,"random_tau"
"7619",77,19,10000,TRUE,FALSE,"random_tau"
"7620",77,20,10000,TRUE,FALSE,"random_tau"
"7621",77,21,10000,TRUE,FALSE,"random_tau"
"7622",77,22,10000,TRUE,FALSE,"random_tau"
"7623",77,23,10000,TRUE,FALSE,"random_tau"
"7624",77,24,10000,TRUE,FALSE,"random_tau"
"7625",77,25,10000,TRUE,FALSE,"random_tau"
"7626",77,26,10000,TRUE,FALSE,"random_tau"
"7627",77,27,10000,TRUE,FALSE,"random_tau"
"7628",77,28,10000,TRUE,FALSE,"random_tau"
"7629",77,29,10000,TRUE,FALSE,"random_tau"
"7630",77,30,10000,TRUE,FALSE,"random_tau"
"7631",77,31,10000,TRUE,FALSE,"random_tau"
"7632",77,32,10000,TRUE,FALSE,"random_tau"
"7633",77,33,10000,TRUE,FALSE,"random_tau"
"7634",77,34,10000,TRUE,FALSE,"random_tau"
"7635",77,35,10000,TRUE,FALSE,"random_tau"
"7636",77,36,10000,TRUE,FALSE,"random_tau"
"7637",77,37,10000,TRUE,FALSE,"random_tau"
"7638",77,38,10000,TRUE,FALSE,"random_tau"
"7639",77,39,10000,TRUE,FALSE,"random_tau"
"7640",77,40,10000,TRUE,FALSE,"random_tau"
"7641",77,41,10000,TRUE,FALSE,"random_tau"
"7642",77,42,10000,TRUE,FALSE,"random_tau"
"7643",77,43,10000,TRUE,FALSE,"random_tau"
"7644",77,44,10000,TRUE,FALSE,"random_tau"
"7645",77,45,10000,TRUE,FALSE,"random_tau"
"7646",77,46,10000,TRUE,FALSE,"random_tau"
"7647",77,47,10000,TRUE,FALSE,"random_tau"
"7648",77,48,10000,TRUE,FALSE,"random_tau"
"7649",77,49,10000,TRUE,FALSE,"random_tau"
"7650",77,50,10000,TRUE,FALSE,"random_tau"
"7651",77,51,10000,TRUE,FALSE,"random_tau"
"7652",77,52,10000,TRUE,FALSE,"random_tau"
"7653",77,53,10000,TRUE,FALSE,"random_tau"
"7654",77,54,10000,TRUE,FALSE,"random_tau"
"7655",77,55,10000,TRUE,FALSE,"random_tau"
"7656",77,56,10000,TRUE,FALSE,"random_tau"
"7657",77,57,10000,TRUE,FALSE,"random_tau"
"7658",77,58,10000,TRUE,FALSE,"random_tau"
"7659",77,59,10000,TRUE,FALSE,"random_tau"
"7660",77,60,10000,TRUE,FALSE,"random_tau"
"7661",77,61,10000,TRUE,FALSE,"random_tau"
"7662",77,62,10000,TRUE,FALSE,"random_tau"
"7663",77,63,10000,TRUE,FALSE,"random_tau"
"7664",77,64,10000,TRUE,FALSE,"random_tau"
"7665",77,65,10000,TRUE,FALSE,"random_tau"
"7666",77,66,10000,TRUE,FALSE,"random_tau"
"7667",77,67,10000,TRUE,FALSE,"random_tau"
"7668",77,68,10000,TRUE,FALSE,"random_tau"
"7669",77,69,10000,TRUE,FALSE,"random_tau"
"7670",77,70,10000,TRUE,FALSE,"random_tau"
"7671",77,71,10000,TRUE,FALSE,"random_tau"
"7672",77,72,10000,TRUE,FALSE,"random_tau"
"7673",77,73,10000,TRUE,FALSE,"random_tau"
"7674",77,74,10000,TRUE,FALSE,"random_tau"
"7675",77,75,10000,TRUE,FALSE,"random_tau"
"7676",77,76,10000,TRUE,FALSE,"random_tau"
"7677",77,77,10000,TRUE,FALSE,"random_tau"
"7678",77,78,10000,TRUE,FALSE,"random_tau"
"7679",77,79,10000,TRUE,FALSE,"random_tau"
"7680",77,80,10000,TRUE,FALSE,"random_tau"
"7681",77,81,10000,TRUE,FALSE,"random_tau"
"7682",77,82,10000,TRUE,FALSE,"random_tau"
"7683",77,83,10000,TRUE,FALSE,"random_tau"
"7684",77,84,10000,TRUE,FALSE,"random_tau"
"7685",77,85,10000,TRUE,FALSE,"random_tau"
"7686",77,86,10000,TRUE,FALSE,"random_tau"
"7687",77,87,10000,TRUE,FALSE,"random_tau"
"7688",77,88,10000,TRUE,FALSE,"random_tau"
"7689",77,89,10000,TRUE,FALSE,"random_tau"
"7690",77,90,10000,TRUE,FALSE,"random_tau"
"7691",77,91,10000,TRUE,FALSE,"random_tau"
"7692",77,92,10000,TRUE,FALSE,"random_tau"
"7693",77,93,10000,TRUE,FALSE,"random_tau"
"7694",77,94,10000,TRUE,FALSE,"random_tau"
"7695",77,95,10000,TRUE,FALSE,"random_tau"
"7696",77,96,10000,TRUE,FALSE,"random_tau"
"7697",77,97,10000,TRUE,FALSE,"random_tau"
"7698",77,98,10000,TRUE,FALSE,"random_tau"
"7699",77,99,10000,TRUE,FALSE,"random_tau"
"7700",77,100,10000,TRUE,FALSE,"random_tau"
"7701",78,1,634,TRUE,FALSE,"random_tau"
"7702",78,2,1143,TRUE,FALSE,"random_tau"
"7703",78,3,1610,TRUE,FALSE,"random_tau"
"7704",78,4,2141,TRUE,FALSE,"random_tau"
"7705",78,5,2747,TRUE,FALSE,"random_tau"
"7706",78,6,3484,TRUE,FALSE,"random_tau"
"7707",78,7,4392,TRUE,FALSE,"random_tau"
"7708",78,8,5494,TRUE,FALSE,"random_tau"
"7709",78,9,6727,TRUE,FALSE,"random_tau"
"7710",78,10,7994,TRUE,FALSE,"random_tau"
"7711",78,11,9034,TRUE,FALSE,"random_tau"
"7712",78,12,9695,TRUE,FALSE,"random_tau"
"7713",78,13,9929,TRUE,FALSE,"random_tau"
"7714",78,14,9993,TRUE,FALSE,"random_tau"
"7715",78,15,9999,TRUE,FALSE,"random_tau"
"7716",78,16,9999,TRUE,FALSE,"random_tau"
"7717",78,17,9999,TRUE,FALSE,"random_tau"
"7718",78,18,9999,TRUE,FALSE,"random_tau"
"7719",78,19,9999,TRUE,FALSE,"random_tau"
"7720",78,20,9999,TRUE,FALSE,"random_tau"
"7721",78,21,9999,TRUE,FALSE,"random_tau"
"7722",78,22,9999,TRUE,FALSE,"random_tau"
"7723",78,23,9999,TRUE,FALSE,"random_tau"
"7724",78,24,9999,TRUE,FALSE,"random_tau"
"7725",78,25,9999,TRUE,FALSE,"random_tau"
"7726",78,26,9999,TRUE,FALSE,"random_tau"
"7727",78,27,9999,TRUE,FALSE,"random_tau"
"7728",78,28,9999,TRUE,FALSE,"random_tau"
"7729",78,29,9999,TRUE,FALSE,"random_tau"
"7730",78,30,9999,TRUE,FALSE,"random_tau"
"7731",78,31,9999,TRUE,FALSE,"random_tau"
"7732",78,32,9999,TRUE,FALSE,"random_tau"
"7733",78,33,9999,TRUE,FALSE,"random_tau"
"7734",78,34,9999,TRUE,FALSE,"random_tau"
"7735",78,35,9999,TRUE,FALSE,"random_tau"
"7736",78,36,9999,TRUE,FALSE,"random_tau"
"7737",78,37,9999,TRUE,FALSE,"random_tau"
"7738",78,38,9999,TRUE,FALSE,"random_tau"
"7739",78,39,9999,TRUE,FALSE,"random_tau"
"7740",78,40,9999,TRUE,FALSE,"random_tau"
"7741",78,41,9999,TRUE,FALSE,"random_tau"
"7742",78,42,9999,TRUE,FALSE,"random_tau"
"7743",78,43,9999,TRUE,FALSE,"random_tau"
"7744",78,44,9999,TRUE,FALSE,"random_tau"
"7745",78,45,9999,TRUE,FALSE,"random_tau"
"7746",78,46,9999,TRUE,FALSE,"random_tau"
"7747",78,47,9999,TRUE,FALSE,"random_tau"
"7748",78,48,9999,TRUE,FALSE,"random_tau"
"7749",78,49,9999,TRUE,FALSE,"random_tau"
"7750",78,50,9999,TRUE,FALSE,"random_tau"
"7751",78,51,9999,TRUE,FALSE,"random_tau"
"7752",78,52,9999,TRUE,FALSE,"random_tau"
"7753",78,53,9999,TRUE,FALSE,"random_tau"
"7754",78,54,9999,TRUE,FALSE,"random_tau"
"7755",78,55,9999,TRUE,FALSE,"random_tau"
"7756",78,56,9999,TRUE,FALSE,"random_tau"
"7757",78,57,9999,TRUE,FALSE,"random_tau"
"7758",78,58,9999,TRUE,FALSE,"random_tau"
"7759",78,59,9999,TRUE,FALSE,"random_tau"
"7760",78,60,9999,TRUE,FALSE,"random_tau"
"7761",78,61,9999,TRUE,FALSE,"random_tau"
"7762",78,62,9999,TRUE,FALSE,"random_tau"
"7763",78,63,9999,TRUE,FALSE,"random_tau"
"7764",78,64,9999,TRUE,FALSE,"random_tau"
"7765",78,65,9999,TRUE,FALSE,"random_tau"
"7766",78,66,9999,TRUE,FALSE,"random_tau"
"7767",78,67,9999,TRUE,FALSE,"random_tau"
"7768",78,68,9999,TRUE,FALSE,"random_tau"
"7769",78,69,9999,TRUE,FALSE,"random_tau"
"7770",78,70,9999,TRUE,FALSE,"random_tau"
"7771",78,71,9999,TRUE,FALSE,"random_tau"
"7772",78,72,9999,TRUE,FALSE,"random_tau"
"7773",78,73,9999,TRUE,FALSE,"random_tau"
"7774",78,74,9999,TRUE,FALSE,"random_tau"
"7775",78,75,9999,TRUE,FALSE,"random_tau"
"7776",78,76,9999,TRUE,FALSE,"random_tau"
"7777",78,77,9999,TRUE,FALSE,"random_tau"
"7778",78,78,9999,TRUE,FALSE,"random_tau"
"7779",78,79,9999,TRUE,FALSE,"random_tau"
"7780",78,80,9999,TRUE,FALSE,"random_tau"
"7781",78,81,9999,TRUE,FALSE,"random_tau"
"7782",78,82,9999,TRUE,FALSE,"random_tau"
"7783",78,83,9999,TRUE,FALSE,"random_tau"
"7784",78,84,9999,TRUE,FALSE,"random_tau"
"7785",78,85,9999,TRUE,FALSE,"random_tau"
"7786",78,86,9999,TRUE,FALSE,"random_tau"
"7787",78,87,9999,TRUE,FALSE,"random_tau"
"7788",78,88,9999,TRUE,FALSE,"random_tau"
"7789",78,89,9999,TRUE,FALSE,"random_tau"
"7790",78,90,9999,TRUE,FALSE,"random_tau"
"7791",78,91,9999,TRUE,FALSE,"random_tau"
"7792",78,92,9999,TRUE,FALSE,"random_tau"
"7793",78,93,9999,TRUE,FALSE,"random_tau"
"7794",78,94,9999,TRUE,FALSE,"random_tau"
"7795",78,95,9999,TRUE,FALSE,"random_tau"
"7796",78,96,9999,TRUE,FALSE,"random_tau"
"7797",78,97,9999,TRUE,FALSE,"random_tau"
"7798",78,98,9999,TRUE,FALSE,"random_tau"
"7799",78,99,9999,TRUE,FALSE,"random_tau"
"7800",78,100,9999,TRUE,FALSE,"random_tau"
"7801",79,1,604,TRUE,FALSE,"random_tau"
"7802",79,2,1127,TRUE,FALSE,"random_tau"
"7803",79,3,1605,TRUE,FALSE,"random_tau"
"7804",79,4,2100,TRUE,FALSE,"random_tau"
"7805",79,5,2671,TRUE,FALSE,"random_tau"
"7806",79,6,3317,TRUE,FALSE,"random_tau"
"7807",79,7,4113,TRUE,FALSE,"random_tau"
"7808",79,8,5109,TRUE,FALSE,"random_tau"
"7809",79,9,6288,TRUE,FALSE,"random_tau"
"7810",79,10,7595,TRUE,FALSE,"random_tau"
"7811",79,11,8794,TRUE,FALSE,"random_tau"
"7812",79,12,9585,TRUE,FALSE,"random_tau"
"7813",79,13,9892,TRUE,FALSE,"random_tau"
"7814",79,14,9979,TRUE,FALSE,"random_tau"
"7815",79,15,9998,TRUE,FALSE,"random_tau"
"7816",79,16,10000,TRUE,FALSE,"random_tau"
"7817",79,17,10000,TRUE,FALSE,"random_tau"
"7818",79,18,10000,TRUE,FALSE,"random_tau"
"7819",79,19,10000,TRUE,FALSE,"random_tau"
"7820",79,20,10000,TRUE,FALSE,"random_tau"
"7821",79,21,10000,TRUE,FALSE,"random_tau"
"7822",79,22,10000,TRUE,FALSE,"random_tau"
"7823",79,23,10000,TRUE,FALSE,"random_tau"
"7824",79,24,10000,TRUE,FALSE,"random_tau"
"7825",79,25,10000,TRUE,FALSE,"random_tau"
"7826",79,26,10000,TRUE,FALSE,"random_tau"
"7827",79,27,10000,TRUE,FALSE,"random_tau"
"7828",79,28,10000,TRUE,FALSE,"random_tau"
"7829",79,29,10000,TRUE,FALSE,"random_tau"
"7830",79,30,10000,TRUE,FALSE,"random_tau"
"7831",79,31,10000,TRUE,FALSE,"random_tau"
"7832",79,32,10000,TRUE,FALSE,"random_tau"
"7833",79,33,10000,TRUE,FALSE,"random_tau"
"7834",79,34,10000,TRUE,FALSE,"random_tau"
"7835",79,35,10000,TRUE,FALSE,"random_tau"
"7836",79,36,10000,TRUE,FALSE,"random_tau"
"7837",79,37,10000,TRUE,FALSE,"random_tau"
"7838",79,38,10000,TRUE,FALSE,"random_tau"
"7839",79,39,10000,TRUE,FALSE,"random_tau"
"7840",79,40,10000,TRUE,FALSE,"random_tau"
"7841",79,41,10000,TRUE,FALSE,"random_tau"
"7842",79,42,10000,TRUE,FALSE,"random_tau"
"7843",79,43,10000,TRUE,FALSE,"random_tau"
"7844",79,44,10000,TRUE,FALSE,"random_tau"
"7845",79,45,10000,TRUE,FALSE,"random_tau"
"7846",79,46,10000,TRUE,FALSE,"random_tau"
"7847",79,47,10000,TRUE,FALSE,"random_tau"
"7848",79,48,10000,TRUE,FALSE,"random_tau"
"7849",79,49,10000,TRUE,FALSE,"random_tau"
"7850",79,50,10000,TRUE,FALSE,"random_tau"
"7851",79,51,10000,TRUE,FALSE,"random_tau"
"7852",79,52,10000,TRUE,FALSE,"random_tau"
"7853",79,53,10000,TRUE,FALSE,"random_tau"
"7854",79,54,10000,TRUE,FALSE,"random_tau"
"7855",79,55,10000,TRUE,FALSE,"random_tau"
"7856",79,56,10000,TRUE,FALSE,"random_tau"
"7857",79,57,10000,TRUE,FALSE,"random_tau"
"7858",79,58,10000,TRUE,FALSE,"random_tau"
"7859",79,59,10000,TRUE,FALSE,"random_tau"
"7860",79,60,10000,TRUE,FALSE,"random_tau"
"7861",79,61,10000,TRUE,FALSE,"random_tau"
"7862",79,62,10000,TRUE,FALSE,"random_tau"
"7863",79,63,10000,TRUE,FALSE,"random_tau"
"7864",79,64,10000,TRUE,FALSE,"random_tau"
"7865",79,65,10000,TRUE,FALSE,"random_tau"
"7866",79,66,10000,TRUE,FALSE,"random_tau"
"7867",79,67,10000,TRUE,FALSE,"random_tau"
"7868",79,68,10000,TRUE,FALSE,"random_tau"
"7869",79,69,10000,TRUE,FALSE,"random_tau"
"7870",79,70,10000,TRUE,FALSE,"random_tau"
"7871",79,71,10000,TRUE,FALSE,"random_tau"
"7872",79,72,10000,TRUE,FALSE,"random_tau"
"7873",79,73,10000,TRUE,FALSE,"random_tau"
"7874",79,74,10000,TRUE,FALSE,"random_tau"
"7875",79,75,10000,TRUE,FALSE,"random_tau"
"7876",79,76,10000,TRUE,FALSE,"random_tau"
"7877",79,77,10000,TRUE,FALSE,"random_tau"
"7878",79,78,10000,TRUE,FALSE,"random_tau"
"7879",79,79,10000,TRUE,FALSE,"random_tau"
"7880",79,80,10000,TRUE,FALSE,"random_tau"
"7881",79,81,10000,TRUE,FALSE,"random_tau"
"7882",79,82,10000,TRUE,FALSE,"random_tau"
"7883",79,83,10000,TRUE,FALSE,"random_tau"
"7884",79,84,10000,TRUE,FALSE,"random_tau"
"7885",79,85,10000,TRUE,FALSE,"random_tau"
"7886",79,86,10000,TRUE,FALSE,"random_tau"
"7887",79,87,10000,TRUE,FALSE,"random_tau"
"7888",79,88,10000,TRUE,FALSE,"random_tau"
"7889",79,89,10000,TRUE,FALSE,"random_tau"
"7890",79,90,10000,TRUE,FALSE,"random_tau"
"7891",79,91,10000,TRUE,FALSE,"random_tau"
"7892",79,92,10000,TRUE,FALSE,"random_tau"
"7893",79,93,10000,TRUE,FALSE,"random_tau"
"7894",79,94,10000,TRUE,FALSE,"random_tau"
"7895",79,95,10000,TRUE,FALSE,"random_tau"
"7896",79,96,10000,TRUE,FALSE,"random_tau"
"7897",79,97,10000,TRUE,FALSE,"random_tau"
"7898",79,98,10000,TRUE,FALSE,"random_tau"
"7899",79,99,10000,TRUE,FALSE,"random_tau"
"7900",79,100,10000,TRUE,FALSE,"random_tau"
"7901",80,1,626,TRUE,FALSE,"random_tau"
"7902",80,2,1145,TRUE,FALSE,"random_tau"
"7903",80,3,1641,TRUE,FALSE,"random_tau"
"7904",80,4,2188,TRUE,FALSE,"random_tau"
"7905",80,5,2829,TRUE,FALSE,"random_tau"
"7906",80,6,3567,TRUE,FALSE,"random_tau"
"7907",80,7,4430,TRUE,FALSE,"random_tau"
"7908",80,8,5506,TRUE,FALSE,"random_tau"
"7909",80,9,6737,TRUE,FALSE,"random_tau"
"7910",80,10,8035,TRUE,FALSE,"random_tau"
"7911",80,11,9105,TRUE,FALSE,"random_tau"
"7912",80,12,9705,TRUE,FALSE,"random_tau"
"7913",80,13,9937,TRUE,FALSE,"random_tau"
"7914",80,14,9990,TRUE,FALSE,"random_tau"
"7915",80,15,9999,TRUE,FALSE,"random_tau"
"7916",80,16,10000,TRUE,FALSE,"random_tau"
"7917",80,17,10000,TRUE,FALSE,"random_tau"
"7918",80,18,10000,TRUE,FALSE,"random_tau"
"7919",80,19,10000,TRUE,FALSE,"random_tau"
"7920",80,20,10000,TRUE,FALSE,"random_tau"
"7921",80,21,10000,TRUE,FALSE,"random_tau"
"7922",80,22,10000,TRUE,FALSE,"random_tau"
"7923",80,23,10000,TRUE,FALSE,"random_tau"
"7924",80,24,10000,TRUE,FALSE,"random_tau"
"7925",80,25,10000,TRUE,FALSE,"random_tau"
"7926",80,26,10000,TRUE,FALSE,"random_tau"
"7927",80,27,10000,TRUE,FALSE,"random_tau"
"7928",80,28,10000,TRUE,FALSE,"random_tau"
"7929",80,29,10000,TRUE,FALSE,"random_tau"
"7930",80,30,10000,TRUE,FALSE,"random_tau"
"7931",80,31,10000,TRUE,FALSE,"random_tau"
"7932",80,32,10000,TRUE,FALSE,"random_tau"
"7933",80,33,10000,TRUE,FALSE,"random_tau"
"7934",80,34,10000,TRUE,FALSE,"random_tau"
"7935",80,35,10000,TRUE,FALSE,"random_tau"
"7936",80,36,10000,TRUE,FALSE,"random_tau"
"7937",80,37,10000,TRUE,FALSE,"random_tau"
"7938",80,38,10000,TRUE,FALSE,"random_tau"
"7939",80,39,10000,TRUE,FALSE,"random_tau"
"7940",80,40,10000,TRUE,FALSE,"random_tau"
"7941",80,41,10000,TRUE,FALSE,"random_tau"
"7942",80,42,10000,TRUE,FALSE,"random_tau"
"7943",80,43,10000,TRUE,FALSE,"random_tau"
"7944",80,44,10000,TRUE,FALSE,"random_tau"
"7945",80,45,10000,TRUE,FALSE,"random_tau"
"7946",80,46,10000,TRUE,FALSE,"random_tau"
"7947",80,47,10000,TRUE,FALSE,"random_tau"
"7948",80,48,10000,TRUE,FALSE,"random_tau"
"7949",80,49,10000,TRUE,FALSE,"random_tau"
"7950",80,50,10000,TRUE,FALSE,"random_tau"
"7951",80,51,10000,TRUE,FALSE,"random_tau"
"7952",80,52,10000,TRUE,FALSE,"random_tau"
"7953",80,53,10000,TRUE,FALSE,"random_tau"
"7954",80,54,10000,TRUE,FALSE,"random_tau"
"7955",80,55,10000,TRUE,FALSE,"random_tau"
"7956",80,56,10000,TRUE,FALSE,"random_tau"
"7957",80,57,10000,TRUE,FALSE,"random_tau"
"7958",80,58,10000,TRUE,FALSE,"random_tau"
"7959",80,59,10000,TRUE,FALSE,"random_tau"
"7960",80,60,10000,TRUE,FALSE,"random_tau"
"7961",80,61,10000,TRUE,FALSE,"random_tau"
"7962",80,62,10000,TRUE,FALSE,"random_tau"
"7963",80,63,10000,TRUE,FALSE,"random_tau"
"7964",80,64,10000,TRUE,FALSE,"random_tau"
"7965",80,65,10000,TRUE,FALSE,"random_tau"
"7966",80,66,10000,TRUE,FALSE,"random_tau"
"7967",80,67,10000,TRUE,FALSE,"random_tau"
"7968",80,68,10000,TRUE,FALSE,"random_tau"
"7969",80,69,10000,TRUE,FALSE,"random_tau"
"7970",80,70,10000,TRUE,FALSE,"random_tau"
"7971",80,71,10000,TRUE,FALSE,"random_tau"
"7972",80,72,10000,TRUE,FALSE,"random_tau"
"7973",80,73,10000,TRUE,FALSE,"random_tau"
"7974",80,74,10000,TRUE,FALSE,"random_tau"
"7975",80,75,10000,TRUE,FALSE,"random_tau"
"7976",80,76,10000,TRUE,FALSE,"random_tau"
"7977",80,77,10000,TRUE,FALSE,"random_tau"
"7978",80,78,10000,TRUE,FALSE,"random_tau"
"7979",80,79,10000,TRUE,FALSE,"random_tau"
"7980",80,80,10000,TRUE,FALSE,"random_tau"
"7981",80,81,10000,TRUE,FALSE,"random_tau"
"7982",80,82,10000,TRUE,FALSE,"random_tau"
"7983",80,83,10000,TRUE,FALSE,"random_tau"
"7984",80,84,10000,TRUE,FALSE,"random_tau"
"7985",80,85,10000,TRUE,FALSE,"random_tau"
"7986",80,86,10000,TRUE,FALSE,"random_tau"
"7987",80,87,10000,TRUE,FALSE,"random_tau"
"7988",80,88,10000,TRUE,FALSE,"random_tau"
"7989",80,89,10000,TRUE,FALSE,"random_tau"
"7990",80,90,10000,TRUE,FALSE,"random_tau"
"7991",80,91,10000,TRUE,FALSE,"random_tau"
"7992",80,92,10000,TRUE,FALSE,"random_tau"
"7993",80,93,10000,TRUE,FALSE,"random_tau"
"7994",80,94,10000,TRUE,FALSE,"random_tau"
"7995",80,95,10000,TRUE,FALSE,"random_tau"
"7996",80,96,10000,TRUE,FALSE,"random_tau"
"7997",80,97,10000,TRUE,FALSE,"random_tau"
"7998",80,98,10000,TRUE,FALSE,"random_tau"
"7999",80,99,10000,TRUE,FALSE,"random_tau"
"8000",80,100,10000,TRUE,FALSE,"random_tau"
"8001",81,1,611,TRUE,FALSE,"random_tau"
"8002",81,2,1146,TRUE,FALSE,"random_tau"
"8003",81,3,1609,TRUE,FALSE,"random_tau"
"8004",81,4,2123,TRUE,FALSE,"random_tau"
"8005",81,5,2718,TRUE,FALSE,"random_tau"
"8006",81,6,3469,TRUE,FALSE,"random_tau"
"8007",81,7,4419,TRUE,FALSE,"random_tau"
"8008",81,8,5565,TRUE,FALSE,"random_tau"
"8009",81,9,6931,TRUE,FALSE,"random_tau"
"8010",81,10,8285,TRUE,FALSE,"random_tau"
"8011",81,11,9306,TRUE,FALSE,"random_tau"
"8012",81,12,9804,TRUE,FALSE,"random_tau"
"8013",81,13,9948,TRUE,FALSE,"random_tau"
"8014",81,14,9987,TRUE,FALSE,"random_tau"
"8015",81,15,10000,TRUE,FALSE,"random_tau"
"8016",81,16,10000,TRUE,FALSE,"random_tau"
"8017",81,17,10000,TRUE,FALSE,"random_tau"
"8018",81,18,10000,TRUE,FALSE,"random_tau"
"8019",81,19,10000,TRUE,FALSE,"random_tau"
"8020",81,20,10000,TRUE,FALSE,"random_tau"
"8021",81,21,10000,TRUE,FALSE,"random_tau"
"8022",81,22,10000,TRUE,FALSE,"random_tau"
"8023",81,23,10000,TRUE,FALSE,"random_tau"
"8024",81,24,10000,TRUE,FALSE,"random_tau"
"8025",81,25,10000,TRUE,FALSE,"random_tau"
"8026",81,26,10000,TRUE,FALSE,"random_tau"
"8027",81,27,10000,TRUE,FALSE,"random_tau"
"8028",81,28,10000,TRUE,FALSE,"random_tau"
"8029",81,29,10000,TRUE,FALSE,"random_tau"
"8030",81,30,10000,TRUE,FALSE,"random_tau"
"8031",81,31,10000,TRUE,FALSE,"random_tau"
"8032",81,32,10000,TRUE,FALSE,"random_tau"
"8033",81,33,10000,TRUE,FALSE,"random_tau"
"8034",81,34,10000,TRUE,FALSE,"random_tau"
"8035",81,35,10000,TRUE,FALSE,"random_tau"
"8036",81,36,10000,TRUE,FALSE,"random_tau"
"8037",81,37,10000,TRUE,FALSE,"random_tau"
"8038",81,38,10000,TRUE,FALSE,"random_tau"
"8039",81,39,10000,TRUE,FALSE,"random_tau"
"8040",81,40,10000,TRUE,FALSE,"random_tau"
"8041",81,41,10000,TRUE,FALSE,"random_tau"
"8042",81,42,10000,TRUE,FALSE,"random_tau"
"8043",81,43,10000,TRUE,FALSE,"random_tau"
"8044",81,44,10000,TRUE,FALSE,"random_tau"
"8045",81,45,10000,TRUE,FALSE,"random_tau"
"8046",81,46,10000,TRUE,FALSE,"random_tau"
"8047",81,47,10000,TRUE,FALSE,"random_tau"
"8048",81,48,10000,TRUE,FALSE,"random_tau"
"8049",81,49,10000,TRUE,FALSE,"random_tau"
"8050",81,50,10000,TRUE,FALSE,"random_tau"
"8051",81,51,10000,TRUE,FALSE,"random_tau"
"8052",81,52,10000,TRUE,FALSE,"random_tau"
"8053",81,53,10000,TRUE,FALSE,"random_tau"
"8054",81,54,10000,TRUE,FALSE,"random_tau"
"8055",81,55,10000,TRUE,FALSE,"random_tau"
"8056",81,56,10000,TRUE,FALSE,"random_tau"
"8057",81,57,10000,TRUE,FALSE,"random_tau"
"8058",81,58,10000,TRUE,FALSE,"random_tau"
"8059",81,59,10000,TRUE,FALSE,"random_tau"
"8060",81,60,10000,TRUE,FALSE,"random_tau"
"8061",81,61,10000,TRUE,FALSE,"random_tau"
"8062",81,62,10000,TRUE,FALSE,"random_tau"
"8063",81,63,10000,TRUE,FALSE,"random_tau"
"8064",81,64,10000,TRUE,FALSE,"random_tau"
"8065",81,65,10000,TRUE,FALSE,"random_tau"
"8066",81,66,10000,TRUE,FALSE,"random_tau"
"8067",81,67,10000,TRUE,FALSE,"random_tau"
"8068",81,68,10000,TRUE,FALSE,"random_tau"
"8069",81,69,10000,TRUE,FALSE,"random_tau"
"8070",81,70,10000,TRUE,FALSE,"random_tau"
"8071",81,71,10000,TRUE,FALSE,"random_tau"
"8072",81,72,10000,TRUE,FALSE,"random_tau"
"8073",81,73,10000,TRUE,FALSE,"random_tau"
"8074",81,74,10000,TRUE,FALSE,"random_tau"
"8075",81,75,10000,TRUE,FALSE,"random_tau"
"8076",81,76,10000,TRUE,FALSE,"random_tau"
"8077",81,77,10000,TRUE,FALSE,"random_tau"
"8078",81,78,10000,TRUE,FALSE,"random_tau"
"8079",81,79,10000,TRUE,FALSE,"random_tau"
"8080",81,80,10000,TRUE,FALSE,"random_tau"
"8081",81,81,10000,TRUE,FALSE,"random_tau"
"8082",81,82,10000,TRUE,FALSE,"random_tau"
"8083",81,83,10000,TRUE,FALSE,"random_tau"
"8084",81,84,10000,TRUE,FALSE,"random_tau"
"8085",81,85,10000,TRUE,FALSE,"random_tau"
"8086",81,86,10000,TRUE,FALSE,"random_tau"
"8087",81,87,10000,TRUE,FALSE,"random_tau"
"8088",81,88,10000,TRUE,FALSE,"random_tau"
"8089",81,89,10000,TRUE,FALSE,"random_tau"
"8090",81,90,10000,TRUE,FALSE,"random_tau"
"8091",81,91,10000,TRUE,FALSE,"random_tau"
"8092",81,92,10000,TRUE,FALSE,"random_tau"
"8093",81,93,10000,TRUE,FALSE,"random_tau"
"8094",81,94,10000,TRUE,FALSE,"random_tau"
"8095",81,95,10000,TRUE,FALSE,"random_tau"
"8096",81,96,10000,TRUE,FALSE,"random_tau"
"8097",81,97,10000,TRUE,FALSE,"random_tau"
"8098",81,98,10000,TRUE,FALSE,"random_tau"
"8099",81,99,10000,TRUE,FALSE,"random_tau"
"8100",81,100,10000,TRUE,FALSE,"random_tau"
"8101",82,1,631,TRUE,FALSE,"random_tau"
"8102",82,2,1155,TRUE,FALSE,"random_tau"
"8103",82,3,1631,TRUE,FALSE,"random_tau"
"8104",82,4,2210,TRUE,FALSE,"random_tau"
"8105",82,5,2845,TRUE,FALSE,"random_tau"
"8106",82,6,3590,TRUE,FALSE,"random_tau"
"8107",82,7,4491,TRUE,FALSE,"random_tau"
"8108",82,8,5610,TRUE,FALSE,"random_tau"
"8109",82,9,6872,TRUE,FALSE,"random_tau"
"8110",82,10,8119,TRUE,FALSE,"random_tau"
"8111",82,11,9157,TRUE,FALSE,"random_tau"
"8112",82,12,9760,TRUE,FALSE,"random_tau"
"8113",82,13,9951,TRUE,FALSE,"random_tau"
"8114",82,14,9996,TRUE,FALSE,"random_tau"
"8115",82,15,10000,TRUE,FALSE,"random_tau"
"8116",82,16,10000,TRUE,FALSE,"random_tau"
"8117",82,17,10000,TRUE,FALSE,"random_tau"
"8118",82,18,10000,TRUE,FALSE,"random_tau"
"8119",82,19,10000,TRUE,FALSE,"random_tau"
"8120",82,20,10000,TRUE,FALSE,"random_tau"
"8121",82,21,10000,TRUE,FALSE,"random_tau"
"8122",82,22,10000,TRUE,FALSE,"random_tau"
"8123",82,23,10000,TRUE,FALSE,"random_tau"
"8124",82,24,10000,TRUE,FALSE,"random_tau"
"8125",82,25,10000,TRUE,FALSE,"random_tau"
"8126",82,26,10000,TRUE,FALSE,"random_tau"
"8127",82,27,10000,TRUE,FALSE,"random_tau"
"8128",82,28,10000,TRUE,FALSE,"random_tau"
"8129",82,29,10000,TRUE,FALSE,"random_tau"
"8130",82,30,10000,TRUE,FALSE,"random_tau"
"8131",82,31,10000,TRUE,FALSE,"random_tau"
"8132",82,32,10000,TRUE,FALSE,"random_tau"
"8133",82,33,10000,TRUE,FALSE,"random_tau"
"8134",82,34,10000,TRUE,FALSE,"random_tau"
"8135",82,35,10000,TRUE,FALSE,"random_tau"
"8136",82,36,10000,TRUE,FALSE,"random_tau"
"8137",82,37,10000,TRUE,FALSE,"random_tau"
"8138",82,38,10000,TRUE,FALSE,"random_tau"
"8139",82,39,10000,TRUE,FALSE,"random_tau"
"8140",82,40,10000,TRUE,FALSE,"random_tau"
"8141",82,41,10000,TRUE,FALSE,"random_tau"
"8142",82,42,10000,TRUE,FALSE,"random_tau"
"8143",82,43,10000,TRUE,FALSE,"random_tau"
"8144",82,44,10000,TRUE,FALSE,"random_tau"
"8145",82,45,10000,TRUE,FALSE,"random_tau"
"8146",82,46,10000,TRUE,FALSE,"random_tau"
"8147",82,47,10000,TRUE,FALSE,"random_tau"
"8148",82,48,10000,TRUE,FALSE,"random_tau"
"8149",82,49,10000,TRUE,FALSE,"random_tau"
"8150",82,50,10000,TRUE,FALSE,"random_tau"
"8151",82,51,10000,TRUE,FALSE,"random_tau"
"8152",82,52,10000,TRUE,FALSE,"random_tau"
"8153",82,53,10000,TRUE,FALSE,"random_tau"
"8154",82,54,10000,TRUE,FALSE,"random_tau"
"8155",82,55,10000,TRUE,FALSE,"random_tau"
"8156",82,56,10000,TRUE,FALSE,"random_tau"
"8157",82,57,10000,TRUE,FALSE,"random_tau"
"8158",82,58,10000,TRUE,FALSE,"random_tau"
"8159",82,59,10000,TRUE,FALSE,"random_tau"
"8160",82,60,10000,TRUE,FALSE,"random_tau"
"8161",82,61,10000,TRUE,FALSE,"random_tau"
"8162",82,62,10000,TRUE,FALSE,"random_tau"
"8163",82,63,10000,TRUE,FALSE,"random_tau"
"8164",82,64,10000,TRUE,FALSE,"random_tau"
"8165",82,65,10000,TRUE,FALSE,"random_tau"
"8166",82,66,10000,TRUE,FALSE,"random_tau"
"8167",82,67,10000,TRUE,FALSE,"random_tau"
"8168",82,68,10000,TRUE,FALSE,"random_tau"
"8169",82,69,10000,TRUE,FALSE,"random_tau"
"8170",82,70,10000,TRUE,FALSE,"random_tau"
"8171",82,71,10000,TRUE,FALSE,"random_tau"
"8172",82,72,10000,TRUE,FALSE,"random_tau"
"8173",82,73,10000,TRUE,FALSE,"random_tau"
"8174",82,74,10000,TRUE,FALSE,"random_tau"
"8175",82,75,10000,TRUE,FALSE,"random_tau"
"8176",82,76,10000,TRUE,FALSE,"random_tau"
"8177",82,77,10000,TRUE,FALSE,"random_tau"
"8178",82,78,10000,TRUE,FALSE,"random_tau"
"8179",82,79,10000,TRUE,FALSE,"random_tau"
"8180",82,80,10000,TRUE,FALSE,"random_tau"
"8181",82,81,10000,TRUE,FALSE,"random_tau"
"8182",82,82,10000,TRUE,FALSE,"random_tau"
"8183",82,83,10000,TRUE,FALSE,"random_tau"
"8184",82,84,10000,TRUE,FALSE,"random_tau"
"8185",82,85,10000,TRUE,FALSE,"random_tau"
"8186",82,86,10000,TRUE,FALSE,"random_tau"
"8187",82,87,10000,TRUE,FALSE,"random_tau"
"8188",82,88,10000,TRUE,FALSE,"random_tau"
"8189",82,89,10000,TRUE,FALSE,"random_tau"
"8190",82,90,10000,TRUE,FALSE,"random_tau"
"8191",82,91,10000,TRUE,FALSE,"random_tau"
"8192",82,92,10000,TRUE,FALSE,"random_tau"
"8193",82,93,10000,TRUE,FALSE,"random_tau"
"8194",82,94,10000,TRUE,FALSE,"random_tau"
"8195",82,95,10000,TRUE,FALSE,"random_tau"
"8196",82,96,10000,TRUE,FALSE,"random_tau"
"8197",82,97,10000,TRUE,FALSE,"random_tau"
"8198",82,98,10000,TRUE,FALSE,"random_tau"
"8199",82,99,10000,TRUE,FALSE,"random_tau"
"8200",82,100,10000,TRUE,FALSE,"random_tau"
"8201",83,1,626,TRUE,FALSE,"random_tau"
"8202",83,2,1150,TRUE,FALSE,"random_tau"
"8203",83,3,1606,TRUE,FALSE,"random_tau"
"8204",83,4,2114,TRUE,FALSE,"random_tau"
"8205",83,5,2706,TRUE,FALSE,"random_tau"
"8206",83,6,3399,TRUE,FALSE,"random_tau"
"8207",83,7,4212,TRUE,FALSE,"random_tau"
"8208",83,8,5185,TRUE,FALSE,"random_tau"
"8209",83,9,6307,TRUE,FALSE,"random_tau"
"8210",83,10,7522,TRUE,FALSE,"random_tau"
"8211",83,11,8642,TRUE,FALSE,"random_tau"
"8212",83,12,9465,TRUE,FALSE,"random_tau"
"8213",83,13,9867,TRUE,FALSE,"random_tau"
"8214",83,14,9985,TRUE,FALSE,"random_tau"
"8215",83,15,10000,TRUE,FALSE,"random_tau"
"8216",83,16,10000,TRUE,FALSE,"random_tau"
"8217",83,17,10000,TRUE,FALSE,"random_tau"
"8218",83,18,10000,TRUE,FALSE,"random_tau"
"8219",83,19,10000,TRUE,FALSE,"random_tau"
"8220",83,20,10000,TRUE,FALSE,"random_tau"
"8221",83,21,10000,TRUE,FALSE,"random_tau"
"8222",83,22,10000,TRUE,FALSE,"random_tau"
"8223",83,23,10000,TRUE,FALSE,"random_tau"
"8224",83,24,10000,TRUE,FALSE,"random_tau"
"8225",83,25,10000,TRUE,FALSE,"random_tau"
"8226",83,26,10000,TRUE,FALSE,"random_tau"
"8227",83,27,10000,TRUE,FALSE,"random_tau"
"8228",83,28,10000,TRUE,FALSE,"random_tau"
"8229",83,29,10000,TRUE,FALSE,"random_tau"
"8230",83,30,10000,TRUE,FALSE,"random_tau"
"8231",83,31,10000,TRUE,FALSE,"random_tau"
"8232",83,32,10000,TRUE,FALSE,"random_tau"
"8233",83,33,10000,TRUE,FALSE,"random_tau"
"8234",83,34,10000,TRUE,FALSE,"random_tau"
"8235",83,35,10000,TRUE,FALSE,"random_tau"
"8236",83,36,10000,TRUE,FALSE,"random_tau"
"8237",83,37,10000,TRUE,FALSE,"random_tau"
"8238",83,38,10000,TRUE,FALSE,"random_tau"
"8239",83,39,10000,TRUE,FALSE,"random_tau"
"8240",83,40,10000,TRUE,FALSE,"random_tau"
"8241",83,41,10000,TRUE,FALSE,"random_tau"
"8242",83,42,10000,TRUE,FALSE,"random_tau"
"8243",83,43,10000,TRUE,FALSE,"random_tau"
"8244",83,44,10000,TRUE,FALSE,"random_tau"
"8245",83,45,10000,TRUE,FALSE,"random_tau"
"8246",83,46,10000,TRUE,FALSE,"random_tau"
"8247",83,47,10000,TRUE,FALSE,"random_tau"
"8248",83,48,10000,TRUE,FALSE,"random_tau"
"8249",83,49,10000,TRUE,FALSE,"random_tau"
"8250",83,50,10000,TRUE,FALSE,"random_tau"
"8251",83,51,10000,TRUE,FALSE,"random_tau"
"8252",83,52,10000,TRUE,FALSE,"random_tau"
"8253",83,53,10000,TRUE,FALSE,"random_tau"
"8254",83,54,10000,TRUE,FALSE,"random_tau"
"8255",83,55,10000,TRUE,FALSE,"random_tau"
"8256",83,56,10000,TRUE,FALSE,"random_tau"
"8257",83,57,10000,TRUE,FALSE,"random_tau"
"8258",83,58,10000,TRUE,FALSE,"random_tau"
"8259",83,59,10000,TRUE,FALSE,"random_tau"
"8260",83,60,10000,TRUE,FALSE,"random_tau"
"8261",83,61,10000,TRUE,FALSE,"random_tau"
"8262",83,62,10000,TRUE,FALSE,"random_tau"
"8263",83,63,10000,TRUE,FALSE,"random_tau"
"8264",83,64,10000,TRUE,FALSE,"random_tau"
"8265",83,65,10000,TRUE,FALSE,"random_tau"
"8266",83,66,10000,TRUE,FALSE,"random_tau"
"8267",83,67,10000,TRUE,FALSE,"random_tau"
"8268",83,68,10000,TRUE,FALSE,"random_tau"
"8269",83,69,10000,TRUE,FALSE,"random_tau"
"8270",83,70,10000,TRUE,FALSE,"random_tau"
"8271",83,71,10000,TRUE,FALSE,"random_tau"
"8272",83,72,10000,TRUE,FALSE,"random_tau"
"8273",83,73,10000,TRUE,FALSE,"random_tau"
"8274",83,74,10000,TRUE,FALSE,"random_tau"
"8275",83,75,10000,TRUE,FALSE,"random_tau"
"8276",83,76,10000,TRUE,FALSE,"random_tau"
"8277",83,77,10000,TRUE,FALSE,"random_tau"
"8278",83,78,10000,TRUE,FALSE,"random_tau"
"8279",83,79,10000,TRUE,FALSE,"random_tau"
"8280",83,80,10000,TRUE,FALSE,"random_tau"
"8281",83,81,10000,TRUE,FALSE,"random_tau"
"8282",83,82,10000,TRUE,FALSE,"random_tau"
"8283",83,83,10000,TRUE,FALSE,"random_tau"
"8284",83,84,10000,TRUE,FALSE,"random_tau"
"8285",83,85,10000,TRUE,FALSE,"random_tau"
"8286",83,86,10000,TRUE,FALSE,"random_tau"
"8287",83,87,10000,TRUE,FALSE,"random_tau"
"8288",83,88,10000,TRUE,FALSE,"random_tau"
"8289",83,89,10000,TRUE,FALSE,"random_tau"
"8290",83,90,10000,TRUE,FALSE,"random_tau"
"8291",83,91,10000,TRUE,FALSE,"random_tau"
"8292",83,92,10000,TRUE,FALSE,"random_tau"
"8293",83,93,10000,TRUE,FALSE,"random_tau"
"8294",83,94,10000,TRUE,FALSE,"random_tau"
"8295",83,95,10000,TRUE,FALSE,"random_tau"
"8296",83,96,10000,TRUE,FALSE,"random_tau"
"8297",83,97,10000,TRUE,FALSE,"random_tau"
"8298",83,98,10000,TRUE,FALSE,"random_tau"
"8299",83,99,10000,TRUE,FALSE,"random_tau"
"8300",83,100,10000,TRUE,FALSE,"random_tau"
"8301",84,1,629,TRUE,FALSE,"random_tau"
"8302",84,2,1133,TRUE,FALSE,"random_tau"
"8303",84,3,1592,TRUE,FALSE,"random_tau"
"8304",84,4,2085,TRUE,FALSE,"random_tau"
"8305",84,5,2638,TRUE,FALSE,"random_tau"
"8306",84,6,3305,TRUE,FALSE,"random_tau"
"8307",84,7,4176,TRUE,FALSE,"random_tau"
"8308",84,8,5261,TRUE,FALSE,"random_tau"
"8309",84,9,6491,TRUE,FALSE,"random_tau"
"8310",84,10,7813,TRUE,FALSE,"random_tau"
"8311",84,11,8978,TRUE,FALSE,"random_tau"
"8312",84,12,9654,TRUE,FALSE,"random_tau"
"8313",84,13,9915,TRUE,FALSE,"random_tau"
"8314",84,14,9981,TRUE,FALSE,"random_tau"
"8315",84,15,9999,TRUE,FALSE,"random_tau"
"8316",84,16,10000,TRUE,FALSE,"random_tau"
"8317",84,17,10000,TRUE,FALSE,"random_tau"
"8318",84,18,10000,TRUE,FALSE,"random_tau"
"8319",84,19,10000,TRUE,FALSE,"random_tau"
"8320",84,20,10000,TRUE,FALSE,"random_tau"
"8321",84,21,10000,TRUE,FALSE,"random_tau"
"8322",84,22,10000,TRUE,FALSE,"random_tau"
"8323",84,23,10000,TRUE,FALSE,"random_tau"
"8324",84,24,10000,TRUE,FALSE,"random_tau"
"8325",84,25,10000,TRUE,FALSE,"random_tau"
"8326",84,26,10000,TRUE,FALSE,"random_tau"
"8327",84,27,10000,TRUE,FALSE,"random_tau"
"8328",84,28,10000,TRUE,FALSE,"random_tau"
"8329",84,29,10000,TRUE,FALSE,"random_tau"
"8330",84,30,10000,TRUE,FALSE,"random_tau"
"8331",84,31,10000,TRUE,FALSE,"random_tau"
"8332",84,32,10000,TRUE,FALSE,"random_tau"
"8333",84,33,10000,TRUE,FALSE,"random_tau"
"8334",84,34,10000,TRUE,FALSE,"random_tau"
"8335",84,35,10000,TRUE,FALSE,"random_tau"
"8336",84,36,10000,TRUE,FALSE,"random_tau"
"8337",84,37,10000,TRUE,FALSE,"random_tau"
"8338",84,38,10000,TRUE,FALSE,"random_tau"
"8339",84,39,10000,TRUE,FALSE,"random_tau"
"8340",84,40,10000,TRUE,FALSE,"random_tau"
"8341",84,41,10000,TRUE,FALSE,"random_tau"
"8342",84,42,10000,TRUE,FALSE,"random_tau"
"8343",84,43,10000,TRUE,FALSE,"random_tau"
"8344",84,44,10000,TRUE,FALSE,"random_tau"
"8345",84,45,10000,TRUE,FALSE,"random_tau"
"8346",84,46,10000,TRUE,FALSE,"random_tau"
"8347",84,47,10000,TRUE,FALSE,"random_tau"
"8348",84,48,10000,TRUE,FALSE,"random_tau"
"8349",84,49,10000,TRUE,FALSE,"random_tau"
"8350",84,50,10000,TRUE,FALSE,"random_tau"
"8351",84,51,10000,TRUE,FALSE,"random_tau"
"8352",84,52,10000,TRUE,FALSE,"random_tau"
"8353",84,53,10000,TRUE,FALSE,"random_tau"
"8354",84,54,10000,TRUE,FALSE,"random_tau"
"8355",84,55,10000,TRUE,FALSE,"random_tau"
"8356",84,56,10000,TRUE,FALSE,"random_tau"
"8357",84,57,10000,TRUE,FALSE,"random_tau"
"8358",84,58,10000,TRUE,FALSE,"random_tau"
"8359",84,59,10000,TRUE,FALSE,"random_tau"
"8360",84,60,10000,TRUE,FALSE,"random_tau"
"8361",84,61,10000,TRUE,FALSE,"random_tau"
"8362",84,62,10000,TRUE,FALSE,"random_tau"
"8363",84,63,10000,TRUE,FALSE,"random_tau"
"8364",84,64,10000,TRUE,FALSE,"random_tau"
"8365",84,65,10000,TRUE,FALSE,"random_tau"
"8366",84,66,10000,TRUE,FALSE,"random_tau"
"8367",84,67,10000,TRUE,FALSE,"random_tau"
"8368",84,68,10000,TRUE,FALSE,"random_tau"
"8369",84,69,10000,TRUE,FALSE,"random_tau"
"8370",84,70,10000,TRUE,FALSE,"random_tau"
"8371",84,71,10000,TRUE,FALSE,"random_tau"
"8372",84,72,10000,TRUE,FALSE,"random_tau"
"8373",84,73,10000,TRUE,FALSE,"random_tau"
"8374",84,74,10000,TRUE,FALSE,"random_tau"
"8375",84,75,10000,TRUE,FALSE,"random_tau"
"8376",84,76,10000,TRUE,FALSE,"random_tau"
"8377",84,77,10000,TRUE,FALSE,"random_tau"
"8378",84,78,10000,TRUE,FALSE,"random_tau"
"8379",84,79,10000,TRUE,FALSE,"random_tau"
"8380",84,80,10000,TRUE,FALSE,"random_tau"
"8381",84,81,10000,TRUE,FALSE,"random_tau"
"8382",84,82,10000,TRUE,FALSE,"random_tau"
"8383",84,83,10000,TRUE,FALSE,"random_tau"
"8384",84,84,10000,TRUE,FALSE,"random_tau"
"8385",84,85,10000,TRUE,FALSE,"random_tau"
"8386",84,86,10000,TRUE,FALSE,"random_tau"
"8387",84,87,10000,TRUE,FALSE,"random_tau"
"8388",84,88,10000,TRUE,FALSE,"random_tau"
"8389",84,89,10000,TRUE,FALSE,"random_tau"
"8390",84,90,10000,TRUE,FALSE,"random_tau"
"8391",84,91,10000,TRUE,FALSE,"random_tau"
"8392",84,92,10000,TRUE,FALSE,"random_tau"
"8393",84,93,10000,TRUE,FALSE,"random_tau"
"8394",84,94,10000,TRUE,FALSE,"random_tau"
"8395",84,95,10000,TRUE,FALSE,"random_tau"
"8396",84,96,10000,TRUE,FALSE,"random_tau"
"8397",84,97,10000,TRUE,FALSE,"random_tau"
"8398",84,98,10000,TRUE,FALSE,"random_tau"
"8399",84,99,10000,TRUE,FALSE,"random_tau"
"8400",84,100,10000,TRUE,FALSE,"random_tau"
"8401",85,1,612,TRUE,FALSE,"random_tau"
"8402",85,2,1152,TRUE,FALSE,"random_tau"
"8403",85,3,1602,TRUE,FALSE,"random_tau"
"8404",85,4,2054,TRUE,FALSE,"random_tau"
"8405",85,5,2592,TRUE,FALSE,"random_tau"
"8406",85,6,3239,TRUE,FALSE,"random_tau"
"8407",85,7,3995,TRUE,FALSE,"random_tau"
"8408",85,8,4896,TRUE,FALSE,"random_tau"
"8409",85,9,6038,TRUE,FALSE,"random_tau"
"8410",85,10,7285,TRUE,FALSE,"random_tau"
"8411",85,11,8457,TRUE,FALSE,"random_tau"
"8412",85,12,9323,TRUE,FALSE,"random_tau"
"8413",85,13,9790,TRUE,FALSE,"random_tau"
"8414",85,14,9960,TRUE,FALSE,"random_tau"
"8415",85,15,9998,TRUE,FALSE,"random_tau"
"8416",85,16,10000,TRUE,FALSE,"random_tau"
"8417",85,17,10000,TRUE,FALSE,"random_tau"
"8418",85,18,10000,TRUE,FALSE,"random_tau"
"8419",85,19,10000,TRUE,FALSE,"random_tau"
"8420",85,20,10000,TRUE,FALSE,"random_tau"
"8421",85,21,10000,TRUE,FALSE,"random_tau"
"8422",85,22,10000,TRUE,FALSE,"random_tau"
"8423",85,23,10000,TRUE,FALSE,"random_tau"
"8424",85,24,10000,TRUE,FALSE,"random_tau"
"8425",85,25,10000,TRUE,FALSE,"random_tau"
"8426",85,26,10000,TRUE,FALSE,"random_tau"
"8427",85,27,10000,TRUE,FALSE,"random_tau"
"8428",85,28,10000,TRUE,FALSE,"random_tau"
"8429",85,29,10000,TRUE,FALSE,"random_tau"
"8430",85,30,10000,TRUE,FALSE,"random_tau"
"8431",85,31,10000,TRUE,FALSE,"random_tau"
"8432",85,32,10000,TRUE,FALSE,"random_tau"
"8433",85,33,10000,TRUE,FALSE,"random_tau"
"8434",85,34,10000,TRUE,FALSE,"random_tau"
"8435",85,35,10000,TRUE,FALSE,"random_tau"
"8436",85,36,10000,TRUE,FALSE,"random_tau"
"8437",85,37,10000,TRUE,FALSE,"random_tau"
"8438",85,38,10000,TRUE,FALSE,"random_tau"
"8439",85,39,10000,TRUE,FALSE,"random_tau"
"8440",85,40,10000,TRUE,FALSE,"random_tau"
"8441",85,41,10000,TRUE,FALSE,"random_tau"
"8442",85,42,10000,TRUE,FALSE,"random_tau"
"8443",85,43,10000,TRUE,FALSE,"random_tau"
"8444",85,44,10000,TRUE,FALSE,"random_tau"
"8445",85,45,10000,TRUE,FALSE,"random_tau"
"8446",85,46,10000,TRUE,FALSE,"random_tau"
"8447",85,47,10000,TRUE,FALSE,"random_tau"
"8448",85,48,10000,TRUE,FALSE,"random_tau"
"8449",85,49,10000,TRUE,FALSE,"random_tau"
"8450",85,50,10000,TRUE,FALSE,"random_tau"
"8451",85,51,10000,TRUE,FALSE,"random_tau"
"8452",85,52,10000,TRUE,FALSE,"random_tau"
"8453",85,53,10000,TRUE,FALSE,"random_tau"
"8454",85,54,10000,TRUE,FALSE,"random_tau"
"8455",85,55,10000,TRUE,FALSE,"random_tau"
"8456",85,56,10000,TRUE,FALSE,"random_tau"
"8457",85,57,10000,TRUE,FALSE,"random_tau"
"8458",85,58,10000,TRUE,FALSE,"random_tau"
"8459",85,59,10000,TRUE,FALSE,"random_tau"
"8460",85,60,10000,TRUE,FALSE,"random_tau"
"8461",85,61,10000,TRUE,FALSE,"random_tau"
"8462",85,62,10000,TRUE,FALSE,"random_tau"
"8463",85,63,10000,TRUE,FALSE,"random_tau"
"8464",85,64,10000,TRUE,FALSE,"random_tau"
"8465",85,65,10000,TRUE,FALSE,"random_tau"
"8466",85,66,10000,TRUE,FALSE,"random_tau"
"8467",85,67,10000,TRUE,FALSE,"random_tau"
"8468",85,68,10000,TRUE,FALSE,"random_tau"
"8469",85,69,10000,TRUE,FALSE,"random_tau"
"8470",85,70,10000,TRUE,FALSE,"random_tau"
"8471",85,71,10000,TRUE,FALSE,"random_tau"
"8472",85,72,10000,TRUE,FALSE,"random_tau"
"8473",85,73,10000,TRUE,FALSE,"random_tau"
"8474",85,74,10000,TRUE,FALSE,"random_tau"
"8475",85,75,10000,TRUE,FALSE,"random_tau"
"8476",85,76,10000,TRUE,FALSE,"random_tau"
"8477",85,77,10000,TRUE,FALSE,"random_tau"
"8478",85,78,10000,TRUE,FALSE,"random_tau"
"8479",85,79,10000,TRUE,FALSE,"random_tau"
"8480",85,80,10000,TRUE,FALSE,"random_tau"
"8481",85,81,10000,TRUE,FALSE,"random_tau"
"8482",85,82,10000,TRUE,FALSE,"random_tau"
"8483",85,83,10000,TRUE,FALSE,"random_tau"
"8484",85,84,10000,TRUE,FALSE,"random_tau"
"8485",85,85,10000,TRUE,FALSE,"random_tau"
"8486",85,86,10000,TRUE,FALSE,"random_tau"
"8487",85,87,10000,TRUE,FALSE,"random_tau"
"8488",85,88,10000,TRUE,FALSE,"random_tau"
"8489",85,89,10000,TRUE,FALSE,"random_tau"
"8490",85,90,10000,TRUE,FALSE,"random_tau"
"8491",85,91,10000,TRUE,FALSE,"random_tau"
"8492",85,92,10000,TRUE,FALSE,"random_tau"
"8493",85,93,10000,TRUE,FALSE,"random_tau"
"8494",85,94,10000,TRUE,FALSE,"random_tau"
"8495",85,95,10000,TRUE,FALSE,"random_tau"
"8496",85,96,10000,TRUE,FALSE,"random_tau"
"8497",85,97,10000,TRUE,FALSE,"random_tau"
"8498",85,98,10000,TRUE,FALSE,"random_tau"
"8499",85,99,10000,TRUE,FALSE,"random_tau"
"8500",85,100,10000,TRUE,FALSE,"random_tau"
"8501",86,1,612,TRUE,FALSE,"random_tau"
"8502",86,2,1094,TRUE,FALSE,"random_tau"
"8503",86,3,1545,TRUE,FALSE,"random_tau"
"8504",86,4,2046,TRUE,FALSE,"random_tau"
"8505",86,5,2630,TRUE,FALSE,"random_tau"
"8506",86,6,3354,TRUE,FALSE,"random_tau"
"8507",86,7,4239,TRUE,FALSE,"random_tau"
"8508",86,8,5267,TRUE,FALSE,"random_tau"
"8509",86,9,6456,TRUE,FALSE,"random_tau"
"8510",86,10,7741,TRUE,FALSE,"random_tau"
"8511",86,11,8857,TRUE,FALSE,"random_tau"
"8512",86,12,9583,TRUE,FALSE,"random_tau"
"8513",86,13,9907,TRUE,FALSE,"random_tau"
"8514",86,14,9988,TRUE,FALSE,"random_tau"
"8515",86,15,10000,TRUE,FALSE,"random_tau"
"8516",86,16,10000,TRUE,FALSE,"random_tau"
"8517",86,17,10000,TRUE,FALSE,"random_tau"
"8518",86,18,10000,TRUE,FALSE,"random_tau"
"8519",86,19,10000,TRUE,FALSE,"random_tau"
"8520",86,20,10000,TRUE,FALSE,"random_tau"
"8521",86,21,10000,TRUE,FALSE,"random_tau"
"8522",86,22,10000,TRUE,FALSE,"random_tau"
"8523",86,23,10000,TRUE,FALSE,"random_tau"
"8524",86,24,10000,TRUE,FALSE,"random_tau"
"8525",86,25,10000,TRUE,FALSE,"random_tau"
"8526",86,26,10000,TRUE,FALSE,"random_tau"
"8527",86,27,10000,TRUE,FALSE,"random_tau"
"8528",86,28,10000,TRUE,FALSE,"random_tau"
"8529",86,29,10000,TRUE,FALSE,"random_tau"
"8530",86,30,10000,TRUE,FALSE,"random_tau"
"8531",86,31,10000,TRUE,FALSE,"random_tau"
"8532",86,32,10000,TRUE,FALSE,"random_tau"
"8533",86,33,10000,TRUE,FALSE,"random_tau"
"8534",86,34,10000,TRUE,FALSE,"random_tau"
"8535",86,35,10000,TRUE,FALSE,"random_tau"
"8536",86,36,10000,TRUE,FALSE,"random_tau"
"8537",86,37,10000,TRUE,FALSE,"random_tau"
"8538",86,38,10000,TRUE,FALSE,"random_tau"
"8539",86,39,10000,TRUE,FALSE,"random_tau"
"8540",86,40,10000,TRUE,FALSE,"random_tau"
"8541",86,41,10000,TRUE,FALSE,"random_tau"
"8542",86,42,10000,TRUE,FALSE,"random_tau"
"8543",86,43,10000,TRUE,FALSE,"random_tau"
"8544",86,44,10000,TRUE,FALSE,"random_tau"
"8545",86,45,10000,TRUE,FALSE,"random_tau"
"8546",86,46,10000,TRUE,FALSE,"random_tau"
"8547",86,47,10000,TRUE,FALSE,"random_tau"
"8548",86,48,10000,TRUE,FALSE,"random_tau"
"8549",86,49,10000,TRUE,FALSE,"random_tau"
"8550",86,50,10000,TRUE,FALSE,"random_tau"
"8551",86,51,10000,TRUE,FALSE,"random_tau"
"8552",86,52,10000,TRUE,FALSE,"random_tau"
"8553",86,53,10000,TRUE,FALSE,"random_tau"
"8554",86,54,10000,TRUE,FALSE,"random_tau"
"8555",86,55,10000,TRUE,FALSE,"random_tau"
"8556",86,56,10000,TRUE,FALSE,"random_tau"
"8557",86,57,10000,TRUE,FALSE,"random_tau"
"8558",86,58,10000,TRUE,FALSE,"random_tau"
"8559",86,59,10000,TRUE,FALSE,"random_tau"
"8560",86,60,10000,TRUE,FALSE,"random_tau"
"8561",86,61,10000,TRUE,FALSE,"random_tau"
"8562",86,62,10000,TRUE,FALSE,"random_tau"
"8563",86,63,10000,TRUE,FALSE,"random_tau"
"8564",86,64,10000,TRUE,FALSE,"random_tau"
"8565",86,65,10000,TRUE,FALSE,"random_tau"
"8566",86,66,10000,TRUE,FALSE,"random_tau"
"8567",86,67,10000,TRUE,FALSE,"random_tau"
"8568",86,68,10000,TRUE,FALSE,"random_tau"
"8569",86,69,10000,TRUE,FALSE,"random_tau"
"8570",86,70,10000,TRUE,FALSE,"random_tau"
"8571",86,71,10000,TRUE,FALSE,"random_tau"
"8572",86,72,10000,TRUE,FALSE,"random_tau"
"8573",86,73,10000,TRUE,FALSE,"random_tau"
"8574",86,74,10000,TRUE,FALSE,"random_tau"
"8575",86,75,10000,TRUE,FALSE,"random_tau"
"8576",86,76,10000,TRUE,FALSE,"random_tau"
"8577",86,77,10000,TRUE,FALSE,"random_tau"
"8578",86,78,10000,TRUE,FALSE,"random_tau"
"8579",86,79,10000,TRUE,FALSE,"random_tau"
"8580",86,80,10000,TRUE,FALSE,"random_tau"
"8581",86,81,10000,TRUE,FALSE,"random_tau"
"8582",86,82,10000,TRUE,FALSE,"random_tau"
"8583",86,83,10000,TRUE,FALSE,"random_tau"
"8584",86,84,10000,TRUE,FALSE,"random_tau"
"8585",86,85,10000,TRUE,FALSE,"random_tau"
"8586",86,86,10000,TRUE,FALSE,"random_tau"
"8587",86,87,10000,TRUE,FALSE,"random_tau"
"8588",86,88,10000,TRUE,FALSE,"random_tau"
"8589",86,89,10000,TRUE,FALSE,"random_tau"
"8590",86,90,10000,TRUE,FALSE,"random_tau"
"8591",86,91,10000,TRUE,FALSE,"random_tau"
"8592",86,92,10000,TRUE,FALSE,"random_tau"
"8593",86,93,10000,TRUE,FALSE,"random_tau"
"8594",86,94,10000,TRUE,FALSE,"random_tau"
"8595",86,95,10000,TRUE,FALSE,"random_tau"
"8596",86,96,10000,TRUE,FALSE,"random_tau"
"8597",86,97,10000,TRUE,FALSE,"random_tau"
"8598",86,98,10000,TRUE,FALSE,"random_tau"
"8599",86,99,10000,TRUE,FALSE,"random_tau"
"8600",86,100,10000,TRUE,FALSE,"random_tau"
"8601",87,1,628,TRUE,FALSE,"random_tau"
"8602",87,2,1184,TRUE,FALSE,"random_tau"
"8603",87,3,1667,TRUE,FALSE,"random_tau"
"8604",87,4,2170,TRUE,FALSE,"random_tau"
"8605",87,5,2761,TRUE,FALSE,"random_tau"
"8606",87,6,3545,TRUE,FALSE,"random_tau"
"8607",87,7,4526,TRUE,FALSE,"random_tau"
"8608",87,8,5689,TRUE,FALSE,"random_tau"
"8609",87,9,7010,TRUE,FALSE,"random_tau"
"8610",87,10,8338,TRUE,FALSE,"random_tau"
"8611",87,11,9341,TRUE,FALSE,"random_tau"
"8612",87,12,9845,TRUE,FALSE,"random_tau"
"8613",87,13,9988,TRUE,FALSE,"random_tau"
"8614",87,14,9999,TRUE,FALSE,"random_tau"
"8615",87,15,10000,TRUE,FALSE,"random_tau"
"8616",87,16,10000,TRUE,FALSE,"random_tau"
"8617",87,17,10000,TRUE,FALSE,"random_tau"
"8618",87,18,10000,TRUE,FALSE,"random_tau"
"8619",87,19,10000,TRUE,FALSE,"random_tau"
"8620",87,20,10000,TRUE,FALSE,"random_tau"
"8621",87,21,10000,TRUE,FALSE,"random_tau"
"8622",87,22,10000,TRUE,FALSE,"random_tau"
"8623",87,23,10000,TRUE,FALSE,"random_tau"
"8624",87,24,10000,TRUE,FALSE,"random_tau"
"8625",87,25,10000,TRUE,FALSE,"random_tau"
"8626",87,26,10000,TRUE,FALSE,"random_tau"
"8627",87,27,10000,TRUE,FALSE,"random_tau"
"8628",87,28,10000,TRUE,FALSE,"random_tau"
"8629",87,29,10000,TRUE,FALSE,"random_tau"
"8630",87,30,10000,TRUE,FALSE,"random_tau"
"8631",87,31,10000,TRUE,FALSE,"random_tau"
"8632",87,32,10000,TRUE,FALSE,"random_tau"
"8633",87,33,10000,TRUE,FALSE,"random_tau"
"8634",87,34,10000,TRUE,FALSE,"random_tau"
"8635",87,35,10000,TRUE,FALSE,"random_tau"
"8636",87,36,10000,TRUE,FALSE,"random_tau"
"8637",87,37,10000,TRUE,FALSE,"random_tau"
"8638",87,38,10000,TRUE,FALSE,"random_tau"
"8639",87,39,10000,TRUE,FALSE,"random_tau"
"8640",87,40,10000,TRUE,FALSE,"random_tau"
"8641",87,41,10000,TRUE,FALSE,"random_tau"
"8642",87,42,10000,TRUE,FALSE,"random_tau"
"8643",87,43,10000,TRUE,FALSE,"random_tau"
"8644",87,44,10000,TRUE,FALSE,"random_tau"
"8645",87,45,10000,TRUE,FALSE,"random_tau"
"8646",87,46,10000,TRUE,FALSE,"random_tau"
"8647",87,47,10000,TRUE,FALSE,"random_tau"
"8648",87,48,10000,TRUE,FALSE,"random_tau"
"8649",87,49,10000,TRUE,FALSE,"random_tau"
"8650",87,50,10000,TRUE,FALSE,"random_tau"
"8651",87,51,10000,TRUE,FALSE,"random_tau"
"8652",87,52,10000,TRUE,FALSE,"random_tau"
"8653",87,53,10000,TRUE,FALSE,"random_tau"
"8654",87,54,10000,TRUE,FALSE,"random_tau"
"8655",87,55,10000,TRUE,FALSE,"random_tau"
"8656",87,56,10000,TRUE,FALSE,"random_tau"
"8657",87,57,10000,TRUE,FALSE,"random_tau"
"8658",87,58,10000,TRUE,FALSE,"random_tau"
"8659",87,59,10000,TRUE,FALSE,"random_tau"
"8660",87,60,10000,TRUE,FALSE,"random_tau"
"8661",87,61,10000,TRUE,FALSE,"random_tau"
"8662",87,62,10000,TRUE,FALSE,"random_tau"
"8663",87,63,10000,TRUE,FALSE,"random_tau"
"8664",87,64,10000,TRUE,FALSE,"random_tau"
"8665",87,65,10000,TRUE,FALSE,"random_tau"
"8666",87,66,10000,TRUE,FALSE,"random_tau"
"8667",87,67,10000,TRUE,FALSE,"random_tau"
"8668",87,68,10000,TRUE,FALSE,"random_tau"
"8669",87,69,10000,TRUE,FALSE,"random_tau"
"8670",87,70,10000,TRUE,FALSE,"random_tau"
"8671",87,71,10000,TRUE,FALSE,"random_tau"
"8672",87,72,10000,TRUE,FALSE,"random_tau"
"8673",87,73,10000,TRUE,FALSE,"random_tau"
"8674",87,74,10000,TRUE,FALSE,"random_tau"
"8675",87,75,10000,TRUE,FALSE,"random_tau"
"8676",87,76,10000,TRUE,FALSE,"random_tau"
"8677",87,77,10000,TRUE,FALSE,"random_tau"
"8678",87,78,10000,TRUE,FALSE,"random_tau"
"8679",87,79,10000,TRUE,FALSE,"random_tau"
"8680",87,80,10000,TRUE,FALSE,"random_tau"
"8681",87,81,10000,TRUE,FALSE,"random_tau"
"8682",87,82,10000,TRUE,FALSE,"random_tau"
"8683",87,83,10000,TRUE,FALSE,"random_tau"
"8684",87,84,10000,TRUE,FALSE,"random_tau"
"8685",87,85,10000,TRUE,FALSE,"random_tau"
"8686",87,86,10000,TRUE,FALSE,"random_tau"
"8687",87,87,10000,TRUE,FALSE,"random_tau"
"8688",87,88,10000,TRUE,FALSE,"random_tau"
"8689",87,89,10000,TRUE,FALSE,"random_tau"
"8690",87,90,10000,TRUE,FALSE,"random_tau"
"8691",87,91,10000,TRUE,FALSE,"random_tau"
"8692",87,92,10000,TRUE,FALSE,"random_tau"
"8693",87,93,10000,TRUE,FALSE,"random_tau"
"8694",87,94,10000,TRUE,FALSE,"random_tau"
"8695",87,95,10000,TRUE,FALSE,"random_tau"
"8696",87,96,10000,TRUE,FALSE,"random_tau"
"8697",87,97,10000,TRUE,FALSE,"random_tau"
"8698",87,98,10000,TRUE,FALSE,"random_tau"
"8699",87,99,10000,TRUE,FALSE,"random_tau"
"8700",87,100,10000,TRUE,FALSE,"random_tau"
"8701",88,1,619,TRUE,FALSE,"random_tau"
"8702",88,2,1124,TRUE,FALSE,"random_tau"
"8703",88,3,1549,TRUE,FALSE,"random_tau"
"8704",88,4,2007,TRUE,FALSE,"random_tau"
"8705",88,5,2522,TRUE,FALSE,"random_tau"
"8706",88,6,3155,TRUE,FALSE,"random_tau"
"8707",88,7,3916,TRUE,FALSE,"random_tau"
"8708",88,8,4823,TRUE,FALSE,"random_tau"
"8709",88,9,5904,TRUE,FALSE,"random_tau"
"8710",88,10,7129,TRUE,FALSE,"random_tau"
"8711",88,11,8375,TRUE,FALSE,"random_tau"
"8712",88,12,9419,TRUE,FALSE,"random_tau"
"8713",88,13,9875,TRUE,FALSE,"random_tau"
"8714",88,14,9983,TRUE,FALSE,"random_tau"
"8715",88,15,9999,TRUE,FALSE,"random_tau"
"8716",88,16,10000,TRUE,FALSE,"random_tau"
"8717",88,17,10000,TRUE,FALSE,"random_tau"
"8718",88,18,10000,TRUE,FALSE,"random_tau"
"8719",88,19,10000,TRUE,FALSE,"random_tau"
"8720",88,20,10000,TRUE,FALSE,"random_tau"
"8721",88,21,10000,TRUE,FALSE,"random_tau"
"8722",88,22,10000,TRUE,FALSE,"random_tau"
"8723",88,23,10000,TRUE,FALSE,"random_tau"
"8724",88,24,10000,TRUE,FALSE,"random_tau"
"8725",88,25,10000,TRUE,FALSE,"random_tau"
"8726",88,26,10000,TRUE,FALSE,"random_tau"
"8727",88,27,10000,TRUE,FALSE,"random_tau"
"8728",88,28,10000,TRUE,FALSE,"random_tau"
"8729",88,29,10000,TRUE,FALSE,"random_tau"
"8730",88,30,10000,TRUE,FALSE,"random_tau"
"8731",88,31,10000,TRUE,FALSE,"random_tau"
"8732",88,32,10000,TRUE,FALSE,"random_tau"
"8733",88,33,10000,TRUE,FALSE,"random_tau"
"8734",88,34,10000,TRUE,FALSE,"random_tau"
"8735",88,35,10000,TRUE,FALSE,"random_tau"
"8736",88,36,10000,TRUE,FALSE,"random_tau"
"8737",88,37,10000,TRUE,FALSE,"random_tau"
"8738",88,38,10000,TRUE,FALSE,"random_tau"
"8739",88,39,10000,TRUE,FALSE,"random_tau"
"8740",88,40,10000,TRUE,FALSE,"random_tau"
"8741",88,41,10000,TRUE,FALSE,"random_tau"
"8742",88,42,10000,TRUE,FALSE,"random_tau"
"8743",88,43,10000,TRUE,FALSE,"random_tau"
"8744",88,44,10000,TRUE,FALSE,"random_tau"
"8745",88,45,10000,TRUE,FALSE,"random_tau"
"8746",88,46,10000,TRUE,FALSE,"random_tau"
"8747",88,47,10000,TRUE,FALSE,"random_tau"
"8748",88,48,10000,TRUE,FALSE,"random_tau"
"8749",88,49,10000,TRUE,FALSE,"random_tau"
"8750",88,50,10000,TRUE,FALSE,"random_tau"
"8751",88,51,10000,TRUE,FALSE,"random_tau"
"8752",88,52,10000,TRUE,FALSE,"random_tau"
"8753",88,53,10000,TRUE,FALSE,"random_tau"
"8754",88,54,10000,TRUE,FALSE,"random_tau"
"8755",88,55,10000,TRUE,FALSE,"random_tau"
"8756",88,56,10000,TRUE,FALSE,"random_tau"
"8757",88,57,10000,TRUE,FALSE,"random_tau"
"8758",88,58,10000,TRUE,FALSE,"random_tau"
"8759",88,59,10000,TRUE,FALSE,"random_tau"
"8760",88,60,10000,TRUE,FALSE,"random_tau"
"8761",88,61,10000,TRUE,FALSE,"random_tau"
"8762",88,62,10000,TRUE,FALSE,"random_tau"
"8763",88,63,10000,TRUE,FALSE,"random_tau"
"8764",88,64,10000,TRUE,FALSE,"random_tau"
"8765",88,65,10000,TRUE,FALSE,"random_tau"
"8766",88,66,10000,TRUE,FALSE,"random_tau"
"8767",88,67,10000,TRUE,FALSE,"random_tau"
"8768",88,68,10000,TRUE,FALSE,"random_tau"
"8769",88,69,10000,TRUE,FALSE,"random_tau"
"8770",88,70,10000,TRUE,FALSE,"random_tau"
"8771",88,71,10000,TRUE,FALSE,"random_tau"
"8772",88,72,10000,TRUE,FALSE,"random_tau"
"8773",88,73,10000,TRUE,FALSE,"random_tau"
"8774",88,74,10000,TRUE,FALSE,"random_tau"
"8775",88,75,10000,TRUE,FALSE,"random_tau"
"8776",88,76,10000,TRUE,FALSE,"random_tau"
"8777",88,77,10000,TRUE,FALSE,"random_tau"
"8778",88,78,10000,TRUE,FALSE,"random_tau"
"8779",88,79,10000,TRUE,FALSE,"random_tau"
"8780",88,80,10000,TRUE,FALSE,"random_tau"
"8781",88,81,10000,TRUE,FALSE,"random_tau"
"8782",88,82,10000,TRUE,FALSE,"random_tau"
"8783",88,83,10000,TRUE,FALSE,"random_tau"
"8784",88,84,10000,TRUE,FALSE,"random_tau"
"8785",88,85,10000,TRUE,FALSE,"random_tau"
"8786",88,86,10000,TRUE,FALSE,"random_tau"
"8787",88,87,10000,TRUE,FALSE,"random_tau"
"8788",88,88,10000,TRUE,FALSE,"random_tau"
"8789",88,89,10000,TRUE,FALSE,"random_tau"
"8790",88,90,10000,TRUE,FALSE,"random_tau"
"8791",88,91,10000,TRUE,FALSE,"random_tau"
"8792",88,92,10000,TRUE,FALSE,"random_tau"
"8793",88,93,10000,TRUE,FALSE,"random_tau"
"8794",88,94,10000,TRUE,FALSE,"random_tau"
"8795",88,95,10000,TRUE,FALSE,"random_tau"
"8796",88,96,10000,TRUE,FALSE,"random_tau"
"8797",88,97,10000,TRUE,FALSE,"random_tau"
"8798",88,98,10000,TRUE,FALSE,"random_tau"
"8799",88,99,10000,TRUE,FALSE,"random_tau"
"8800",88,100,10000,TRUE,FALSE,"random_tau"
"8801",89,1,619,TRUE,FALSE,"random_tau"
"8802",89,2,1111,TRUE,FALSE,"random_tau"
"8803",89,3,1554,TRUE,FALSE,"random_tau"
"8804",89,4,2009,TRUE,FALSE,"random_tau"
"8805",89,5,2523,TRUE,FALSE,"random_tau"
"8806",89,6,3135,TRUE,FALSE,"random_tau"
"8807",89,7,3878,TRUE,FALSE,"random_tau"
"8808",89,8,4816,TRUE,FALSE,"random_tau"
"8809",89,9,5893,TRUE,FALSE,"random_tau"
"8810",89,10,7104,TRUE,FALSE,"random_tau"
"8811",89,11,8326,TRUE,FALSE,"random_tau"
"8812",89,12,9335,TRUE,FALSE,"random_tau"
"8813",89,13,9860,TRUE,FALSE,"random_tau"
"8814",89,14,9985,TRUE,FALSE,"random_tau"
"8815",89,15,9996,TRUE,FALSE,"random_tau"
"8816",89,16,10000,TRUE,FALSE,"random_tau"
"8817",89,17,10000,TRUE,FALSE,"random_tau"
"8818",89,18,10000,TRUE,FALSE,"random_tau"
"8819",89,19,10000,TRUE,FALSE,"random_tau"
"8820",89,20,10000,TRUE,FALSE,"random_tau"
"8821",89,21,10000,TRUE,FALSE,"random_tau"
"8822",89,22,10000,TRUE,FALSE,"random_tau"
"8823",89,23,10000,TRUE,FALSE,"random_tau"
"8824",89,24,10000,TRUE,FALSE,"random_tau"
"8825",89,25,10000,TRUE,FALSE,"random_tau"
"8826",89,26,10000,TRUE,FALSE,"random_tau"
"8827",89,27,10000,TRUE,FALSE,"random_tau"
"8828",89,28,10000,TRUE,FALSE,"random_tau"
"8829",89,29,10000,TRUE,FALSE,"random_tau"
"8830",89,30,10000,TRUE,FALSE,"random_tau"
"8831",89,31,10000,TRUE,FALSE,"random_tau"
"8832",89,32,10000,TRUE,FALSE,"random_tau"
"8833",89,33,10000,TRUE,FALSE,"random_tau"
"8834",89,34,10000,TRUE,FALSE,"random_tau"
"8835",89,35,10000,TRUE,FALSE,"random_tau"
"8836",89,36,10000,TRUE,FALSE,"random_tau"
"8837",89,37,10000,TRUE,FALSE,"random_tau"
"8838",89,38,10000,TRUE,FALSE,"random_tau"
"8839",89,39,10000,TRUE,FALSE,"random_tau"
"8840",89,40,10000,TRUE,FALSE,"random_tau"
"8841",89,41,10000,TRUE,FALSE,"random_tau"
"8842",89,42,10000,TRUE,FALSE,"random_tau"
"8843",89,43,10000,TRUE,FALSE,"random_tau"
"8844",89,44,10000,TRUE,FALSE,"random_tau"
"8845",89,45,10000,TRUE,FALSE,"random_tau"
"8846",89,46,10000,TRUE,FALSE,"random_tau"
"8847",89,47,10000,TRUE,FALSE,"random_tau"
"8848",89,48,10000,TRUE,FALSE,"random_tau"
"8849",89,49,10000,TRUE,FALSE,"random_tau"
"8850",89,50,10000,TRUE,FALSE,"random_tau"
"8851",89,51,10000,TRUE,FALSE,"random_tau"
"8852",89,52,10000,TRUE,FALSE,"random_tau"
"8853",89,53,10000,TRUE,FALSE,"random_tau"
"8854",89,54,10000,TRUE,FALSE,"random_tau"
"8855",89,55,10000,TRUE,FALSE,"random_tau"
"8856",89,56,10000,TRUE,FALSE,"random_tau"
"8857",89,57,10000,TRUE,FALSE,"random_tau"
"8858",89,58,10000,TRUE,FALSE,"random_tau"
"8859",89,59,10000,TRUE,FALSE,"random_tau"
"8860",89,60,10000,TRUE,FALSE,"random_tau"
"8861",89,61,10000,TRUE,FALSE,"random_tau"
"8862",89,62,10000,TRUE,FALSE,"random_tau"
"8863",89,63,10000,TRUE,FALSE,"random_tau"
"8864",89,64,10000,TRUE,FALSE,"random_tau"
"8865",89,65,10000,TRUE,FALSE,"random_tau"
"8866",89,66,10000,TRUE,FALSE,"random_tau"
"8867",89,67,10000,TRUE,FALSE,"random_tau"
"8868",89,68,10000,TRUE,FALSE,"random_tau"
"8869",89,69,10000,TRUE,FALSE,"random_tau"
"8870",89,70,10000,TRUE,FALSE,"random_tau"
"8871",89,71,10000,TRUE,FALSE,"random_tau"
"8872",89,72,10000,TRUE,FALSE,"random_tau"
"8873",89,73,10000,TRUE,FALSE,"random_tau"
"8874",89,74,10000,TRUE,FALSE,"random_tau"
"8875",89,75,10000,TRUE,FALSE,"random_tau"
"8876",89,76,10000,TRUE,FALSE,"random_tau"
"8877",89,77,10000,TRUE,FALSE,"random_tau"
"8878",89,78,10000,TRUE,FALSE,"random_tau"
"8879",89,79,10000,TRUE,FALSE,"random_tau"
"8880",89,80,10000,TRUE,FALSE,"random_tau"
"8881",89,81,10000,TRUE,FALSE,"random_tau"
"8882",89,82,10000,TRUE,FALSE,"random_tau"
"8883",89,83,10000,TRUE,FALSE,"random_tau"
"8884",89,84,10000,TRUE,FALSE,"random_tau"
"8885",89,85,10000,TRUE,FALSE,"random_tau"
"8886",89,86,10000,TRUE,FALSE,"random_tau"
"8887",89,87,10000,TRUE,FALSE,"random_tau"
"8888",89,88,10000,TRUE,FALSE,"random_tau"
"8889",89,89,10000,TRUE,FALSE,"random_tau"
"8890",89,90,10000,TRUE,FALSE,"random_tau"
"8891",89,91,10000,TRUE,FALSE,"random_tau"
"8892",89,92,10000,TRUE,FALSE,"random_tau"
"8893",89,93,10000,TRUE,FALSE,"random_tau"
"8894",89,94,10000,TRUE,FALSE,"random_tau"
"8895",89,95,10000,TRUE,FALSE,"random_tau"
"8896",89,96,10000,TRUE,FALSE,"random_tau"
"8897",89,97,10000,TRUE,FALSE,"random_tau"
"8898",89,98,10000,TRUE,FALSE,"random_tau"
"8899",89,99,10000,TRUE,FALSE,"random_tau"
"8900",89,100,10000,TRUE,FALSE,"random_tau"
"8901",90,1,602,TRUE,FALSE,"random_tau"
"8902",90,2,1066,TRUE,FALSE,"random_tau"
"8903",90,3,1471,TRUE,FALSE,"random_tau"
"8904",90,4,1890,TRUE,FALSE,"random_tau"
"8905",90,5,2366,TRUE,FALSE,"random_tau"
"8906",90,6,2930,TRUE,FALSE,"random_tau"
"8907",90,7,3623,TRUE,FALSE,"random_tau"
"8908",90,8,4495,TRUE,FALSE,"random_tau"
"8909",90,9,5602,TRUE,FALSE,"random_tau"
"8910",90,10,6902,TRUE,FALSE,"random_tau"
"8911",90,11,8171,TRUE,FALSE,"random_tau"
"8912",90,12,9174,TRUE,FALSE,"random_tau"
"8913",90,13,9750,TRUE,FALSE,"random_tau"
"8914",90,14,9960,TRUE,FALSE,"random_tau"
"8915",90,15,9999,TRUE,FALSE,"random_tau"
"8916",90,16,10000,TRUE,FALSE,"random_tau"
"8917",90,17,10000,TRUE,FALSE,"random_tau"
"8918",90,18,10000,TRUE,FALSE,"random_tau"
"8919",90,19,10000,TRUE,FALSE,"random_tau"
"8920",90,20,10000,TRUE,FALSE,"random_tau"
"8921",90,21,10000,TRUE,FALSE,"random_tau"
"8922",90,22,10000,TRUE,FALSE,"random_tau"
"8923",90,23,10000,TRUE,FALSE,"random_tau"
"8924",90,24,10000,TRUE,FALSE,"random_tau"
"8925",90,25,10000,TRUE,FALSE,"random_tau"
"8926",90,26,10000,TRUE,FALSE,"random_tau"
"8927",90,27,10000,TRUE,FALSE,"random_tau"
"8928",90,28,10000,TRUE,FALSE,"random_tau"
"8929",90,29,10000,TRUE,FALSE,"random_tau"
"8930",90,30,10000,TRUE,FALSE,"random_tau"
"8931",90,31,10000,TRUE,FALSE,"random_tau"
"8932",90,32,10000,TRUE,FALSE,"random_tau"
"8933",90,33,10000,TRUE,FALSE,"random_tau"
"8934",90,34,10000,TRUE,FALSE,"random_tau"
"8935",90,35,10000,TRUE,FALSE,"random_tau"
"8936",90,36,10000,TRUE,FALSE,"random_tau"
"8937",90,37,10000,TRUE,FALSE,"random_tau"
"8938",90,38,10000,TRUE,FALSE,"random_tau"
"8939",90,39,10000,TRUE,FALSE,"random_tau"
"8940",90,40,10000,TRUE,FALSE,"random_tau"
"8941",90,41,10000,TRUE,FALSE,"random_tau"
"8942",90,42,10000,TRUE,FALSE,"random_tau"
"8943",90,43,10000,TRUE,FALSE,"random_tau"
"8944",90,44,10000,TRUE,FALSE,"random_tau"
"8945",90,45,10000,TRUE,FALSE,"random_tau"
"8946",90,46,10000,TRUE,FALSE,"random_tau"
"8947",90,47,10000,TRUE,FALSE,"random_tau"
"8948",90,48,10000,TRUE,FALSE,"random_tau"
"8949",90,49,10000,TRUE,FALSE,"random_tau"
"8950",90,50,10000,TRUE,FALSE,"random_tau"
"8951",90,51,10000,TRUE,FALSE,"random_tau"
"8952",90,52,10000,TRUE,FALSE,"random_tau"
"8953",90,53,10000,TRUE,FALSE,"random_tau"
"8954",90,54,10000,TRUE,FALSE,"random_tau"
"8955",90,55,10000,TRUE,FALSE,"random_tau"
"8956",90,56,10000,TRUE,FALSE,"random_tau"
"8957",90,57,10000,TRUE,FALSE,"random_tau"
"8958",90,58,10000,TRUE,FALSE,"random_tau"
"8959",90,59,10000,TRUE,FALSE,"random_tau"
"8960",90,60,10000,TRUE,FALSE,"random_tau"
"8961",90,61,10000,TRUE,FALSE,"random_tau"
"8962",90,62,10000,TRUE,FALSE,"random_tau"
"8963",90,63,10000,TRUE,FALSE,"random_tau"
"8964",90,64,10000,TRUE,FALSE,"random_tau"
"8965",90,65,10000,TRUE,FALSE,"random_tau"
"8966",90,66,10000,TRUE,FALSE,"random_tau"
"8967",90,67,10000,TRUE,FALSE,"random_tau"
"8968",90,68,10000,TRUE,FALSE,"random_tau"
"8969",90,69,10000,TRUE,FALSE,"random_tau"
"8970",90,70,10000,TRUE,FALSE,"random_tau"
"8971",90,71,10000,TRUE,FALSE,"random_tau"
"8972",90,72,10000,TRUE,FALSE,"random_tau"
"8973",90,73,10000,TRUE,FALSE,"random_tau"
"8974",90,74,10000,TRUE,FALSE,"random_tau"
"8975",90,75,10000,TRUE,FALSE,"random_tau"
"8976",90,76,10000,TRUE,FALSE,"random_tau"
"8977",90,77,10000,TRUE,FALSE,"random_tau"
"8978",90,78,10000,TRUE,FALSE,"random_tau"
"8979",90,79,10000,TRUE,FALSE,"random_tau"
"8980",90,80,10000,TRUE,FALSE,"random_tau"
"8981",90,81,10000,TRUE,FALSE,"random_tau"
"8982",90,82,10000,TRUE,FALSE,"random_tau"
"8983",90,83,10000,TRUE,FALSE,"random_tau"
"8984",90,84,10000,TRUE,FALSE,"random_tau"
"8985",90,85,10000,TRUE,FALSE,"random_tau"
"8986",90,86,10000,TRUE,FALSE,"random_tau"
"8987",90,87,10000,TRUE,FALSE,"random_tau"
"8988",90,88,10000,TRUE,FALSE,"random_tau"
"8989",90,89,10000,TRUE,FALSE,"random_tau"
"8990",90,90,10000,TRUE,FALSE,"random_tau"
"8991",90,91,10000,TRUE,FALSE,"random_tau"
"8992",90,92,10000,TRUE,FALSE,"random_tau"
"8993",90,93,10000,TRUE,FALSE,"random_tau"
"8994",90,94,10000,TRUE,FALSE,"random_tau"
"8995",90,95,10000,TRUE,FALSE,"random_tau"
"8996",90,96,10000,TRUE,FALSE,"random_tau"
"8997",90,97,10000,TRUE,FALSE,"random_tau"
"8998",90,98,10000,TRUE,FALSE,"random_tau"
"8999",90,99,10000,TRUE,FALSE,"random_tau"
"9000",90,100,10000,TRUE,FALSE,"random_tau"
"9001",91,1,627,TRUE,FALSE,"random_tau"
"9002",91,2,1198,TRUE,FALSE,"random_tau"
"9003",91,3,1696,TRUE,FALSE,"random_tau"
"9004",91,4,2244,TRUE,FALSE,"random_tau"
"9005",91,5,2934,TRUE,FALSE,"random_tau"
"9006",91,6,3721,TRUE,FALSE,"random_tau"
"9007",91,7,4692,TRUE,FALSE,"random_tau"
"9008",91,8,5895,TRUE,FALSE,"random_tau"
"9009",91,9,7259,TRUE,FALSE,"random_tau"
"9010",91,10,8518,TRUE,FALSE,"random_tau"
"9011",91,11,9375,TRUE,FALSE,"random_tau"
"9012",91,12,9817,TRUE,FALSE,"random_tau"
"9013",91,13,9964,TRUE,FALSE,"random_tau"
"9014",91,14,9997,TRUE,FALSE,"random_tau"
"9015",91,15,10000,TRUE,FALSE,"random_tau"
"9016",91,16,10000,TRUE,FALSE,"random_tau"
"9017",91,17,10000,TRUE,FALSE,"random_tau"
"9018",91,18,10000,TRUE,FALSE,"random_tau"
"9019",91,19,10000,TRUE,FALSE,"random_tau"
"9020",91,20,10000,TRUE,FALSE,"random_tau"
"9021",91,21,10000,TRUE,FALSE,"random_tau"
"9022",91,22,10000,TRUE,FALSE,"random_tau"
"9023",91,23,10000,TRUE,FALSE,"random_tau"
"9024",91,24,10000,TRUE,FALSE,"random_tau"
"9025",91,25,10000,TRUE,FALSE,"random_tau"
"9026",91,26,10000,TRUE,FALSE,"random_tau"
"9027",91,27,10000,TRUE,FALSE,"random_tau"
"9028",91,28,10000,TRUE,FALSE,"random_tau"
"9029",91,29,10000,TRUE,FALSE,"random_tau"
"9030",91,30,10000,TRUE,FALSE,"random_tau"
"9031",91,31,10000,TRUE,FALSE,"random_tau"
"9032",91,32,10000,TRUE,FALSE,"random_tau"
"9033",91,33,10000,TRUE,FALSE,"random_tau"
"9034",91,34,10000,TRUE,FALSE,"random_tau"
"9035",91,35,10000,TRUE,FALSE,"random_tau"
"9036",91,36,10000,TRUE,FALSE,"random_tau"
"9037",91,37,10000,TRUE,FALSE,"random_tau"
"9038",91,38,10000,TRUE,FALSE,"random_tau"
"9039",91,39,10000,TRUE,FALSE,"random_tau"
"9040",91,40,10000,TRUE,FALSE,"random_tau"
"9041",91,41,10000,TRUE,FALSE,"random_tau"
"9042",91,42,10000,TRUE,FALSE,"random_tau"
"9043",91,43,10000,TRUE,FALSE,"random_tau"
"9044",91,44,10000,TRUE,FALSE,"random_tau"
"9045",91,45,10000,TRUE,FALSE,"random_tau"
"9046",91,46,10000,TRUE,FALSE,"random_tau"
"9047",91,47,10000,TRUE,FALSE,"random_tau"
"9048",91,48,10000,TRUE,FALSE,"random_tau"
"9049",91,49,10000,TRUE,FALSE,"random_tau"
"9050",91,50,10000,TRUE,FALSE,"random_tau"
"9051",91,51,10000,TRUE,FALSE,"random_tau"
"9052",91,52,10000,TRUE,FALSE,"random_tau"
"9053",91,53,10000,TRUE,FALSE,"random_tau"
"9054",91,54,10000,TRUE,FALSE,"random_tau"
"9055",91,55,10000,TRUE,FALSE,"random_tau"
"9056",91,56,10000,TRUE,FALSE,"random_tau"
"9057",91,57,10000,TRUE,FALSE,"random_tau"
"9058",91,58,10000,TRUE,FALSE,"random_tau"
"9059",91,59,10000,TRUE,FALSE,"random_tau"
"9060",91,60,10000,TRUE,FALSE,"random_tau"
"9061",91,61,10000,TRUE,FALSE,"random_tau"
"9062",91,62,10000,TRUE,FALSE,"random_tau"
"9063",91,63,10000,TRUE,FALSE,"random_tau"
"9064",91,64,10000,TRUE,FALSE,"random_tau"
"9065",91,65,10000,TRUE,FALSE,"random_tau"
"9066",91,66,10000,TRUE,FALSE,"random_tau"
"9067",91,67,10000,TRUE,FALSE,"random_tau"
"9068",91,68,10000,TRUE,FALSE,"random_tau"
"9069",91,69,10000,TRUE,FALSE,"random_tau"
"9070",91,70,10000,TRUE,FALSE,"random_tau"
"9071",91,71,10000,TRUE,FALSE,"random_tau"
"9072",91,72,10000,TRUE,FALSE,"random_tau"
"9073",91,73,10000,TRUE,FALSE,"random_tau"
"9074",91,74,10000,TRUE,FALSE,"random_tau"
"9075",91,75,10000,TRUE,FALSE,"random_tau"
"9076",91,76,10000,TRUE,FALSE,"random_tau"
"9077",91,77,10000,TRUE,FALSE,"random_tau"
"9078",91,78,10000,TRUE,FALSE,"random_tau"
"9079",91,79,10000,TRUE,FALSE,"random_tau"
"9080",91,80,10000,TRUE,FALSE,"random_tau"
"9081",91,81,10000,TRUE,FALSE,"random_tau"
"9082",91,82,10000,TRUE,FALSE,"random_tau"
"9083",91,83,10000,TRUE,FALSE,"random_tau"
"9084",91,84,10000,TRUE,FALSE,"random_tau"
"9085",91,85,10000,TRUE,FALSE,"random_tau"
"9086",91,86,10000,TRUE,FALSE,"random_tau"
"9087",91,87,10000,TRUE,FALSE,"random_tau"
"9088",91,88,10000,TRUE,FALSE,"random_tau"
"9089",91,89,10000,TRUE,FALSE,"random_tau"
"9090",91,90,10000,TRUE,FALSE,"random_tau"
"9091",91,91,10000,TRUE,FALSE,"random_tau"
"9092",91,92,10000,TRUE,FALSE,"random_tau"
"9093",91,93,10000,TRUE,FALSE,"random_tau"
"9094",91,94,10000,TRUE,FALSE,"random_tau"
"9095",91,95,10000,TRUE,FALSE,"random_tau"
"9096",91,96,10000,TRUE,FALSE,"random_tau"
"9097",91,97,10000,TRUE,FALSE,"random_tau"
"9098",91,98,10000,TRUE,FALSE,"random_tau"
"9099",91,99,10000,TRUE,FALSE,"random_tau"
"9100",91,100,10000,TRUE,FALSE,"random_tau"
"9101",92,1,622,TRUE,FALSE,"random_tau"
"9102",92,2,1134,TRUE,FALSE,"random_tau"
"9103",92,3,1640,TRUE,FALSE,"random_tau"
"9104",92,4,2152,TRUE,FALSE,"random_tau"
"9105",92,5,2754,TRUE,FALSE,"random_tau"
"9106",92,6,3454,TRUE,FALSE,"random_tau"
"9107",92,7,4306,TRUE,FALSE,"random_tau"
"9108",92,8,5386,TRUE,FALSE,"random_tau"
"9109",92,9,6648,TRUE,FALSE,"random_tau"
"9110",92,10,7975,TRUE,FALSE,"random_tau"
"9111",92,11,9074,TRUE,FALSE,"random_tau"
"9112",92,12,9716,TRUE,FALSE,"random_tau"
"9113",92,13,9960,TRUE,FALSE,"random_tau"
"9114",92,14,10000,TRUE,FALSE,"random_tau"
"9115",92,15,10000,TRUE,FALSE,"random_tau"
"9116",92,16,10000,TRUE,FALSE,"random_tau"
"9117",92,17,10000,TRUE,FALSE,"random_tau"
"9118",92,18,10000,TRUE,FALSE,"random_tau"
"9119",92,19,10000,TRUE,FALSE,"random_tau"
"9120",92,20,10000,TRUE,FALSE,"random_tau"
"9121",92,21,10000,TRUE,FALSE,"random_tau"
"9122",92,22,10000,TRUE,FALSE,"random_tau"
"9123",92,23,10000,TRUE,FALSE,"random_tau"
"9124",92,24,10000,TRUE,FALSE,"random_tau"
"9125",92,25,10000,TRUE,FALSE,"random_tau"
"9126",92,26,10000,TRUE,FALSE,"random_tau"
"9127",92,27,10000,TRUE,FALSE,"random_tau"
"9128",92,28,10000,TRUE,FALSE,"random_tau"
"9129",92,29,10000,TRUE,FALSE,"random_tau"
"9130",92,30,10000,TRUE,FALSE,"random_tau"
"9131",92,31,10000,TRUE,FALSE,"random_tau"
"9132",92,32,10000,TRUE,FALSE,"random_tau"
"9133",92,33,10000,TRUE,FALSE,"random_tau"
"9134",92,34,10000,TRUE,FALSE,"random_tau"
"9135",92,35,10000,TRUE,FALSE,"random_tau"
"9136",92,36,10000,TRUE,FALSE,"random_tau"
"9137",92,37,10000,TRUE,FALSE,"random_tau"
"9138",92,38,10000,TRUE,FALSE,"random_tau"
"9139",92,39,10000,TRUE,FALSE,"random_tau"
"9140",92,40,10000,TRUE,FALSE,"random_tau"
"9141",92,41,10000,TRUE,FALSE,"random_tau"
"9142",92,42,10000,TRUE,FALSE,"random_tau"
"9143",92,43,10000,TRUE,FALSE,"random_tau"
"9144",92,44,10000,TRUE,FALSE,"random_tau"
"9145",92,45,10000,TRUE,FALSE,"random_tau"
"9146",92,46,10000,TRUE,FALSE,"random_tau"
"9147",92,47,10000,TRUE,FALSE,"random_tau"
"9148",92,48,10000,TRUE,FALSE,"random_tau"
"9149",92,49,10000,TRUE,FALSE,"random_tau"
"9150",92,50,10000,TRUE,FALSE,"random_tau"
"9151",92,51,10000,TRUE,FALSE,"random_tau"
"9152",92,52,10000,TRUE,FALSE,"random_tau"
"9153",92,53,10000,TRUE,FALSE,"random_tau"
"9154",92,54,10000,TRUE,FALSE,"random_tau"
"9155",92,55,10000,TRUE,FALSE,"random_tau"
"9156",92,56,10000,TRUE,FALSE,"random_tau"
"9157",92,57,10000,TRUE,FALSE,"random_tau"
"9158",92,58,10000,TRUE,FALSE,"random_tau"
"9159",92,59,10000,TRUE,FALSE,"random_tau"
"9160",92,60,10000,TRUE,FALSE,"random_tau"
"9161",92,61,10000,TRUE,FALSE,"random_tau"
"9162",92,62,10000,TRUE,FALSE,"random_tau"
"9163",92,63,10000,TRUE,FALSE,"random_tau"
"9164",92,64,10000,TRUE,FALSE,"random_tau"
"9165",92,65,10000,TRUE,FALSE,"random_tau"
"9166",92,66,10000,TRUE,FALSE,"random_tau"
"9167",92,67,10000,TRUE,FALSE,"random_tau"
"9168",92,68,10000,TRUE,FALSE,"random_tau"
"9169",92,69,10000,TRUE,FALSE,"random_tau"
"9170",92,70,10000,TRUE,FALSE,"random_tau"
"9171",92,71,10000,TRUE,FALSE,"random_tau"
"9172",92,72,10000,TRUE,FALSE,"random_tau"
"9173",92,73,10000,TRUE,FALSE,"random_tau"
"9174",92,74,10000,TRUE,FALSE,"random_tau"
"9175",92,75,10000,TRUE,FALSE,"random_tau"
"9176",92,76,10000,TRUE,FALSE,"random_tau"
"9177",92,77,10000,TRUE,FALSE,"random_tau"
"9178",92,78,10000,TRUE,FALSE,"random_tau"
"9179",92,79,10000,TRUE,FALSE,"random_tau"
"9180",92,80,10000,TRUE,FALSE,"random_tau"
"9181",92,81,10000,TRUE,FALSE,"random_tau"
"9182",92,82,10000,TRUE,FALSE,"random_tau"
"9183",92,83,10000,TRUE,FALSE,"random_tau"
"9184",92,84,10000,TRUE,FALSE,"random_tau"
"9185",92,85,10000,TRUE,FALSE,"random_tau"
"9186",92,86,10000,TRUE,FALSE,"random_tau"
"9187",92,87,10000,TRUE,FALSE,"random_tau"
"9188",92,88,10000,TRUE,FALSE,"random_tau"
"9189",92,89,10000,TRUE,FALSE,"random_tau"
"9190",92,90,10000,TRUE,FALSE,"random_tau"
"9191",92,91,10000,TRUE,FALSE,"random_tau"
"9192",92,92,10000,TRUE,FALSE,"random_tau"
"9193",92,93,10000,TRUE,FALSE,"random_tau"
"9194",92,94,10000,TRUE,FALSE,"random_tau"
"9195",92,95,10000,TRUE,FALSE,"random_tau"
"9196",92,96,10000,TRUE,FALSE,"random_tau"
"9197",92,97,10000,TRUE,FALSE,"random_tau"
"9198",92,98,10000,TRUE,FALSE,"random_tau"
"9199",92,99,10000,TRUE,FALSE,"random_tau"
"9200",92,100,10000,TRUE,FALSE,"random_tau"
"9201",93,1,615,TRUE,FALSE,"random_tau"
"9202",93,2,1151,TRUE,FALSE,"random_tau"
"9203",93,3,1620,TRUE,FALSE,"random_tau"
"9204",93,4,2106,TRUE,FALSE,"random_tau"
"9205",93,5,2658,TRUE,FALSE,"random_tau"
"9206",93,6,3307,TRUE,FALSE,"random_tau"
"9207",93,7,4104,TRUE,FALSE,"random_tau"
"9208",93,8,5117,TRUE,FALSE,"random_tau"
"9209",93,9,6281,TRUE,FALSE,"random_tau"
"9210",93,10,7544,TRUE,FALSE,"random_tau"
"9211",93,11,8742,TRUE,FALSE,"random_tau"
"9212",93,12,9581,TRUE,FALSE,"random_tau"
"9213",93,13,9928,TRUE,FALSE,"random_tau"
"9214",93,14,9994,TRUE,FALSE,"random_tau"
"9215",93,15,10000,TRUE,FALSE,"random_tau"
"9216",93,16,10000,TRUE,FALSE,"random_tau"
"9217",93,17,10000,TRUE,FALSE,"random_tau"
"9218",93,18,10000,TRUE,FALSE,"random_tau"
"9219",93,19,10000,TRUE,FALSE,"random_tau"
"9220",93,20,10000,TRUE,FALSE,"random_tau"
"9221",93,21,10000,TRUE,FALSE,"random_tau"
"9222",93,22,10000,TRUE,FALSE,"random_tau"
"9223",93,23,10000,TRUE,FALSE,"random_tau"
"9224",93,24,10000,TRUE,FALSE,"random_tau"
"9225",93,25,10000,TRUE,FALSE,"random_tau"
"9226",93,26,10000,TRUE,FALSE,"random_tau"
"9227",93,27,10000,TRUE,FALSE,"random_tau"
"9228",93,28,10000,TRUE,FALSE,"random_tau"
"9229",93,29,10000,TRUE,FALSE,"random_tau"
"9230",93,30,10000,TRUE,FALSE,"random_tau"
"9231",93,31,10000,TRUE,FALSE,"random_tau"
"9232",93,32,10000,TRUE,FALSE,"random_tau"
"9233",93,33,10000,TRUE,FALSE,"random_tau"
"9234",93,34,10000,TRUE,FALSE,"random_tau"
"9235",93,35,10000,TRUE,FALSE,"random_tau"
"9236",93,36,10000,TRUE,FALSE,"random_tau"
"9237",93,37,10000,TRUE,FALSE,"random_tau"
"9238",93,38,10000,TRUE,FALSE,"random_tau"
"9239",93,39,10000,TRUE,FALSE,"random_tau"
"9240",93,40,10000,TRUE,FALSE,"random_tau"
"9241",93,41,10000,TRUE,FALSE,"random_tau"
"9242",93,42,10000,TRUE,FALSE,"random_tau"
"9243",93,43,10000,TRUE,FALSE,"random_tau"
"9244",93,44,10000,TRUE,FALSE,"random_tau"
"9245",93,45,10000,TRUE,FALSE,"random_tau"
"9246",93,46,10000,TRUE,FALSE,"random_tau"
"9247",93,47,10000,TRUE,FALSE,"random_tau"
"9248",93,48,10000,TRUE,FALSE,"random_tau"
"9249",93,49,10000,TRUE,FALSE,"random_tau"
"9250",93,50,10000,TRUE,FALSE,"random_tau"
"9251",93,51,10000,TRUE,FALSE,"random_tau"
"9252",93,52,10000,TRUE,FALSE,"random_tau"
"9253",93,53,10000,TRUE,FALSE,"random_tau"
"9254",93,54,10000,TRUE,FALSE,"random_tau"
"9255",93,55,10000,TRUE,FALSE,"random_tau"
"9256",93,56,10000,TRUE,FALSE,"random_tau"
"9257",93,57,10000,TRUE,FALSE,"random_tau"
"9258",93,58,10000,TRUE,FALSE,"random_tau"
"9259",93,59,10000,TRUE,FALSE,"random_tau"
"9260",93,60,10000,TRUE,FALSE,"random_tau"
"9261",93,61,10000,TRUE,FALSE,"random_tau"
"9262",93,62,10000,TRUE,FALSE,"random_tau"
"9263",93,63,10000,TRUE,FALSE,"random_tau"
"9264",93,64,10000,TRUE,FALSE,"random_tau"
"9265",93,65,10000,TRUE,FALSE,"random_tau"
"9266",93,66,10000,TRUE,FALSE,"random_tau"
"9267",93,67,10000,TRUE,FALSE,"random_tau"
"9268",93,68,10000,TRUE,FALSE,"random_tau"
"9269",93,69,10000,TRUE,FALSE,"random_tau"
"9270",93,70,10000,TRUE,FALSE,"random_tau"
"9271",93,71,10000,TRUE,FALSE,"random_tau"
"9272",93,72,10000,TRUE,FALSE,"random_tau"
"9273",93,73,10000,TRUE,FALSE,"random_tau"
"9274",93,74,10000,TRUE,FALSE,"random_tau"
"9275",93,75,10000,TRUE,FALSE,"random_tau"
"9276",93,76,10000,TRUE,FALSE,"random_tau"
"9277",93,77,10000,TRUE,FALSE,"random_tau"
"9278",93,78,10000,TRUE,FALSE,"random_tau"
"9279",93,79,10000,TRUE,FALSE,"random_tau"
"9280",93,80,10000,TRUE,FALSE,"random_tau"
"9281",93,81,10000,TRUE,FALSE,"random_tau"
"9282",93,82,10000,TRUE,FALSE,"random_tau"
"9283",93,83,10000,TRUE,FALSE,"random_tau"
"9284",93,84,10000,TRUE,FALSE,"random_tau"
"9285",93,85,10000,TRUE,FALSE,"random_tau"
"9286",93,86,10000,TRUE,FALSE,"random_tau"
"9287",93,87,10000,TRUE,FALSE,"random_tau"
"9288",93,88,10000,TRUE,FALSE,"random_tau"
"9289",93,89,10000,TRUE,FALSE,"random_tau"
"9290",93,90,10000,TRUE,FALSE,"random_tau"
"9291",93,91,10000,TRUE,FALSE,"random_tau"
"9292",93,92,10000,TRUE,FALSE,"random_tau"
"9293",93,93,10000,TRUE,FALSE,"random_tau"
"9294",93,94,10000,TRUE,FALSE,"random_tau"
"9295",93,95,10000,TRUE,FALSE,"random_tau"
"9296",93,96,10000,TRUE,FALSE,"random_tau"
"9297",93,97,10000,TRUE,FALSE,"random_tau"
"9298",93,98,10000,TRUE,FALSE,"random_tau"
"9299",93,99,10000,TRUE,FALSE,"random_tau"
"9300",93,100,10000,TRUE,FALSE,"random_tau"
"9301",94,1,628,TRUE,FALSE,"random_tau"
"9302",94,2,1167,TRUE,FALSE,"random_tau"
"9303",94,3,1650,TRUE,FALSE,"random_tau"
"9304",94,4,2158,TRUE,FALSE,"random_tau"
"9305",94,5,2756,TRUE,FALSE,"random_tau"
"9306",94,6,3449,TRUE,FALSE,"random_tau"
"9307",94,7,4324,TRUE,FALSE,"random_tau"
"9308",94,8,5361,TRUE,FALSE,"random_tau"
"9309",94,9,6550,TRUE,FALSE,"random_tau"
"9310",94,10,7867,TRUE,FALSE,"random_tau"
"9311",94,11,9060,TRUE,FALSE,"random_tau"
"9312",94,12,9758,TRUE,FALSE,"random_tau"
"9313",94,13,9969,TRUE,FALSE,"random_tau"
"9314",94,14,9997,TRUE,FALSE,"random_tau"
"9315",94,15,9999,TRUE,FALSE,"random_tau"
"9316",94,16,10000,TRUE,FALSE,"random_tau"
"9317",94,17,10000,TRUE,FALSE,"random_tau"
"9318",94,18,10000,TRUE,FALSE,"random_tau"
"9319",94,19,10000,TRUE,FALSE,"random_tau"
"9320",94,20,10000,TRUE,FALSE,"random_tau"
"9321",94,21,10000,TRUE,FALSE,"random_tau"
"9322",94,22,10000,TRUE,FALSE,"random_tau"
"9323",94,23,10000,TRUE,FALSE,"random_tau"
"9324",94,24,10000,TRUE,FALSE,"random_tau"
"9325",94,25,10000,TRUE,FALSE,"random_tau"
"9326",94,26,10000,TRUE,FALSE,"random_tau"
"9327",94,27,10000,TRUE,FALSE,"random_tau"
"9328",94,28,10000,TRUE,FALSE,"random_tau"
"9329",94,29,10000,TRUE,FALSE,"random_tau"
"9330",94,30,10000,TRUE,FALSE,"random_tau"
"9331",94,31,10000,TRUE,FALSE,"random_tau"
"9332",94,32,10000,TRUE,FALSE,"random_tau"
"9333",94,33,10000,TRUE,FALSE,"random_tau"
"9334",94,34,10000,TRUE,FALSE,"random_tau"
"9335",94,35,10000,TRUE,FALSE,"random_tau"
"9336",94,36,10000,TRUE,FALSE,"random_tau"
"9337",94,37,10000,TRUE,FALSE,"random_tau"
"9338",94,38,10000,TRUE,FALSE,"random_tau"
"9339",94,39,10000,TRUE,FALSE,"random_tau"
"9340",94,40,10000,TRUE,FALSE,"random_tau"
"9341",94,41,10000,TRUE,FALSE,"random_tau"
"9342",94,42,10000,TRUE,FALSE,"random_tau"
"9343",94,43,10000,TRUE,FALSE,"random_tau"
"9344",94,44,10000,TRUE,FALSE,"random_tau"
"9345",94,45,10000,TRUE,FALSE,"random_tau"
"9346",94,46,10000,TRUE,FALSE,"random_tau"
"9347",94,47,10000,TRUE,FALSE,"random_tau"
"9348",94,48,10000,TRUE,FALSE,"random_tau"
"9349",94,49,10000,TRUE,FALSE,"random_tau"
"9350",94,50,10000,TRUE,FALSE,"random_tau"
"9351",94,51,10000,TRUE,FALSE,"random_tau"
"9352",94,52,10000,TRUE,FALSE,"random_tau"
"9353",94,53,10000,TRUE,FALSE,"random_tau"
"9354",94,54,10000,TRUE,FALSE,"random_tau"
"9355",94,55,10000,TRUE,FALSE,"random_tau"
"9356",94,56,10000,TRUE,FALSE,"random_tau"
"9357",94,57,10000,TRUE,FALSE,"random_tau"
"9358",94,58,10000,TRUE,FALSE,"random_tau"
"9359",94,59,10000,TRUE,FALSE,"random_tau"
"9360",94,60,10000,TRUE,FALSE,"random_tau"
"9361",94,61,10000,TRUE,FALSE,"random_tau"
"9362",94,62,10000,TRUE,FALSE,"random_tau"
"9363",94,63,10000,TRUE,FALSE,"random_tau"
"9364",94,64,10000,TRUE,FALSE,"random_tau"
"9365",94,65,10000,TRUE,FALSE,"random_tau"
"9366",94,66,10000,TRUE,FALSE,"random_tau"
"9367",94,67,10000,TRUE,FALSE,"random_tau"
"9368",94,68,10000,TRUE,FALSE,"random_tau"
"9369",94,69,10000,TRUE,FALSE,"random_tau"
"9370",94,70,10000,TRUE,FALSE,"random_tau"
"9371",94,71,10000,TRUE,FALSE,"random_tau"
"9372",94,72,10000,TRUE,FALSE,"random_tau"
"9373",94,73,10000,TRUE,FALSE,"random_tau"
"9374",94,74,10000,TRUE,FALSE,"random_tau"
"9375",94,75,10000,TRUE,FALSE,"random_tau"
"9376",94,76,10000,TRUE,FALSE,"random_tau"
"9377",94,77,10000,TRUE,FALSE,"random_tau"
"9378",94,78,10000,TRUE,FALSE,"random_tau"
"9379",94,79,10000,TRUE,FALSE,"random_tau"
"9380",94,80,10000,TRUE,FALSE,"random_tau"
"9381",94,81,10000,TRUE,FALSE,"random_tau"
"9382",94,82,10000,TRUE,FALSE,"random_tau"
"9383",94,83,10000,TRUE,FALSE,"random_tau"
"9384",94,84,10000,TRUE,FALSE,"random_tau"
"9385",94,85,10000,TRUE,FALSE,"random_tau"
"9386",94,86,10000,TRUE,FALSE,"random_tau"
"9387",94,87,10000,TRUE,FALSE,"random_tau"
"9388",94,88,10000,TRUE,FALSE,"random_tau"
"9389",94,89,10000,TRUE,FALSE,"random_tau"
"9390",94,90,10000,TRUE,FALSE,"random_tau"
"9391",94,91,10000,TRUE,FALSE,"random_tau"
"9392",94,92,10000,TRUE,FALSE,"random_tau"
"9393",94,93,10000,TRUE,FALSE,"random_tau"
"9394",94,94,10000,TRUE,FALSE,"random_tau"
"9395",94,95,10000,TRUE,FALSE,"random_tau"
"9396",94,96,10000,TRUE,FALSE,"random_tau"
"9397",94,97,10000,TRUE,FALSE,"random_tau"
"9398",94,98,10000,TRUE,FALSE,"random_tau"
"9399",94,99,10000,TRUE,FALSE,"random_tau"
"9400",94,100,10000,TRUE,FALSE,"random_tau"
"9401",95,1,640,TRUE,FALSE,"random_tau"
"9402",95,2,1129,TRUE,FALSE,"random_tau"
"9403",95,3,1544,TRUE,FALSE,"random_tau"
"9404",95,4,2013,TRUE,FALSE,"random_tau"
"9405",95,5,2551,TRUE,FALSE,"random_tau"
"9406",95,6,3221,TRUE,FALSE,"random_tau"
"9407",95,7,4038,TRUE,FALSE,"random_tau"
"9408",95,8,5068,TRUE,FALSE,"random_tau"
"9409",95,9,6323,TRUE,FALSE,"random_tau"
"9410",95,10,7654,TRUE,FALSE,"random_tau"
"9411",95,11,8856,TRUE,FALSE,"random_tau"
"9412",95,12,9661,TRUE,FALSE,"random_tau"
"9413",95,13,9948,TRUE,FALSE,"random_tau"
"9414",95,14,9994,TRUE,FALSE,"random_tau"
"9415",95,15,9999,TRUE,FALSE,"random_tau"
"9416",95,16,9999,TRUE,FALSE,"random_tau"
"9417",95,17,9999,TRUE,FALSE,"random_tau"
"9418",95,18,9999,TRUE,FALSE,"random_tau"
"9419",95,19,9999,TRUE,FALSE,"random_tau"
"9420",95,20,9999,TRUE,FALSE,"random_tau"
"9421",95,21,9999,TRUE,FALSE,"random_tau"
"9422",95,22,9999,TRUE,FALSE,"random_tau"
"9423",95,23,9999,TRUE,FALSE,"random_tau"
"9424",95,24,9999,TRUE,FALSE,"random_tau"
"9425",95,25,9999,TRUE,FALSE,"random_tau"
"9426",95,26,9999,TRUE,FALSE,"random_tau"
"9427",95,27,9999,TRUE,FALSE,"random_tau"
"9428",95,28,9999,TRUE,FALSE,"random_tau"
"9429",95,29,9999,TRUE,FALSE,"random_tau"
"9430",95,30,9999,TRUE,FALSE,"random_tau"
"9431",95,31,9999,TRUE,FALSE,"random_tau"
"9432",95,32,9999,TRUE,FALSE,"random_tau"
"9433",95,33,9999,TRUE,FALSE,"random_tau"
"9434",95,34,9999,TRUE,FALSE,"random_tau"
"9435",95,35,9999,TRUE,FALSE,"random_tau"
"9436",95,36,9999,TRUE,FALSE,"random_tau"
"9437",95,37,9999,TRUE,FALSE,"random_tau"
"9438",95,38,9999,TRUE,FALSE,"random_tau"
"9439",95,39,9999,TRUE,FALSE,"random_tau"
"9440",95,40,9999,TRUE,FALSE,"random_tau"
"9441",95,41,9999,TRUE,FALSE,"random_tau"
"9442",95,42,9999,TRUE,FALSE,"random_tau"
"9443",95,43,9999,TRUE,FALSE,"random_tau"
"9444",95,44,9999,TRUE,FALSE,"random_tau"
"9445",95,45,9999,TRUE,FALSE,"random_tau"
"9446",95,46,9999,TRUE,FALSE,"random_tau"
"9447",95,47,9999,TRUE,FALSE,"random_tau"
"9448",95,48,9999,TRUE,FALSE,"random_tau"
"9449",95,49,9999,TRUE,FALSE,"random_tau"
"9450",95,50,9999,TRUE,FALSE,"random_tau"
"9451",95,51,9999,TRUE,FALSE,"random_tau"
"9452",95,52,9999,TRUE,FALSE,"random_tau"
"9453",95,53,9999,TRUE,FALSE,"random_tau"
"9454",95,54,9999,TRUE,FALSE,"random_tau"
"9455",95,55,9999,TRUE,FALSE,"random_tau"
"9456",95,56,9999,TRUE,FALSE,"random_tau"
"9457",95,57,9999,TRUE,FALSE,"random_tau"
"9458",95,58,9999,TRUE,FALSE,"random_tau"
"9459",95,59,9999,TRUE,FALSE,"random_tau"
"9460",95,60,9999,TRUE,FALSE,"random_tau"
"9461",95,61,9999,TRUE,FALSE,"random_tau"
"9462",95,62,9999,TRUE,FALSE,"random_tau"
"9463",95,63,9999,TRUE,FALSE,"random_tau"
"9464",95,64,9999,TRUE,FALSE,"random_tau"
"9465",95,65,9999,TRUE,FALSE,"random_tau"
"9466",95,66,9999,TRUE,FALSE,"random_tau"
"9467",95,67,9999,TRUE,FALSE,"random_tau"
"9468",95,68,9999,TRUE,FALSE,"random_tau"
"9469",95,69,9999,TRUE,FALSE,"random_tau"
"9470",95,70,9999,TRUE,FALSE,"random_tau"
"9471",95,71,9999,TRUE,FALSE,"random_tau"
"9472",95,72,9999,TRUE,FALSE,"random_tau"
"9473",95,73,9999,TRUE,FALSE,"random_tau"
"9474",95,74,9999,TRUE,FALSE,"random_tau"
"9475",95,75,9999,TRUE,FALSE,"random_tau"
"9476",95,76,9999,TRUE,FALSE,"random_tau"
"9477",95,77,9999,TRUE,FALSE,"random_tau"
"9478",95,78,9999,TRUE,FALSE,"random_tau"
"9479",95,79,9999,TRUE,FALSE,"random_tau"
"9480",95,80,9999,TRUE,FALSE,"random_tau"
"9481",95,81,9999,TRUE,FALSE,"random_tau"
"9482",95,82,9999,TRUE,FALSE,"random_tau"
"9483",95,83,9999,TRUE,FALSE,"random_tau"
"9484",95,84,9999,TRUE,FALSE,"random_tau"
"9485",95,85,9999,TRUE,FALSE,"random_tau"
"9486",95,86,9999,TRUE,FALSE,"random_tau"
"9487",95,87,9999,TRUE,FALSE,"random_tau"
"9488",95,88,9999,TRUE,FALSE,"random_tau"
"9489",95,89,9999,TRUE,FALSE,"random_tau"
"9490",95,90,9999,TRUE,FALSE,"random_tau"
"9491",95,91,9999,TRUE,FALSE,"random_tau"
"9492",95,92,9999,TRUE,FALSE,"random_tau"
"9493",95,93,9999,TRUE,FALSE,"random_tau"
"9494",95,94,9999,TRUE,FALSE,"random_tau"
"9495",95,95,9999,TRUE,FALSE,"random_tau"
"9496",95,96,9999,TRUE,FALSE,"random_tau"
"9497",95,97,9999,TRUE,FALSE,"random_tau"
"9498",95,98,9999,TRUE,FALSE,"random_tau"
"9499",95,99,9999,TRUE,FALSE,"random_tau"
"9500",95,100,9999,TRUE,FALSE,"random_tau"
"9501",96,1,628,TRUE,FALSE,"random_tau"
"9502",96,2,1097,TRUE,FALSE,"random_tau"
"9503",96,3,1524,TRUE,FALSE,"random_tau"
"9504",96,4,1965,TRUE,FALSE,"random_tau"
"9505",96,5,2475,TRUE,FALSE,"random_tau"
"9506",96,6,3058,TRUE,FALSE,"random_tau"
"9507",96,7,3803,TRUE,FALSE,"random_tau"
"9508",96,8,4739,TRUE,FALSE,"random_tau"
"9509",96,9,5865,TRUE,FALSE,"random_tau"
"9510",96,10,7141,TRUE,FALSE,"random_tau"
"9511",96,11,8409,TRUE,FALSE,"random_tau"
"9512",96,12,9419,TRUE,FALSE,"random_tau"
"9513",96,13,9876,TRUE,FALSE,"random_tau"
"9514",96,14,9987,TRUE,FALSE,"random_tau"
"9515",96,15,10000,TRUE,FALSE,"random_tau"
"9516",96,16,10000,TRUE,FALSE,"random_tau"
"9517",96,17,10000,TRUE,FALSE,"random_tau"
"9518",96,18,10000,TRUE,FALSE,"random_tau"
"9519",96,19,10000,TRUE,FALSE,"random_tau"
"9520",96,20,10000,TRUE,FALSE,"random_tau"
"9521",96,21,10000,TRUE,FALSE,"random_tau"
"9522",96,22,10000,TRUE,FALSE,"random_tau"
"9523",96,23,10000,TRUE,FALSE,"random_tau"
"9524",96,24,10000,TRUE,FALSE,"random_tau"
"9525",96,25,10000,TRUE,FALSE,"random_tau"
"9526",96,26,10000,TRUE,FALSE,"random_tau"
"9527",96,27,10000,TRUE,FALSE,"random_tau"
"9528",96,28,10000,TRUE,FALSE,"random_tau"
"9529",96,29,10000,TRUE,FALSE,"random_tau"
"9530",96,30,10000,TRUE,FALSE,"random_tau"
"9531",96,31,10000,TRUE,FALSE,"random_tau"
"9532",96,32,10000,TRUE,FALSE,"random_tau"
"9533",96,33,10000,TRUE,FALSE,"random_tau"
"9534",96,34,10000,TRUE,FALSE,"random_tau"
"9535",96,35,10000,TRUE,FALSE,"random_tau"
"9536",96,36,10000,TRUE,FALSE,"random_tau"
"9537",96,37,10000,TRUE,FALSE,"random_tau"
"9538",96,38,10000,TRUE,FALSE,"random_tau"
"9539",96,39,10000,TRUE,FALSE,"random_tau"
"9540",96,40,10000,TRUE,FALSE,"random_tau"
"9541",96,41,10000,TRUE,FALSE,"random_tau"
"9542",96,42,10000,TRUE,FALSE,"random_tau"
"9543",96,43,10000,TRUE,FALSE,"random_tau"
"9544",96,44,10000,TRUE,FALSE,"random_tau"
"9545",96,45,10000,TRUE,FALSE,"random_tau"
"9546",96,46,10000,TRUE,FALSE,"random_tau"
"9547",96,47,10000,TRUE,FALSE,"random_tau"
"9548",96,48,10000,TRUE,FALSE,"random_tau"
"9549",96,49,10000,TRUE,FALSE,"random_tau"
"9550",96,50,10000,TRUE,FALSE,"random_tau"
"9551",96,51,10000,TRUE,FALSE,"random_tau"
"9552",96,52,10000,TRUE,FALSE,"random_tau"
"9553",96,53,10000,TRUE,FALSE,"random_tau"
"9554",96,54,10000,TRUE,FALSE,"random_tau"
"9555",96,55,10000,TRUE,FALSE,"random_tau"
"9556",96,56,10000,TRUE,FALSE,"random_tau"
"9557",96,57,10000,TRUE,FALSE,"random_tau"
"9558",96,58,10000,TRUE,FALSE,"random_tau"
"9559",96,59,10000,TRUE,FALSE,"random_tau"
"9560",96,60,10000,TRUE,FALSE,"random_tau"
"9561",96,61,10000,TRUE,FALSE,"random_tau"
"9562",96,62,10000,TRUE,FALSE,"random_tau"
"9563",96,63,10000,TRUE,FALSE,"random_tau"
"9564",96,64,10000,TRUE,FALSE,"random_tau"
"9565",96,65,10000,TRUE,FALSE,"random_tau"
"9566",96,66,10000,TRUE,FALSE,"random_tau"
"9567",96,67,10000,TRUE,FALSE,"random_tau"
"9568",96,68,10000,TRUE,FALSE,"random_tau"
"9569",96,69,10000,TRUE,FALSE,"random_tau"
"9570",96,70,10000,TRUE,FALSE,"random_tau"
"9571",96,71,10000,TRUE,FALSE,"random_tau"
"9572",96,72,10000,TRUE,FALSE,"random_tau"
"9573",96,73,10000,TRUE,FALSE,"random_tau"
"9574",96,74,10000,TRUE,FALSE,"random_tau"
"9575",96,75,10000,TRUE,FALSE,"random_tau"
"9576",96,76,10000,TRUE,FALSE,"random_tau"
"9577",96,77,10000,TRUE,FALSE,"random_tau"
"9578",96,78,10000,TRUE,FALSE,"random_tau"
"9579",96,79,10000,TRUE,FALSE,"random_tau"
"9580",96,80,10000,TRUE,FALSE,"random_tau"
"9581",96,81,10000,TRUE,FALSE,"random_tau"
"9582",96,82,10000,TRUE,FALSE,"random_tau"
"9583",96,83,10000,TRUE,FALSE,"random_tau"
"9584",96,84,10000,TRUE,FALSE,"random_tau"
"9585",96,85,10000,TRUE,FALSE,"random_tau"
"9586",96,86,10000,TRUE,FALSE,"random_tau"
"9587",96,87,10000,TRUE,FALSE,"random_tau"
"9588",96,88,10000,TRUE,FALSE,"random_tau"
"9589",96,89,10000,TRUE,FALSE,"random_tau"
"9590",96,90,10000,TRUE,FALSE,"random_tau"
"9591",96,91,10000,TRUE,FALSE,"random_tau"
"9592",96,92,10000,TRUE,FALSE,"random_tau"
"9593",96,93,10000,TRUE,FALSE,"random_tau"
"9594",96,94,10000,TRUE,FALSE,"random_tau"
"9595",96,95,10000,TRUE,FALSE,"random_tau"
"9596",96,96,10000,TRUE,FALSE,"random_tau"
"9597",96,97,10000,TRUE,FALSE,"random_tau"
"9598",96,98,10000,TRUE,FALSE,"random_tau"
"9599",96,99,10000,TRUE,FALSE,"random_tau"
"9600",96,100,10000,TRUE,FALSE,"random_tau"
"9601",97,1,603,TRUE,FALSE,"random_tau"
"9602",97,2,1113,TRUE,FALSE,"random_tau"
"9603",97,3,1566,TRUE,FALSE,"random_tau"
"9604",97,4,2047,TRUE,FALSE,"random_tau"
"9605",97,5,2594,TRUE,FALSE,"random_tau"
"9606",97,6,3242,TRUE,FALSE,"random_tau"
"9607",97,7,4002,TRUE,FALSE,"random_tau"
"9608",97,8,4953,TRUE,FALSE,"random_tau"
"9609",97,9,6111,TRUE,FALSE,"random_tau"
"9610",97,10,7463,TRUE,FALSE,"random_tau"
"9611",97,11,8739,TRUE,FALSE,"random_tau"
"9612",97,12,9532,TRUE,FALSE,"random_tau"
"9613",97,13,9875,TRUE,FALSE,"random_tau"
"9614",97,14,9976,TRUE,FALSE,"random_tau"
"9615",97,15,9999,TRUE,FALSE,"random_tau"
"9616",97,16,10000,TRUE,FALSE,"random_tau"
"9617",97,17,10000,TRUE,FALSE,"random_tau"
"9618",97,18,10000,TRUE,FALSE,"random_tau"
"9619",97,19,10000,TRUE,FALSE,"random_tau"
"9620",97,20,10000,TRUE,FALSE,"random_tau"
"9621",97,21,10000,TRUE,FALSE,"random_tau"
"9622",97,22,10000,TRUE,FALSE,"random_tau"
"9623",97,23,10000,TRUE,FALSE,"random_tau"
"9624",97,24,10000,TRUE,FALSE,"random_tau"
"9625",97,25,10000,TRUE,FALSE,"random_tau"
"9626",97,26,10000,TRUE,FALSE,"random_tau"
"9627",97,27,10000,TRUE,FALSE,"random_tau"
"9628",97,28,10000,TRUE,FALSE,"random_tau"
"9629",97,29,10000,TRUE,FALSE,"random_tau"
"9630",97,30,10000,TRUE,FALSE,"random_tau"
"9631",97,31,10000,TRUE,FALSE,"random_tau"
"9632",97,32,10000,TRUE,FALSE,"random_tau"
"9633",97,33,10000,TRUE,FALSE,"random_tau"
"9634",97,34,10000,TRUE,FALSE,"random_tau"
"9635",97,35,10000,TRUE,FALSE,"random_tau"
"9636",97,36,10000,TRUE,FALSE,"random_tau"
"9637",97,37,10000,TRUE,FALSE,"random_tau"
"9638",97,38,10000,TRUE,FALSE,"random_tau"
"9639",97,39,10000,TRUE,FALSE,"random_tau"
"9640",97,40,10000,TRUE,FALSE,"random_tau"
"9641",97,41,10000,TRUE,FALSE,"random_tau"
"9642",97,42,10000,TRUE,FALSE,"random_tau"
"9643",97,43,10000,TRUE,FALSE,"random_tau"
"9644",97,44,10000,TRUE,FALSE,"random_tau"
"9645",97,45,10000,TRUE,FALSE,"random_tau"
"9646",97,46,10000,TRUE,FALSE,"random_tau"
"9647",97,47,10000,TRUE,FALSE,"random_tau"
"9648",97,48,10000,TRUE,FALSE,"random_tau"
"9649",97,49,10000,TRUE,FALSE,"random_tau"
"9650",97,50,10000,TRUE,FALSE,"random_tau"
"9651",97,51,10000,TRUE,FALSE,"random_tau"
"9652",97,52,10000,TRUE,FALSE,"random_tau"
"9653",97,53,10000,TRUE,FALSE,"random_tau"
"9654",97,54,10000,TRUE,FALSE,"random_tau"
"9655",97,55,10000,TRUE,FALSE,"random_tau"
"9656",97,56,10000,TRUE,FALSE,"random_tau"
"9657",97,57,10000,TRUE,FALSE,"random_tau"
"9658",97,58,10000,TRUE,FALSE,"random_tau"
"9659",97,59,10000,TRUE,FALSE,"random_tau"
"9660",97,60,10000,TRUE,FALSE,"random_tau"
"9661",97,61,10000,TRUE,FALSE,"random_tau"
"9662",97,62,10000,TRUE,FALSE,"random_tau"
"9663",97,63,10000,TRUE,FALSE,"random_tau"
"9664",97,64,10000,TRUE,FALSE,"random_tau"
"9665",97,65,10000,TRUE,FALSE,"random_tau"
"9666",97,66,10000,TRUE,FALSE,"random_tau"
"9667",97,67,10000,TRUE,FALSE,"random_tau"
"9668",97,68,10000,TRUE,FALSE,"random_tau"
"9669",97,69,10000,TRUE,FALSE,"random_tau"
"9670",97,70,10000,TRUE,FALSE,"random_tau"
"9671",97,71,10000,TRUE,FALSE,"random_tau"
"9672",97,72,10000,TRUE,FALSE,"random_tau"
"9673",97,73,10000,TRUE,FALSE,"random_tau"
"9674",97,74,10000,TRUE,FALSE,"random_tau"
"9675",97,75,10000,TRUE,FALSE,"random_tau"
"9676",97,76,10000,TRUE,FALSE,"random_tau"
"9677",97,77,10000,TRUE,FALSE,"random_tau"
"9678",97,78,10000,TRUE,FALSE,"random_tau"
"9679",97,79,10000,TRUE,FALSE,"random_tau"
"9680",97,80,10000,TRUE,FALSE,"random_tau"
"9681",97,81,10000,TRUE,FALSE,"random_tau"
"9682",97,82,10000,TRUE,FALSE,"random_tau"
"9683",97,83,10000,TRUE,FALSE,"random_tau"
"9684",97,84,10000,TRUE,FALSE,"random_tau"
"9685",97,85,10000,TRUE,FALSE,"random_tau"
"9686",97,86,10000,TRUE,FALSE,"random_tau"
"9687",97,87,10000,TRUE,FALSE,"random_tau"
"9688",97,88,10000,TRUE,FALSE,"random_tau"
"9689",97,89,10000,TRUE,FALSE,"random_tau"
"9690",97,90,10000,TRUE,FALSE,"random_tau"
"9691",97,91,10000,TRUE,FALSE,"random_tau"
"9692",97,92,10000,TRUE,FALSE,"random_tau"
"9693",97,93,10000,TRUE,FALSE,"random_tau"
"9694",97,94,10000,TRUE,FALSE,"random_tau"
"9695",97,95,10000,TRUE,FALSE,"random_tau"
"9696",97,96,10000,TRUE,FALSE,"random_tau"
"9697",97,97,10000,TRUE,FALSE,"random_tau"
"9698",97,98,10000,TRUE,FALSE,"random_tau"
"9699",97,99,10000,TRUE,FALSE,"random_tau"
"9700",97,100,10000,TRUE,FALSE,"random_tau"
"9701",98,1,625,TRUE,FALSE,"random_tau"
"9702",98,2,1103,TRUE,FALSE,"random_tau"
"9703",98,3,1520,TRUE,FALSE,"random_tau"
"9704",98,4,1967,TRUE,FALSE,"random_tau"
"9705",98,5,2474,TRUE,FALSE,"random_tau"
"9706",98,6,3063,TRUE,FALSE,"random_tau"
"9707",98,7,3791,TRUE,FALSE,"random_tau"
"9708",98,8,4686,TRUE,FALSE,"random_tau"
"9709",98,9,5760,TRUE,FALSE,"random_tau"
"9710",98,10,6993,TRUE,FALSE,"random_tau"
"9711",98,11,8344,TRUE,FALSE,"random_tau"
"9712",98,12,9356,TRUE,FALSE,"random_tau"
"9713",98,13,9853,TRUE,FALSE,"random_tau"
"9714",98,14,9987,TRUE,FALSE,"random_tau"
"9715",98,15,9999,TRUE,FALSE,"random_tau"
"9716",98,16,9999,TRUE,FALSE,"random_tau"
"9717",98,17,9999,TRUE,FALSE,"random_tau"
"9718",98,18,9999,TRUE,FALSE,"random_tau"
"9719",98,19,9999,TRUE,FALSE,"random_tau"
"9720",98,20,9999,TRUE,FALSE,"random_tau"
"9721",98,21,9999,TRUE,FALSE,"random_tau"
"9722",98,22,9999,TRUE,FALSE,"random_tau"
"9723",98,23,9999,TRUE,FALSE,"random_tau"
"9724",98,24,9999,TRUE,FALSE,"random_tau"
"9725",98,25,9999,TRUE,FALSE,"random_tau"
"9726",98,26,9999,TRUE,FALSE,"random_tau"
"9727",98,27,9999,TRUE,FALSE,"random_tau"
"9728",98,28,9999,TRUE,FALSE,"random_tau"
"9729",98,29,9999,TRUE,FALSE,"random_tau"
"9730",98,30,9999,TRUE,FALSE,"random_tau"
"9731",98,31,9999,TRUE,FALSE,"random_tau"
"9732",98,32,9999,TRUE,FALSE,"random_tau"
"9733",98,33,9999,TRUE,FALSE,"random_tau"
"9734",98,34,9999,TRUE,FALSE,"random_tau"
"9735",98,35,9999,TRUE,FALSE,"random_tau"
"9736",98,36,9999,TRUE,FALSE,"random_tau"
"9737",98,37,9999,TRUE,FALSE,"random_tau"
"9738",98,38,9999,TRUE,FALSE,"random_tau"
"9739",98,39,9999,TRUE,FALSE,"random_tau"
"9740",98,40,9999,TRUE,FALSE,"random_tau"
"9741",98,41,9999,TRUE,FALSE,"random_tau"
"9742",98,42,9999,TRUE,FALSE,"random_tau"
"9743",98,43,9999,TRUE,FALSE,"random_tau"
"9744",98,44,9999,TRUE,FALSE,"random_tau"
"9745",98,45,9999,TRUE,FALSE,"random_tau"
"9746",98,46,9999,TRUE,FALSE,"random_tau"
"9747",98,47,9999,TRUE,FALSE,"random_tau"
"9748",98,48,9999,TRUE,FALSE,"random_tau"
"9749",98,49,9999,TRUE,FALSE,"random_tau"
"9750",98,50,9999,TRUE,FALSE,"random_tau"
"9751",98,51,9999,TRUE,FALSE,"random_tau"
"9752",98,52,9999,TRUE,FALSE,"random_tau"
"9753",98,53,9999,TRUE,FALSE,"random_tau"
"9754",98,54,9999,TRUE,FALSE,"random_tau"
"9755",98,55,9999,TRUE,FALSE,"random_tau"
"9756",98,56,9999,TRUE,FALSE,"random_tau"
"9757",98,57,9999,TRUE,FALSE,"random_tau"
"9758",98,58,9999,TRUE,FALSE,"random_tau"
"9759",98,59,9999,TRUE,FALSE,"random_tau"
"9760",98,60,9999,TRUE,FALSE,"random_tau"
"9761",98,61,9999,TRUE,FALSE,"random_tau"
"9762",98,62,9999,TRUE,FALSE,"random_tau"
"9763",98,63,9999,TRUE,FALSE,"random_tau"
"9764",98,64,9999,TRUE,FALSE,"random_tau"
"9765",98,65,9999,TRUE,FALSE,"random_tau"
"9766",98,66,9999,TRUE,FALSE,"random_tau"
"9767",98,67,9999,TRUE,FALSE,"random_tau"
"9768",98,68,9999,TRUE,FALSE,"random_tau"
"9769",98,69,9999,TRUE,FALSE,"random_tau"
"9770",98,70,9999,TRUE,FALSE,"random_tau"
"9771",98,71,9999,TRUE,FALSE,"random_tau"
"9772",98,72,9999,TRUE,FALSE,"random_tau"
"9773",98,73,9999,TRUE,FALSE,"random_tau"
"9774",98,74,9999,TRUE,FALSE,"random_tau"
"9775",98,75,9999,TRUE,FALSE,"random_tau"
"9776",98,76,9999,TRUE,FALSE,"random_tau"
"9777",98,77,9999,TRUE,FALSE,"random_tau"
"9778",98,78,9999,TRUE,FALSE,"random_tau"
"9779",98,79,9999,TRUE,FALSE,"random_tau"
"9780",98,80,9999,TRUE,FALSE,"random_tau"
"9781",98,81,9999,TRUE,FALSE,"random_tau"
"9782",98,82,9999,TRUE,FALSE,"random_tau"
"9783",98,83,9999,TRUE,FALSE,"random_tau"
"9784",98,84,9999,TRUE,FALSE,"random_tau"
"9785",98,85,9999,TRUE,FALSE,"random_tau"
"9786",98,86,9999,TRUE,FALSE,"random_tau"
"9787",98,87,9999,TRUE,FALSE,"random_tau"
"9788",98,88,9999,TRUE,FALSE,"random_tau"
"9789",98,89,9999,TRUE,FALSE,"random_tau"
"9790",98,90,9999,TRUE,FALSE,"random_tau"
"9791",98,91,9999,TRUE,FALSE,"random_tau"
"9792",98,92,9999,TRUE,FALSE,"random_tau"
"9793",98,93,9999,TRUE,FALSE,"random_tau"
"9794",98,94,9999,TRUE,FALSE,"random_tau"
"9795",98,95,9999,TRUE,FALSE,"random_tau"
"9796",98,96,9999,TRUE,FALSE,"random_tau"
"9797",98,97,9999,TRUE,FALSE,"random_tau"
"9798",98,98,9999,TRUE,FALSE,"random_tau"
"9799",98,99,9999,TRUE,FALSE,"random_tau"
"9800",98,100,9999,TRUE,FALSE,"random_tau"
"9801",99,1,601,TRUE,FALSE,"random_tau"
"9802",99,2,1106,TRUE,FALSE,"random_tau"
"9803",99,3,1509,TRUE,FALSE,"random_tau"
"9804",99,4,1960,TRUE,FALSE,"random_tau"
"9805",99,5,2441,TRUE,FALSE,"random_tau"
"9806",99,6,3002,TRUE,FALSE,"random_tau"
"9807",99,7,3680,TRUE,FALSE,"random_tau"
"9808",99,8,4537,TRUE,FALSE,"random_tau"
"9809",99,9,5601,TRUE,FALSE,"random_tau"
"9810",99,10,6867,TRUE,FALSE,"random_tau"
"9811",99,11,8173,TRUE,FALSE,"random_tau"
"9812",99,12,9218,TRUE,FALSE,"random_tau"
"9813",99,13,9775,TRUE,FALSE,"random_tau"
"9814",99,14,9965,TRUE,FALSE,"random_tau"
"9815",99,15,9998,TRUE,FALSE,"random_tau"
"9816",99,16,9999,TRUE,FALSE,"random_tau"
"9817",99,17,9999,TRUE,FALSE,"random_tau"
"9818",99,18,9999,TRUE,FALSE,"random_tau"
"9819",99,19,9999,TRUE,FALSE,"random_tau"
"9820",99,20,9999,TRUE,FALSE,"random_tau"
"9821",99,21,9999,TRUE,FALSE,"random_tau"
"9822",99,22,9999,TRUE,FALSE,"random_tau"
"9823",99,23,9999,TRUE,FALSE,"random_tau"
"9824",99,24,9999,TRUE,FALSE,"random_tau"
"9825",99,25,9999,TRUE,FALSE,"random_tau"
"9826",99,26,9999,TRUE,FALSE,"random_tau"
"9827",99,27,9999,TRUE,FALSE,"random_tau"
"9828",99,28,9999,TRUE,FALSE,"random_tau"
"9829",99,29,9999,TRUE,FALSE,"random_tau"
"9830",99,30,9999,TRUE,FALSE,"random_tau"
"9831",99,31,9999,TRUE,FALSE,"random_tau"
"9832",99,32,9999,TRUE,FALSE,"random_tau"
"9833",99,33,9999,TRUE,FALSE,"random_tau"
"9834",99,34,9999,TRUE,FALSE,"random_tau"
"9835",99,35,9999,TRUE,FALSE,"random_tau"
"9836",99,36,9999,TRUE,FALSE,"random_tau"
"9837",99,37,9999,TRUE,FALSE,"random_tau"
"9838",99,38,9999,TRUE,FALSE,"random_tau"
"9839",99,39,9999,TRUE,FALSE,"random_tau"
"9840",99,40,9999,TRUE,FALSE,"random_tau"
"9841",99,41,9999,TRUE,FALSE,"random_tau"
"9842",99,42,9999,TRUE,FALSE,"random_tau"
"9843",99,43,9999,TRUE,FALSE,"random_tau"
"9844",99,44,9999,TRUE,FALSE,"random_tau"
"9845",99,45,9999,TRUE,FALSE,"random_tau"
"9846",99,46,9999,TRUE,FALSE,"random_tau"
"9847",99,47,9999,TRUE,FALSE,"random_tau"
"9848",99,48,9999,TRUE,FALSE,"random_tau"
"9849",99,49,9999,TRUE,FALSE,"random_tau"
"9850",99,50,9999,TRUE,FALSE,"random_tau"
"9851",99,51,9999,TRUE,FALSE,"random_tau"
"9852",99,52,9999,TRUE,FALSE,"random_tau"
"9853",99,53,9999,TRUE,FALSE,"random_tau"
"9854",99,54,9999,TRUE,FALSE,"random_tau"
"9855",99,55,9999,TRUE,FALSE,"random_tau"
"9856",99,56,9999,TRUE,FALSE,"random_tau"
"9857",99,57,9999,TRUE,FALSE,"random_tau"
"9858",99,58,9999,TRUE,FALSE,"random_tau"
"9859",99,59,9999,TRUE,FALSE,"random_tau"
"9860",99,60,9999,TRUE,FALSE,"random_tau"
"9861",99,61,9999,TRUE,FALSE,"random_tau"
"9862",99,62,9999,TRUE,FALSE,"random_tau"
"9863",99,63,9999,TRUE,FALSE,"random_tau"
"9864",99,64,9999,TRUE,FALSE,"random_tau"
"9865",99,65,9999,TRUE,FALSE,"random_tau"
"9866",99,66,9999,TRUE,FALSE,"random_tau"
"9867",99,67,9999,TRUE,FALSE,"random_tau"
"9868",99,68,9999,TRUE,FALSE,"random_tau"
"9869",99,69,9999,TRUE,FALSE,"random_tau"
"9870",99,70,9999,TRUE,FALSE,"random_tau"
"9871",99,71,9999,TRUE,FALSE,"random_tau"
"9872",99,72,9999,TRUE,FALSE,"random_tau"
"9873",99,73,9999,TRUE,FALSE,"random_tau"
"9874",99,74,9999,TRUE,FALSE,"random_tau"
"9875",99,75,9999,TRUE,FALSE,"random_tau"
"9876",99,76,9999,TRUE,FALSE,"random_tau"
"9877",99,77,9999,TRUE,FALSE,"random_tau"
"9878",99,78,9999,TRUE,FALSE,"random_tau"
"9879",99,79,9999,TRUE,FALSE,"random_tau"
"9880",99,80,9999,TRUE,FALSE,"random_tau"
"9881",99,81,9999,TRUE,FALSE,"random_tau"
"9882",99,82,9999,TRUE,FALSE,"random_tau"
"9883",99,83,9999,TRUE,FALSE,"random_tau"
"9884",99,84,9999,TRUE,FALSE,"random_tau"
"9885",99,85,9999,TRUE,FALSE,"random_tau"
"9886",99,86,9999,TRUE,FALSE,"random_tau"
"9887",99,87,9999,TRUE,FALSE,"random_tau"
"9888",99,88,9999,TRUE,FALSE,"random_tau"
"9889",99,89,9999,TRUE,FALSE,"random_tau"
"9890",99,90,9999,TRUE,FALSE,"random_tau"
"9891",99,91,9999,TRUE,FALSE,"random_tau"
"9892",99,92,9999,TRUE,FALSE,"random_tau"
"9893",99,93,9999,TRUE,FALSE,"random_tau"
"9894",99,94,9999,TRUE,FALSE,"random_tau"
"9895",99,95,9999,TRUE,FALSE,"random_tau"
"9896",99,96,9999,TRUE,FALSE,"random_tau"
"9897",99,97,9999,TRUE,FALSE,"random_tau"
"9898",99,98,9999,TRUE,FALSE,"random_tau"
"9899",99,99,9999,TRUE,FALSE,"random_tau"
"9900",99,100,9999,TRUE,FALSE,"random_tau"
"9901",100,1,616,TRUE,FALSE,"random_tau"
"9902",100,2,1152,TRUE,FALSE,"random_tau"
"9903",100,3,1606,TRUE,FALSE,"random_tau"
"9904",100,4,2134,TRUE,FALSE,"random_tau"
"9905",100,5,2691,TRUE,FALSE,"random_tau"
"9906",100,6,3362,TRUE,FALSE,"random_tau"
"9907",100,7,4193,TRUE,FALSE,"random_tau"
"9908",100,8,5263,TRUE,FALSE,"random_tau"
"9909",100,9,6524,TRUE,FALSE,"random_tau"
"9910",100,10,7859,TRUE,FALSE,"random_tau"
"9911",100,11,9031,TRUE,FALSE,"random_tau"
"9912",100,12,9713,TRUE,FALSE,"random_tau"
"9913",100,13,9958,TRUE,FALSE,"random_tau"
"9914",100,14,9998,TRUE,FALSE,"random_tau"
"9915",100,15,10000,TRUE,FALSE,"random_tau"
"9916",100,16,10000,TRUE,FALSE,"random_tau"
"9917",100,17,10000,TRUE,FALSE,"random_tau"
"9918",100,18,10000,TRUE,FALSE,"random_tau"
"9919",100,19,10000,TRUE,FALSE,"random_tau"
"9920",100,20,10000,TRUE,FALSE,"random_tau"
"9921",100,21,10000,TRUE,FALSE,"random_tau"
"9922",100,22,10000,TRUE,FALSE,"random_tau"
"9923",100,23,10000,TRUE,FALSE,"random_tau"
"9924",100,24,10000,TRUE,FALSE,"random_tau"
"9925",100,25,10000,TRUE,FALSE,"random_tau"
"9926",100,26,10000,TRUE,FALSE,"random_tau"
"9927",100,27,10000,TRUE,FALSE,"random_tau"
"9928",100,28,10000,TRUE,FALSE,"random_tau"
"9929",100,29,10000,TRUE,FALSE,"random_tau"
"9930",100,30,10000,TRUE,FALSE,"random_tau"
"9931",100,31,10000,TRUE,FALSE,"random_tau"
"9932",100,32,10000,TRUE,FALSE,"random_tau"
"9933",100,33,10000,TRUE,FALSE,"random_tau"
"9934",100,34,10000,TRUE,FALSE,"random_tau"
"9935",100,35,10000,TRUE,FALSE,"random_tau"
"9936",100,36,10000,TRUE,FALSE,"random_tau"
"9937",100,37,10000,TRUE,FALSE,"random_tau"
"9938",100,38,10000,TRUE,FALSE,"random_tau"
"9939",100,39,10000,TRUE,FALSE,"random_tau"
"9940",100,40,10000,TRUE,FALSE,"random_tau"
"9941",100,41,10000,TRUE,FALSE,"random_tau"
"9942",100,42,10000,TRUE,FALSE,"random_tau"
"9943",100,43,10000,TRUE,FALSE,"random_tau"
"9944",100,44,10000,TRUE,FALSE,"random_tau"
"9945",100,45,10000,TRUE,FALSE,"random_tau"
"9946",100,46,10000,TRUE,FALSE,"random_tau"
"9947",100,47,10000,TRUE,FALSE,"random_tau"
"9948",100,48,10000,TRUE,FALSE,"random_tau"
"9949",100,49,10000,TRUE,FALSE,"random_tau"
"9950",100,50,10000,TRUE,FALSE,"random_tau"
"9951",100,51,10000,TRUE,FALSE,"random_tau"
"9952",100,52,10000,TRUE,FALSE,"random_tau"
"9953",100,53,10000,TRUE,FALSE,"random_tau"
"9954",100,54,10000,TRUE,FALSE,"random_tau"
"9955",100,55,10000,TRUE,FALSE,"random_tau"
"9956",100,56,10000,TRUE,FALSE,"random_tau"
"9957",100,57,10000,TRUE,FALSE,"random_tau"
"9958",100,58,10000,TRUE,FALSE,"random_tau"
"9959",100,59,10000,TRUE,FALSE,"random_tau"
"9960",100,60,10000,TRUE,FALSE,"random_tau"
"9961",100,61,10000,TRUE,FALSE,"random_tau"
"9962",100,62,10000,TRUE,FALSE,"random_tau"
"9963",100,63,10000,TRUE,FALSE,"random_tau"
"9964",100,64,10000,TRUE,FALSE,"random_tau"
"9965",100,65,10000,TRUE,FALSE,"random_tau"
"9966",100,66,10000,TRUE,FALSE,"random_tau"
"9967",100,67,10000,TRUE,FALSE,"random_tau"
"9968",100,68,10000,TRUE,FALSE,"random_tau"
"9969",100,69,10000,TRUE,FALSE,"random_tau"
"9970",100,70,10000,TRUE,FALSE,"random_tau"
"9971",100,71,10000,TRUE,FALSE,"random_tau"
"9972",100,72,10000,TRUE,FALSE,"random_tau"
"9973",100,73,10000,TRUE,FALSE,"random_tau"
"9974",100,74,10000,TRUE,FALSE,"random_tau"
"9975",100,75,10000,TRUE,FALSE,"random_tau"
"9976",100,76,10000,TRUE,FALSE,"random_tau"
"9977",100,77,10000,TRUE,FALSE,"random_tau"
"9978",100,78,10000,TRUE,FALSE,"random_tau"
"9979",100,79,10000,TRUE,FALSE,"random_tau"
"9980",100,80,10000,TRUE,FALSE,"random_tau"
"9981",100,81,10000,TRUE,FALSE,"random_tau"
"9982",100,82,10000,TRUE,FALSE,"random_tau"
"9983",100,83,10000,TRUE,FALSE,"random_tau"
"9984",100,84,10000,TRUE,FALSE,"random_tau"
"9985",100,85,10000,TRUE,FALSE,"random_tau"
"9986",100,86,10000,TRUE,FALSE,"random_tau"
"9987",100,87,10000,TRUE,FALSE,"random_tau"
"9988",100,88,10000,TRUE,FALSE,"random_tau"
"9989",100,89,10000,TRUE,FALSE,"random_tau"
"9990",100,90,10000,TRUE,FALSE,"random_tau"
"9991",100,91,10000,TRUE,FALSE,"random_tau"
"9992",100,92,10000,TRUE,FALSE,"random_tau"
"9993",100,93,10000,TRUE,FALSE,"random_tau"
"9994",100,94,10000,TRUE,FALSE,"random_tau"
"9995",100,95,10000,TRUE,FALSE,"random_tau"
"9996",100,96,10000,TRUE,FALSE,"random_tau"
"9997",100,97,10000,TRUE,FALSE,"random_tau"
"9998",100,98,10000,TRUE,FALSE,"random_tau"
"9999",100,99,10000,TRUE,FALSE,"random_tau"
"10000",100,100,10000,TRUE,FALSE,"random_tau"
